SEED ,  SIZE ,  ALG ,  TYPE ,  CALLS ,  CMP ,     MOVE ,    TIME              ,
27 ,    5 ,     b ,    0 ,     1 ,     17 ,    21 ,    10         ,
27 ,    45 ,     b ,    0 ,     1 ,     1466 ,    1428 ,    173         ,
27 ,    85 ,     b ,    0 ,     1 ,     5399 ,    5487 ,    618         ,
27 ,    125 ,     b ,    0 ,     1 ,     11578 ,    11484 ,    1295         ,
27 ,    165 ,     b ,    0 ,     1 ,     20304 ,    20322 ,    2279         ,
27 ,    205 ,     b ,    0 ,     1 ,     31415 ,    31515 ,    3515         ,
27 ,    245 ,     b ,    0 ,     1 ,     45193 ,    45909 ,    5071         ,
27 ,    285 ,     b ,    0 ,     1 ,     60439 ,    59907 ,    6812         ,
27 ,    325 ,     b ,    0 ,     1 ,     79773 ,    81369 ,    9081         ,
27 ,    365 ,     b ,    0 ,     1 ,     100972 ,    103626 ,    11582         ,
27 ,    405 ,     b ,    0 ,     1 ,     124889 ,    129237 ,    14409         ,
27 ,    445 ,     b ,    0 ,     1 ,     150458 ,    155004 ,    17457         ,
27 ,    485 ,     b ,    0 ,     1 ,     179454 ,    186252 ,    20784         ,
27 ,    525 ,     b ,    0 ,     1 ,     208614 ,    213192 ,    23921         ,
27 ,    565 ,     b ,    0 ,     1 ,     239368 ,    240114 ,    27295         ,
27 ,    605 ,     b ,    0 ,     1 ,     275777 ,    279201 ,    34199         ,
27 ,    645 ,     b ,    0 ,     1 ,     312920 ,    315690 ,    36102         ,
27 ,    685 ,     b ,    0 ,     1 ,     352595 ,    354975 ,    40610         ,
27 ,    725 ,     b ,    0 ,     1 ,     394994 ,    397632 ,    47327         ,
27 ,    765 ,     b ,    0 ,     1 ,     439283 ,    441159 ,    52437         ,
27 ,    805 ,     b ,    0 ,     1 ,     487822 ,    492636 ,    58318         ,
27 ,    845 ,     b ,    0 ,     1 ,     539401 ,    548433 ,    64958         ,
27 ,    885 ,     b ,    0 ,     1 ,     591320 ,    600450 ,    68933         ,
27 ,    925 ,     b ,    0 ,     1 ,     643611 ,    648783 ,    76669         ,
27 ,    965 ,     b ,    0 ,     1 ,     704212 ,    717246 ,    84364         ,
27 ,    1005 ,     b ,    0 ,     1 ,     764138 ,    778884 ,    89847         ,
27 ,    1045 ,     b ,    0 ,     1 ,     824266 ,    836328 ,    99999         ,
27 ,    1085 ,     b ,    0 ,     1 ,     883549 ,    886437 ,    107556         ,
27 ,    1125 ,     b ,    0 ,     1 ,     948661 ,    949233 ,    112899         ,
27 ,    1165 ,     b ,    0 ,     1 ,     1015811 ,    1013343 ,    120002         ,
27 ,    1205 ,     b ,    0 ,     1 ,     1087417 ,    1086021 ,    129057         ,
27 ,    1245 ,     b ,    0 ,     1 ,     1162931 ,    1165623 ,    137915         ,
27 ,    1285 ,     b ,    0 ,     1 ,     1238384 ,    1240242 ,    147326         ,
27 ,    1325 ,     b ,    0 ,     1 ,     1318552 ,    1324206 ,    154946         ,
27 ,    1365 ,     b ,    0 ,     1 ,     1402017 ,    1413261 ,    165558         ,
27 ,    1405 ,     b ,    0 ,     1 ,     1481319 ,    1485027 ,    175856         ,
27 ,    1445 ,     b ,    0 ,     1 ,     1562991 ,    1559103 ,    186977         ,
27 ,    1485 ,     b ,    0 ,     1 ,     1651660 ,    1649370 ,    197407         ,
27 ,    1525 ,     b ,    0 ,     1 ,     1740505 ,    1735365 ,    207668         ,
27 ,    1565 ,     b ,    0 ,     1 ,     1838435 ,    1843815 ,    220288         ,
27 ,    1605 ,     b ,    0 ,     1 ,     1933407 ,    1938591 ,    231130         ,
27 ,    1645 ,     b ,    0 ,     1 ,     2034661 ,    2047413 ,    240743         ,
27 ,    1685 ,     b ,    0 ,     1 ,     2133512 ,    2144226 ,    252749         ,
27 ,    1725 ,     b ,    0 ,     1 ,     2234206 ,    2241768 ,    271152         ,
27 ,    1765 ,     b ,    0 ,     1 ,     2337771 ,    2343123 ,    280469         ,
27 ,    1805 ,     b ,    0 ,     1 ,     2444285 ,    2448525 ,    289855         ,
27 ,    1845 ,     b ,    0 ,     1 ,     2555727 ,    2563911 ,    306611         ,
27 ,    1885 ,     b ,    0 ,     1 ,     2671623 ,    2687859 ,    321486         ,
27 ,    1925 ,     b ,    0 ,     1 ,     2785642 ,    2801376 ,    330945         ,
27 ,    1965 ,     b ,    0 ,     1 ,     2900477 ,    2912541 ,    349023         ,
27 ,    2005 ,     b ,    0 ,     1 ,     3021449 ,    3037317 ,    364431         ,
27 ,    2045 ,     b ,    0 ,     1 ,     3147402 ,    3172236 ,    386469         ,
27 ,    2085 ,     b ,    0 ,     1 ,     3266315 ,    3281235 ,    397670         ,
27 ,    2125 ,     b ,    0 ,     1 ,     3387621 ,    3392613 ,    410214         ,
27 ,    2165 ,     b ,    0 ,     1 ,     3513005 ,    3511425 ,    419533         ,
27 ,    2205 ,     b ,    0 ,     1 ,     3642592 ,    3638046 ,    434576         ,
27 ,    2245 ,     b ,    0 ,     1 ,     3769109 ,    3750657 ,    458598         ,
27 ,    2285 ,     b ,    0 ,     1 ,     3900013 ,    3871629 ,    473461         ,
27 ,    2325 ,     b ,    0 ,     1 ,     4037760 ,    4008330 ,    488982         ,
27 ,    2365 ,     b ,    0 ,     1 ,     4177381 ,    4145853 ,    506160         ,
27 ,    2405 ,     b ,    0 ,     1 ,     4323062 ,    4296756 ,    526987         ,
27 ,    2445 ,     b ,    0 ,     1 ,     4468256 ,    4441398 ,    543162         ,
27 ,    2485 ,     b ,    0 ,     1 ,     4619684 ,    4599942 ,    552268         ,
27 ,    2525 ,     b ,    0 ,     1 ,     4773649 ,    4761297 ,    577125         ,
27 ,    2565 ,     b ,    0 ,     1 ,     4926942 ,    4915836 ,    591576         ,
27 ,    2605 ,     b ,    0 ,     1 ,     5082545 ,    5072505 ,    608378         ,
27 ,    2645 ,     b ,    0 ,     1 ,     5242029 ,    5236017 ,    628728         ,
27 ,    2685 ,     b ,    0 ,     1 ,     5399730 ,    5389380 ,    657661         ,
27 ,    2725 ,     b ,    0 ,     1 ,     5561070 ,    5548860 ,    670607         ,
27 ,    2765 ,     b ,    0 ,     1 ,     5720093 ,    5696589 ,    697018         ,
27 ,    2805 ,     b ,    0 ,     1 ,     5881559 ,    5846847 ,    710307         ,
27 ,    2845 ,     b ,    0 ,     1 ,     6052806 ,    6021648 ,    730879         ,
27 ,    2885 ,     b ,    0 ,     1 ,     6221749 ,    6184737 ,    758313         ,
27 ,    2925 ,     b ,    0 ,     1 ,     6397852 ,    6364506 ,    779380         ,
27 ,    2965 ,     b ,    0 ,     1 ,     6582563 ,    6565299 ,    809619         ,
27 ,    3005 ,     b ,    0 ,     1 ,     6763596 ,    6750258 ,    826281         ,
27 ,    3045 ,     b ,    0 ,     1 ,     6933168 ,    6896034 ,    837187         ,
27 ,    3085 ,     b ,    0 ,     1 ,     7108441 ,    7054113 ,    867960         ,
27 ,    3125 ,     b ,    0 ,     1 ,     7288781 ,    7222593 ,    873670         ,
27 ,    3165 ,     b ,    0 ,     1 ,     7478637 ,    7414821 ,    895511         ,
27 ,    3205 ,     b ,    0 ,     1 ,     7673019 ,    7615827 ,    921847         ,
27 ,    3245 ,     b ,    0 ,     1 ,     7864283 ,    7802679 ,    952803         ,
27 ,    3285 ,     b ,    0 ,     1 ,     8060337 ,    7999101 ,    971513         ,
27 ,    3325 ,     b ,    0 ,     1 ,     8245442 ,    8157876 ,    995072         ,
27 ,    3365 ,     b ,    0 ,     1 ,     8440136 ,    8340618 ,    1023925         ,
27 ,    3405 ,     b ,    0 ,     1 ,     8638581 ,    8529813 ,    1038367         ,
27 ,    3445 ,     b ,    0 ,     1 ,     8841790 ,    8728500 ,    1073404         ,
27 ,    3485 ,     b ,    0 ,     1 ,     9049159 ,    8934867 ,    1097172         ,
27 ,    3525 ,     b ,    0 ,     1 ,     9255610 ,    9133680 ,    1123059         ,
27 ,    3565 ,     b ,    0 ,     1 ,     9462126 ,    9327888 ,    1133391         ,
27 ,    3605 ,     b ,    0 ,     1 ,     9686298 ,    9570264 ,    1164934         ,
27 ,    3645 ,     b ,    0 ,     1 ,     9911919 ,    9812187 ,    1198321         ,
27 ,    3685 ,     b ,    0 ,     1 ,     10134349 ,    10039737 ,    1243907         ,
27 ,    3725 ,     b ,    0 ,     1 ,     10355037 ,    10257261 ,    1264823         ,
27 ,    3765 ,     b ,    0 ,     1 ,     10576949 ,    10473657 ,    1298729         ,
27 ,    3805 ,     b ,    0 ,     1 ,     10797691 ,    10681743 ,    1304966         ,
27 ,    3845 ,     b ,    0 ,     1 ,     11013675 ,    10870755 ,    1324528         ,
27 ,    3885 ,     b ,    0 ,     1 ,     11236849 ,    11076537 ,    1351304         ,
27 ,    3925 ,     b ,    0 ,     1 ,     11470612 ,    11309286 ,    1390023         ,
27 ,    3965 ,     b ,    0 ,     1 ,     11717398 ,    11576304 ,    1410385         ,
27 ,    4005 ,     b ,    0 ,     1 ,     11944611 ,    11779803 ,    1440784         ,
27 ,    4045 ,     b ,    0 ,     1 ,     12193492 ,    12043506 ,    1500901         ,
27 ,    4085 ,     b ,    0 ,     1 ,     12440443 ,    12296619 ,    1505771         ,
27 ,    4125 ,     b ,    0 ,     1 ,     12698171 ,    12577263 ,    1531827         ,
27 ,    4165 ,     b ,    0 ,     1 ,     12974435 ,    12908715 ,    1588911         ,
27 ,    4205 ,     b ,    0 ,     1 ,     13225281 ,    13159113 ,    1598718         ,
27 ,    4245 ,     b ,    0 ,     1 ,     13467004 ,    13377342 ,    1629141         ,
27 ,    4285 ,     b ,    0 ,     1 ,     13736205 ,    13673205 ,    1691642         ,
27 ,    4325 ,     b ,    0 ,     1 ,     13988622 ,    13913916 ,    1696660         ,
27 ,    4365 ,     b ,    0 ,     1 ,     14261846 ,    14212248 ,    1725332         ,
27 ,    4405 ,     b ,    0 ,     1 ,     14526713 ,    14480709 ,    1863845         ,
27 ,    4445 ,     b ,    0 ,     1 ,     14796048 ,    14757774 ,    1816896         ,
27 ,    4485 ,     b ,    0 ,     1 ,     15051698 ,    14988984 ,    1832049         ,
27 ,    4525 ,     b ,    0 ,     1 ,     15327876 ,    15276978 ,    1901006         ,
27 ,    4565 ,     b ,    0 ,     1 ,     15597108 ,    15539334 ,    1892187         ,
27 ,    4605 ,     b ,    0 ,     1 ,     15878925 ,    15834645 ,    1943414         ,
27 ,    4645 ,     b ,    0 ,     1 ,     16155955 ,    16110795 ,    1971653         ,
27 ,    4685 ,     b ,    0 ,     1 ,     16426229 ,    16361877 ,    1998947         ,
27 ,    4725 ,     b ,    0 ,     1 ,     16714202 ,    16661256 ,    2042433         ,
27 ,    4765 ,     b ,    0 ,     1 ,     17000183 ,    16949859 ,    2062356         ,
27 ,    4805 ,     b ,    0 ,     1 ,     17293684 ,    17256222 ,    2099446         ,
27 ,    4845 ,     b ,    0 ,     1 ,     17573599 ,    17517027 ,    2160094         ,
27 ,    4885 ,     b ,    0 ,     1 ,     17871573 ,    17827209 ,    2172074         ,
27 ,    4925 ,     b ,    0 ,     1 ,     18174284 ,    18146802 ,    2241470         ,
27 ,    4965 ,     b ,    0 ,     1 ,     18462978 ,    18419544 ,    2249070         ,
27 ,    5 ,     b ,    1 ,     1 ,     10 ,    0 ,    3         ,
27 ,    45 ,     b ,    1 ,     1 ,     990 ,    0 ,    38         ,
27 ,    85 ,     b ,    1 ,     1 ,     3570 ,    0 ,    126         ,
27 ,    125 ,     b ,    1 ,     1 ,     7750 ,    0 ,    268         ,
27 ,    165 ,     b ,    1 ,     1 ,     13530 ,    0 ,    462         ,
27 ,    205 ,     b ,    1 ,     1 ,     20910 ,    0 ,    708         ,
27 ,    245 ,     b ,    1 ,     1 ,     29890 ,    0 ,    1011         ,
27 ,    285 ,     b ,    1 ,     1 ,     40470 ,    0 ,    1365         ,
27 ,    325 ,     b ,    1 ,     1 ,     52650 ,    0 ,    1773         ,
27 ,    365 ,     b ,    1 ,     1 ,     66430 ,    0 ,    2233         ,
27 ,    405 ,     b ,    1 ,     1 ,     81810 ,    0 ,    2851         ,
27 ,    445 ,     b ,    1 ,     1 ,     98790 ,    0 ,    3318         ,
27 ,    485 ,     b ,    1 ,     1 ,     117370 ,    0 ,    4036         ,
27 ,    525 ,     b ,    1 ,     1 ,     137550 ,    0 ,    6427         ,
27 ,    565 ,     b ,    1 ,     1 ,     159330 ,    0 ,    5448         ,
27 ,    605 ,     b ,    1 ,     1 ,     182710 ,    0 ,    6228         ,
27 ,    645 ,     b ,    1 ,     1 ,     207690 ,    0 ,    7182         ,
27 ,    685 ,     b ,    1 ,     1 ,     234270 ,    0 ,    7857         ,
27 ,    725 ,     b ,    1 ,     1 ,     262450 ,    0 ,    10557         ,
27 ,    765 ,     b ,    1 ,     1 ,     292230 ,    0 ,    9892         ,
27 ,    805 ,     b ,    1 ,     1 ,     323610 ,    0 ,    10949         ,
27 ,    845 ,     b ,    1 ,     1 ,     356590 ,    0 ,    14019         ,
27 ,    885 ,     b ,    1 ,     1 ,     391170 ,    0 ,    13216         ,
27 ,    925 ,     b ,    1 ,     1 ,     427350 ,    0 ,    14426         ,
27 ,    965 ,     b ,    1 ,     1 ,     465130 ,    0 ,    15868         ,
27 ,    1005 ,     b ,    1 ,     1 ,     504510 ,    0 ,    17317         ,
27 ,    1045 ,     b ,    1 ,     1 ,     545490 ,    0 ,    18571         ,
27 ,    1085 ,     b ,    1 ,     1 ,     588070 ,    0 ,    20333         ,
27 ,    1125 ,     b ,    1 ,     1 ,     632250 ,    0 ,    21382         ,
27 ,    1165 ,     b ,    1 ,     1 ,     678030 ,    0 ,    23081         ,
27 ,    1205 ,     b ,    1 ,     1 ,     725410 ,    0 ,    24694         ,
27 ,    1245 ,     b ,    1 ,     1 ,     774390 ,    0 ,    28146         ,
27 ,    1285 ,     b ,    1 ,     1 ,     824970 ,    0 ,    28053         ,
27 ,    1325 ,     b ,    1 ,     1 ,     877150 ,    0 ,    30119         ,
27 ,    1365 ,     b ,    1 ,     1 ,     930930 ,    0 ,    32249         ,
27 ,    1405 ,     b ,    1 ,     1 ,     986310 ,    0 ,    33453         ,
27 ,    1445 ,     b ,    1 ,     1 ,     1043290 ,    0 ,    35664         ,
27 ,    1485 ,     b ,    1 ,     1 ,     1101870 ,    0 ,    39323         ,
27 ,    1525 ,     b ,    1 ,     1 ,     1162050 ,    0 ,    39547         ,
27 ,    1565 ,     b ,    1 ,     1 ,     1223830 ,    0 ,    43721         ,
27 ,    1605 ,     b ,    1 ,     1 ,     1287210 ,    0 ,    44161         ,
27 ,    1645 ,     b ,    1 ,     1 ,     1352190 ,    0 ,    46132         ,
27 ,    1685 ,     b ,    1 ,     1 ,     1418770 ,    0 ,    48592         ,
27 ,    1725 ,     b ,    1 ,     1 ,     1486950 ,    0 ,    52756         ,
27 ,    1765 ,     b ,    1 ,     1 ,     1556730 ,    0 ,    53309         ,
27 ,    1805 ,     b ,    1 ,     1 ,     1628110 ,    0 ,    60308         ,
27 ,    1845 ,     b ,    1 ,     1 ,     1701090 ,    0 ,    57845         ,
27 ,    1885 ,     b ,    1 ,     1 ,     1775670 ,    0 ,    62583         ,
27 ,    1925 ,     b ,    1 ,     1 ,     1851850 ,    0 ,    65512         ,
27 ,    1965 ,     b ,    1 ,     1 ,     1929630 ,    0 ,    66383         ,
27 ,    2005 ,     b ,    1 ,     1 ,     2009010 ,    0 ,    70699         ,
27 ,    2045 ,     b ,    1 ,     1 ,     2089990 ,    0 ,    73617         ,
27 ,    2085 ,     b ,    1 ,     1 ,     2172570 ,    0 ,    75247         ,
27 ,    2125 ,     b ,    1 ,     1 ,     2256750 ,    0 ,    78016         ,
27 ,    2165 ,     b ,    1 ,     1 ,     2342530 ,    0 ,    81951         ,
27 ,    2205 ,     b ,    1 ,     1 ,     2429910 ,    0 ,    84737         ,
27 ,    2245 ,     b ,    1 ,     1 ,     2518890 ,    0 ,    87869         ,
27 ,    2285 ,     b ,    1 ,     1 ,     2609470 ,    0 ,    89139         ,
27 ,    2325 ,     b ,    1 ,     1 ,     2701650 ,    0 ,    93088         ,
27 ,    2365 ,     b ,    1 ,     1 ,     2795430 ,    0 ,    95964         ,
27 ,    2405 ,     b ,    1 ,     1 ,     2890810 ,    0 ,    99591         ,
27 ,    2445 ,     b ,    1 ,     1 ,     2987790 ,    0 ,    105008         ,
27 ,    2485 ,     b ,    1 ,     1 ,     3086370 ,    0 ,    109065         ,
27 ,    2525 ,     b ,    1 ,     1 ,     3186550 ,    0 ,    111470         ,
27 ,    2565 ,     b ,    1 ,     1 ,     3288330 ,    0 ,    113234         ,
27 ,    2605 ,     b ,    1 ,     1 ,     3391710 ,    0 ,    118101         ,
27 ,    2645 ,     b ,    1 ,     1 ,     3496690 ,    0 ,    121199         ,
27 ,    2685 ,     b ,    1 ,     1 ,     3603270 ,    0 ,    125453         ,
27 ,    2725 ,     b ,    1 ,     1 ,     3711450 ,    0 ,    129679         ,
27 ,    2765 ,     b ,    1 ,     1 ,     3821230 ,    0 ,    133450         ,
27 ,    2805 ,     b ,    1 ,     1 ,     3932610 ,    0 ,    137277         ,
27 ,    2845 ,     b ,    1 ,     1 ,     4045590 ,    0 ,    141388         ,
27 ,    2885 ,     b ,    1 ,     1 ,     4160170 ,    0 ,    143267         ,
27 ,    2925 ,     b ,    1 ,     1 ,     4276350 ,    0 ,    149175         ,
27 ,    2965 ,     b ,    1 ,     1 ,     4394130 ,    0 ,    153579         ,
27 ,    3005 ,     b ,    1 ,     1 ,     4513510 ,    0 ,    157783         ,
27 ,    3045 ,     b ,    1 ,     1 ,     4634490 ,    0 ,    162211         ,
27 ,    3085 ,     b ,    1 ,     1 ,     4757070 ,    0 ,    169142         ,
27 ,    3125 ,     b ,    1 ,     1 ,     4881250 ,    0 ,    173818         ,
27 ,    3165 ,     b ,    1 ,     1 ,     5007030 ,    0 ,    175023         ,
27 ,    3205 ,     b ,    1 ,     1 ,     5134410 ,    0 ,    182695         ,
27 ,    3245 ,     b ,    1 ,     1 ,     5263390 ,    0 ,    189234         ,
27 ,    3285 ,     b ,    1 ,     1 ,     5393970 ,    0 ,    191516         ,
27 ,    3325 ,     b ,    1 ,     1 ,     5526150 ,    0 ,    196470         ,
27 ,    3365 ,     b ,    1 ,     1 ,     5659930 ,    0 ,    199947         ,
27 ,    3405 ,     b ,    1 ,     1 ,     5795310 ,    0 ,    204273         ,
27 ,    3445 ,     b ,    1 ,     1 ,     5932290 ,    0 ,    212482         ,
27 ,    3485 ,     b ,    1 ,     1 ,     6070870 ,    0 ,    218797         ,
27 ,    3525 ,     b ,    1 ,     1 ,     6211050 ,    0 ,    221485         ,
27 ,    3565 ,     b ,    1 ,     1 ,     6352830 ,    0 ,    224521         ,
27 ,    3605 ,     b ,    1 ,     1 ,     6496210 ,    0 ,    227004         ,
27 ,    3645 ,     b ,    1 ,     1 ,     6641190 ,    0 ,    238886         ,
27 ,    3685 ,     b ,    1 ,     1 ,     6787770 ,    0 ,    241389         ,
27 ,    3725 ,     b ,    1 ,     1 ,     6935950 ,    0 ,    245689         ,
27 ,    3765 ,     b ,    1 ,     1 ,     7085730 ,    0 ,    251108         ,
27 ,    3805 ,     b ,    1 ,     1 ,     7237110 ,    0 ,    255169         ,
27 ,    3845 ,     b ,    1 ,     1 ,     7390090 ,    0 ,    263823         ,
27 ,    3885 ,     b ,    1 ,     1 ,     7544670 ,    0 ,    267813         ,
27 ,    3925 ,     b ,    1 ,     1 ,     7700850 ,    0 ,    274073         ,
27 ,    3965 ,     b ,    1 ,     1 ,     7858630 ,    0 ,    280643         ,
27 ,    4005 ,     b ,    1 ,     1 ,     8018010 ,    0 ,    285811         ,
27 ,    4045 ,     b ,    1 ,     1 ,     8178990 ,    0 ,    292893         ,
27 ,    4085 ,     b ,    1 ,     1 ,     8341570 ,    0 ,    293588         ,
27 ,    4125 ,     b ,    1 ,     1 ,     8505750 ,    0 ,    299077         ,
27 ,    4165 ,     b ,    1 ,     1 ,     8671530 ,    0 ,    308399         ,
27 ,    4205 ,     b ,    1 ,     1 ,     8838910 ,    0 ,    312845         ,
27 ,    4245 ,     b ,    1 ,     1 ,     9007890 ,    0 ,    323117         ,
27 ,    4285 ,     b ,    1 ,     1 ,     9178470 ,    0 ,    323385         ,
27 ,    4325 ,     b ,    1 ,     1 ,     9350650 ,    0 ,    330265         ,
27 ,    4365 ,     b ,    1 ,     1 ,     9524430 ,    0 ,    342531         ,
27 ,    4405 ,     b ,    1 ,     1 ,     9699810 ,    0 ,    341974         ,
27 ,    4445 ,     b ,    1 ,     1 ,     9876790 ,    0 ,    347929         ,
27 ,    4485 ,     b ,    1 ,     1 ,     10055370 ,    0 ,    361891         ,
27 ,    4525 ,     b ,    1 ,     1 ,     10235550 ,    0 ,    367295         ,
27 ,    4565 ,     b ,    1 ,     1 ,     10417330 ,    0 ,    374741         ,
27 ,    4605 ,     b ,    1 ,     1 ,     10600710 ,    0 ,    379917         ,
27 ,    4645 ,     b ,    1 ,     1 ,     10785690 ,    0 ,    386762         ,
27 ,    4685 ,     b ,    1 ,     1 ,     10972270 ,    0 ,    392471         ,
27 ,    4725 ,     b ,    1 ,     1 ,     11160450 ,    0 ,    400403         ,
27 ,    4765 ,     b ,    1 ,     1 ,     11350230 ,    0 ,    409550         ,
27 ,    4805 ,     b ,    1 ,     1 ,     11541610 ,    0 ,    408295         ,
27 ,    4845 ,     b ,    1 ,     1 ,     11734590 ,    0 ,    417647         ,
27 ,    4885 ,     b ,    1 ,     1 ,     11929170 ,    0 ,    424299         ,
27 ,    4925 ,     b ,    1 ,     1 ,     12125350 ,    0 ,    428944         ,
27 ,    4965 ,     b ,    1 ,     1 ,     12323130 ,    0 ,    443380         ,
27 ,    5 ,     b ,    2 ,     1 ,     20 ,    30 ,    7         ,
27 ,    45 ,     b ,    2 ,     1 ,     1980 ,    2970 ,    278         ,
27 ,    85 ,     b ,    2 ,     1 ,     7140 ,    10710 ,    1092         ,
27 ,    125 ,     b ,    2 ,     1 ,     15500 ,    23250 ,    2146         ,
27 ,    165 ,     b ,    2 ,     1 ,     27060 ,    40590 ,    3744         ,
27 ,    205 ,     b ,    2 ,     1 ,     41820 ,    62730 ,    5880         ,
27 ,    245 ,     b ,    2 ,     1 ,     59780 ,    89670 ,    8363         ,
27 ,    285 ,     b ,    2 ,     1 ,     80940 ,    121410 ,    11275         ,
27 ,    325 ,     b ,    2 ,     1 ,     105300 ,    157950 ,    15009         ,
27 ,    365 ,     b ,    2 ,     1 ,     132860 ,    199290 ,    18528         ,
27 ,    405 ,     b ,    2 ,     1 ,     163620 ,    245430 ,    23073         ,
27 ,    445 ,     b ,    2 ,     1 ,     197580 ,    296370 ,    27566         ,
27 ,    485 ,     b ,    2 ,     1 ,     234740 ,    352110 ,    32875         ,
27 ,    525 ,     b ,    2 ,     1 ,     275100 ,    412650 ,    40361         ,
27 ,    565 ,     b ,    2 ,     1 ,     318660 ,    477990 ,    44478         ,
27 ,    605 ,     b ,    2 ,     1 ,     365420 ,    548130 ,    53714         ,
27 ,    645 ,     b ,    2 ,     1 ,     415380 ,    623070 ,    58051         ,
27 ,    685 ,     b ,    2 ,     1 ,     468540 ,    702810 ,    67292         ,
27 ,    725 ,     b ,    2 ,     1 ,     524900 ,    787350 ,    76102         ,
27 ,    765 ,     b ,    2 ,     1 ,     584460 ,    876690 ,    81561         ,
27 ,    805 ,     b ,    2 ,     1 ,     647220 ,    970830 ,    90431         ,
27 ,    845 ,     b ,    2 ,     1 ,     713180 ,    1069770 ,    101101         ,
27 ,    885 ,     b ,    2 ,     1 ,     782340 ,    1173510 ,    109509         ,
27 ,    925 ,     b ,    2 ,     1 ,     854700 ,    1282050 ,    119463         ,
27 ,    965 ,     b ,    2 ,     1 ,     930260 ,    1395390 ,    129679         ,
27 ,    1005 ,     b ,    2 ,     1 ,     1009020 ,    1513530 ,    143411         ,
27 ,    1045 ,     b ,    2 ,     1 ,     1090980 ,    1636470 ,    154054         ,
27 ,    1085 ,     b ,    2 ,     1 ,     1176140 ,    1764210 ,    164365         ,
27 ,    1125 ,     b ,    2 ,     1 ,     1264500 ,    1896750 ,    180331         ,
27 ,    1165 ,     b ,    2 ,     1 ,     1356060 ,    2034090 ,    195102         ,
27 ,    1205 ,     b ,    2 ,     1 ,     1450820 ,    2176230 ,    206625         ,
27 ,    1245 ,     b ,    2 ,     1 ,     1548780 ,    2323170 ,    219480         ,
27 ,    1285 ,     b ,    2 ,     1 ,     1649940 ,    2474910 ,    236110         ,
27 ,    1325 ,     b ,    2 ,     1 ,     1754300 ,    2631450 ,    247921         ,
27 ,    1365 ,     b ,    2 ,     1 ,     1861860 ,    2792790 ,    262258         ,
27 ,    1405 ,     b ,    2 ,     1 ,     1972620 ,    2958930 ,    276037         ,
27 ,    1445 ,     b ,    2 ,     1 ,     2086580 ,    3129870 ,    295881         ,
27 ,    1485 ,     b ,    2 ,     1 ,     2203740 ,    3305610 ,    312343         ,
27 ,    1525 ,     b ,    2 ,     1 ,     2324100 ,    3486150 ,    329940         ,
27 ,    1565 ,     b ,    2 ,     1 ,     2447660 ,    3671490 ,    341714         ,
27 ,    1605 ,     b ,    2 ,     1 ,     2574420 ,    3861630 ,    365565         ,
27 ,    1645 ,     b ,    2 ,     1 ,     2704380 ,    4056570 ,    381925         ,
27 ,    1685 ,     b ,    2 ,     1 ,     2837540 ,    4256310 ,    398494         ,
27 ,    1725 ,     b ,    2 ,     1 ,     2973900 ,    4460850 ,    420944         ,
27 ,    1765 ,     b ,    2 ,     1 ,     3113460 ,    4670190 ,    448436         ,
27 ,    1805 ,     b ,    2 ,     1 ,     3256220 ,    4884330 ,    461088         ,
27 ,    1845 ,     b ,    2 ,     1 ,     3402180 ,    5103270 ,    481889         ,
27 ,    1885 ,     b ,    2 ,     1 ,     3551340 ,    5327010 ,    505199         ,
27 ,    1925 ,     b ,    2 ,     1 ,     3703700 ,    5555550 ,    518118         ,
27 ,    1965 ,     b ,    2 ,     1 ,     3859260 ,    5788890 ,    541927         ,
27 ,    2005 ,     b ,    2 ,     1 ,     4018020 ,    6027030 ,    573137         ,
27 ,    2045 ,     b ,    2 ,     1 ,     4179980 ,    6269970 ,    587602         ,
27 ,    2085 ,     b ,    2 ,     1 ,     4345140 ,    6517710 ,    607402         ,
27 ,    2125 ,     b ,    2 ,     1 ,     4513500 ,    6770250 ,    641979         ,
27 ,    2165 ,     b ,    2 ,     1 ,     4685060 ,    7027590 ,    659951         ,
27 ,    2205 ,     b ,    2 ,     1 ,     4859820 ,    7289730 ,    680500         ,
27 ,    2245 ,     b ,    2 ,     1 ,     5037780 ,    7556670 ,    706053         ,
27 ,    2285 ,     b ,    2 ,     1 ,     5218940 ,    7828410 ,    730856         ,
27 ,    2325 ,     b ,    2 ,     1 ,     5403300 ,    8104950 ,    755672         ,
27 ,    2365 ,     b ,    2 ,     1 ,     5590860 ,    8386290 ,    826581         ,
27 ,    2405 ,     b ,    2 ,     1 ,     5781620 ,    8672430 ,    824006         ,
27 ,    2445 ,     b ,    2 ,     1 ,     5975580 ,    8963370 ,    866571         ,
27 ,    2485 ,     b ,    2 ,     1 ,     6172740 ,    9259110 ,    864259         ,
27 ,    2525 ,     b ,    2 ,     1 ,     6373100 ,    9559650 ,    895323         ,
27 ,    2565 ,     b ,    2 ,     1 ,     6576660 ,    9864990 ,    932244         ,
27 ,    2605 ,     b ,    2 ,     1 ,     6783420 ,    10175130 ,    960905         ,
27 ,    2645 ,     b ,    2 ,     1 ,     6993380 ,    10490070 ,    979594         ,
27 ,    2685 ,     b ,    2 ,     1 ,     7206540 ,    10809810 ,    1012167         ,
27 ,    2725 ,     b ,    2 ,     1 ,     7422900 ,    11134350 ,    1046651         ,
27 ,    2765 ,     b ,    2 ,     1 ,     7642460 ,    11463690 ,    1068859         ,
27 ,    2805 ,     b ,    2 ,     1 ,     7865220 ,    11797830 ,    1100229         ,
27 ,    2845 ,     b ,    2 ,     1 ,     8091180 ,    12136770 ,    1151786         ,
27 ,    2885 ,     b ,    2 ,     1 ,     8320340 ,    12480510 ,    1168725         ,
27 ,    2925 ,     b ,    2 ,     1 ,     8552700 ,    12829050 ,    1203030         ,
27 ,    2965 ,     b ,    2 ,     1 ,     8788260 ,    13182390 ,    1236477         ,
27 ,    3005 ,     b ,    2 ,     1 ,     9027020 ,    13540530 ,    1262568         ,
27 ,    3045 ,     b ,    2 ,     1 ,     9268980 ,    13903470 ,    1304809         ,
27 ,    3085 ,     b ,    2 ,     1 ,     9514140 ,    14271210 ,    1338847         ,
27 ,    3125 ,     b ,    2 ,     1 ,     9762500 ,    14643750 ,    1383889         ,
27 ,    3165 ,     b ,    2 ,     1 ,     10014060 ,    15021090 ,    1436275         ,
27 ,    3205 ,     b ,    2 ,     1 ,     10268820 ,    15403230 ,    1442968         ,
27 ,    3245 ,     b ,    2 ,     1 ,     10526780 ,    15790170 ,    1482181         ,
27 ,    3285 ,     b ,    2 ,     1 ,     10787940 ,    16181910 ,    1520156         ,
27 ,    3325 ,     b ,    2 ,     1 ,     11052300 ,    16578450 ,    1546719         ,
27 ,    3365 ,     b ,    2 ,     1 ,     11319860 ,    16979790 ,    1584440         ,
27 ,    3405 ,     b ,    2 ,     1 ,     11590620 ,    17385930 ,    1631505         ,
27 ,    3445 ,     b ,    2 ,     1 ,     11864580 ,    17796870 ,    1708336         ,
27 ,    3485 ,     b ,    2 ,     1 ,     12141740 ,    18212610 ,    2016964         ,
27 ,    3525 ,     b ,    2 ,     1 ,     12422100 ,    18633150 ,    1778667         ,
27 ,    3565 ,     b ,    2 ,     1 ,     12705660 ,    19058490 ,    1802598         ,
27 ,    3605 ,     b ,    2 ,     1 ,     12992420 ,    19488630 ,    1832221         ,
27 ,    3645 ,     b ,    2 ,     1 ,     13282380 ,    19923570 ,    1902181         ,
27 ,    3685 ,     b ,    2 ,     1 ,     13575540 ,    20363310 ,    1908181         ,
27 ,    3725 ,     b ,    2 ,     1 ,     13871900 ,    20807850 ,    1945923         ,
27 ,    3765 ,     b ,    2 ,     1 ,     14171460 ,    21257190 ,    1993154         ,
27 ,    3805 ,     b ,    2 ,     1 ,     14474220 ,    21711330 ,    2027069         ,
27 ,    3845 ,     b ,    2 ,     1 ,     14780180 ,    22170270 ,    2126707         ,
27 ,    3885 ,     b ,    2 ,     1 ,     15089340 ,    22634010 ,    2112099         ,
27 ,    3925 ,     b ,    2 ,     1 ,     15401700 ,    23102550 ,    2162464         ,
27 ,    3965 ,     b ,    2 ,     1 ,     15717260 ,    23575890 ,    2200927         ,
27 ,    4005 ,     b ,    2 ,     1 ,     16036020 ,    24054030 ,    2262981         ,
27 ,    4045 ,     b ,    2 ,     1 ,     16357980 ,    24536970 ,    2379417         ,
27 ,    4085 ,     b ,    2 ,     1 ,     16683140 ,    25024710 ,    2512258         ,
27 ,    4125 ,     b ,    2 ,     1 ,     17011500 ,    25517250 ,    2382868         ,
27 ,    4165 ,     b ,    2 ,     1 ,     17343060 ,    26014590 ,    2429438         ,
27 ,    4205 ,     b ,    2 ,     1 ,     17677820 ,    26516730 ,    2522314         ,
27 ,    4245 ,     b ,    2 ,     1 ,     18015780 ,    27023670 ,    2540485         ,
27 ,    4285 ,     b ,    2 ,     1 ,     18356940 ,    27535410 ,    2579517         ,
27 ,    4325 ,     b ,    2 ,     1 ,     18701300 ,    28051950 ,    2624622         ,
27 ,    4365 ,     b ,    2 ,     1 ,     19048860 ,    28573290 ,    2690208         ,
27 ,    4405 ,     b ,    2 ,     1 ,     19399620 ,    29099430 ,    2719678         ,
27 ,    4445 ,     b ,    2 ,     1 ,     19753580 ,    29630370 ,    2773073         ,
27 ,    4485 ,     b ,    2 ,     1 ,     20110740 ,    30166110 ,    2883295         ,
27 ,    4525 ,     b ,    2 ,     1 ,     20471100 ,    30706650 ,    2871019         ,
27 ,    4565 ,     b ,    2 ,     1 ,     20834660 ,    31251990 ,    2939225         ,
27 ,    4605 ,     b ,    2 ,     1 ,     21201420 ,    31802130 ,    2993846         ,
27 ,    4645 ,     b ,    2 ,     1 ,     21571380 ,    32357070 ,    3275006         ,
27 ,    4685 ,     b ,    2 ,     1 ,     21944540 ,    32916810 ,    3080218         ,
27 ,    4725 ,     b ,    2 ,     1 ,     22320900 ,    33481350 ,    3130343         ,
27 ,    4765 ,     b ,    2 ,     1 ,     22700460 ,    34050690 ,    3212299         ,
27 ,    4805 ,     b ,    2 ,     1 ,     23083220 ,    34624830 ,    3239053         ,
27 ,    4845 ,     b ,    2 ,     1 ,     23469180 ,    35203770 ,    3290739         ,
27 ,    4885 ,     b ,    2 ,     1 ,     23858340 ,    35787510 ,    3404884         ,
27 ,    4925 ,     b ,    2 ,     1 ,     24250700 ,    36376050 ,    3405531         ,
27 ,    4965 ,     b ,    2 ,     1 ,     24646260 ,    36969390 ,    3454074         ,
27 ,    5 ,     b ,    3 ,     1 ,     14 ,    12 ,    6         ,
27 ,    45 ,     b ,    3 ,     1 ,     1217 ,    681 ,    102         ,
27 ,    85 ,     b ,    3 ,     1 ,     4464 ,    2682 ,    370         ,
27 ,    125 ,     b ,    3 ,     1 ,     9908 ,    6474 ,    830         ,
27 ,    165 ,     b ,    3 ,     1 ,     16895 ,    10095 ,    1340         ,
27 ,    205 ,     b ,    3 ,     1 ,     26245 ,    16005 ,    2152         ,
27 ,    245 ,     b ,    3 ,     1 ,     37742 ,    23556 ,    3133         ,
27 ,    285 ,     b ,    3 ,     1 ,     51289 ,    32457 ,    4402         ,
27 ,    325 ,     b ,    3 ,     1 ,     67181 ,    43593 ,    5757         ,
27 ,    365 ,     b ,    3 ,     1 ,     83524 ,    51282 ,    6979         ,
27 ,    405 ,     b ,    3 ,     1 ,     102902 ,    63276 ,    8767         ,
27 ,    445 ,     b ,    3 ,     1 ,     124205 ,    76245 ,    10774         ,
27 ,    485 ,     b ,    3 ,     1 ,     144395 ,    81075 ,    11745         ,
27 ,    525 ,     b ,    3 ,     1 ,     169039 ,    94467 ,    14109         ,
27 ,    565 ,     b ,    3 ,     1 ,     201503 ,    126519 ,    17368         ,
27 ,    605 ,     b ,    3 ,     1 ,     228740 ,    138090 ,    19658         ,
27 ,    645 ,     b ,    3 ,     1 ,     254990 ,    141900 ,    20851         ,
27 ,    685 ,     b ,    3 ,     1 ,     288340 ,    162210 ,    26253         ,
27 ,    725 ,     b ,    3 ,     1 ,     331825 ,    208125 ,    29498         ,
27 ,    765 ,     b ,    3 ,     1 ,     366149 ,    221757 ,    31314         ,
27 ,    805 ,     b ,    3 ,     1 ,     403362 ,    239256 ,    35011         ,
27 ,    845 ,     b ,    3 ,     1 ,     446725 ,    270405 ,    38430         ,
27 ,    885 ,     b ,    3 ,     1 ,     490974 ,    299412 ,    43492         ,
27 ,    925 ,     b ,    3 ,     1 ,     532522 ,    315516 ,    46124         ,
27 ,    965 ,     b ,    3 ,     1 ,     580540 ,    346230 ,    51703         ,
27 ,    1005 ,     b ,    3 ,     1 ,     628882 ,    373116 ,    55197         ,
27 ,    1045 ,     b ,    3 ,     1 ,     687498 ,    426024 ,    63083         ,
27 ,    1085 ,     b ,    3 ,     1 ,     735400 ,    441990 ,    64566         ,
27 ,    1125 ,     b ,    3 ,     1 ,     790723 ,    475419 ,    69396         ,
27 ,    1165 ,     b ,    3 ,     1 ,     843744 ,    497142 ,    73859         ,
27 ,    1205 ,     b ,    3 ,     1 ,     897123 ,    515139 ,    79336         ,
27 ,    1245 ,     b ,    3 ,     1 ,     971244 ,    590562 ,    88531         ,
27 ,    1285 ,     b ,    3 ,     1 ,     1023078 ,    594324 ,    91200         ,
27 ,    1325 ,     b ,    3 ,     1 ,     1099146 ,    665988 ,    98612         ,
27 ,    1365 ,     b ,    3 ,     1 ,     1169140 ,    714630 ,    107410         ,
27 ,    1405 ,     b ,    3 ,     1 ,     1234153 ,    743529 ,    111986         ,
27 ,    1445 ,     b ,    3 ,     1 ,     1292489 ,    747597 ,    113396         ,
27 ,    1485 ,     b ,    3 ,     1 ,     1367578 ,    797124 ,    121103         ,
27 ,    1525 ,     b ,    3 ,     1 ,     1455695 ,    880935 ,    133056         ,
27 ,    1565 ,     b ,    3 ,     1 ,     1526329 ,    907497 ,    139179         ,
27 ,    1605 ,     b ,    3 ,     1 ,     1602787 ,    946731 ,    145345         ,
27 ,    1645 ,     b ,    3 ,     1 ,     1708334 ,    1068432 ,    157760         ,
27 ,    1685 ,     b ,    3 ,     1 ,     1768292 ,    1048566 ,    162071         ,
27 ,    1725 ,     b ,    3 ,     1 ,     1851932 ,    1094946 ,    165555         ,
27 ,    1765 ,     b ,    3 ,     1 ,     1948727 ,    1175991 ,    179299         ,
27 ,    1805 ,     b ,    3 ,     1 ,     2015059 ,    1160847 ,    179902         ,
27 ,    1845 ,     b ,    3 ,     1 ,     2135395 ,    1302915 ,    194656         ,
27 ,    1885 ,     b ,    3 ,     1 ,     2207536 ,    1295598 ,    198260         ,
27 ,    1925 ,     b ,    3 ,     1 ,     2312551 ,    1382103 ,    210837         ,
27 ,    1965 ,     b ,    3 ,     1 ,     2397898 ,    1404804 ,    218423         ,
27 ,    2005 ,     b ,    3 ,     1 ,     2486559 ,    1432647 ,    225892         ,
27 ,    2045 ,     b ,    3 ,     1 ,     2605305 ,    1545945 ,    234763         ,
27 ,    2085 ,     b ,    3 ,     1 ,     2717665 ,    1635285 ,    248593         ,
27 ,    2125 ,     b ,    3 ,     1 ,     2815746 ,    1676988 ,    259085         ,
27 ,    2165 ,     b ,    3 ,     1 ,     2952146 ,    1828848 ,    275320         ,
27 ,    2205 ,     b ,    3 ,     1 ,     3023304 ,    1780182 ,    273605         ,
27 ,    2245 ,     b ,    3 ,     1 ,     3131719 ,    1838487 ,    283267         ,
27 ,    2285 ,     b ,    3 ,     1 ,     3281797 ,    2016981 ,    305201         ,
27 ,    2325 ,     b ,    3 ,     1 ,     3361439 ,    1979367 ,    305397         ,
27 ,    2365 ,     b ,    3 ,     1 ,     3495909 ,    2101437 ,    324390         ,
27 ,    2405 ,     b ,    3 ,     1 ,     3601992 ,    2133546 ,    329895         ,
27 ,    2445 ,     b ,    3 ,     1 ,     3747139 ,    2278047 ,    354707         ,
27 ,    2485 ,     b ,    3 ,     1 ,     3835820 ,    2248350 ,    350917         ,
27 ,    2525 ,     b ,    3 ,     1 ,     4000572 ,    2442066 ,    374947         ,
27 ,    2565 ,     b ,    3 ,     1 ,     4111375 ,    2469135 ,    385422         ,
27 ,    2605 ,     b ,    3 ,     1 ,     4267498 ,    2627364 ,    403887         ,
27 ,    2645 ,     b ,    3 ,     1 ,     4383342 ,    2659956 ,    417447         ,
27 ,    2685 ,     b ,    3 ,     1 ,     4530737 ,    2782401 ,    428595         ,
27 ,    2725 ,     b ,    3 ,     1 ,     4611200 ,    2699250 ,    425353         ,
27 ,    2765 ,     b ,    3 ,     1 ,     4803409 ,    2946537 ,    455101         ,
27 ,    2805 ,     b ,    3 ,     1 ,     4939034 ,    3019272 ,    491612         ,
27 ,    2845 ,     b ,    3 ,     1 ,     5075065 ,    3088425 ,    477066         ,
27 ,    2885 ,     b ,    3 ,     1 ,     5197868 ,    3113094 ,    482562         ,
27 ,    2925 ,     b ,    3 ,     1 ,     5320050 ,    3131100 ,    488202         ,
27 ,    2965 ,     b ,    3 ,     1 ,     5510278 ,    3348444 ,    514082         ,
27 ,    3005 ,     b ,    3 ,     1 ,     5622300 ,    3326370 ,    526784         ,
27 ,    3045 ,     b ,    3 ,     1 ,     5792923 ,    3475299 ,    537056         ,
27 ,    3085 ,     b ,    3 ,     1 ,     5962379 ,    3615927 ,    572529         ,
27 ,    3125 ,     b ,    3 ,     1 ,     6110601 ,    3688053 ,    579659         ,
27 ,    3165 ,     b ,    3 ,     1 ,     6260407 ,    3760131 ,    594728         ,
27 ,    3205 ,     b ,    3 ,     1 ,     6452152 ,    3953226 ,    620473         ,
27 ,    3245 ,     b ,    3 ,     1 ,     6574903 ,    3934539 ,    627921         ,
27 ,    3285 ,     b ,    3 ,     1 ,     6765953 ,    4115949 ,    639234         ,
27 ,    3325 ,     b ,    3 ,     1 ,     6893489 ,    4102017 ,    656785         ,
27 ,    3365 ,     b ,    3 ,     1 ,     7085552 ,    4276866 ,    672983         ,
27 ,    3405 ,     b ,    3 ,     1 ,     7260878 ,    4396704 ,    690288         ,
27 ,    3445 ,     b ,    3 ,     1 ,     7411062 ,    4436316 ,    695868         ,
27 ,    3485 ,     b ,    3 ,     1 ,     7626581 ,    4667133 ,    725136         ,
27 ,    3525 ,     b ,    3 ,     1 ,     7811355 ,    4800915 ,    753060         ,
27 ,    3565 ,     b ,    3 ,     1 ,     7932888 ,    4740174 ,    754307         ,
27 ,    3605 ,     b ,    3 ,     1 ,     8134258 ,    4914144 ,    773453         ,
27 ,    3645 ,     b ,    3 ,     1 ,     8291148 ,    4949874 ,    779533         ,
27 ,    3685 ,     b ,    3 ,     1 ,     8532902 ,    5235396 ,    862784         ,
27 ,    3725 ,     b ,    3 ,     1 ,     8675508 ,    5218674 ,    840160         ,
27 ,    3765 ,     b ,    3 ,     1 ,     8874588 ,    5366574 ,    857473         ,
27 ,    3805 ,     b ,    3 ,     1 ,     9043824 ,    5420142 ,    887819         ,
27 ,    3845 ,     b ,    3 ,     1 ,     9245457 ,    5566101 ,    932133         ,
27 ,    3885 ,     b ,    3 ,     1 ,     9468360 ,    5771070 ,    929186         ,
27 ,    3925 ,     b ,    3 ,     1 ,     9617886 ,    5751108 ,    931186         ,
27 ,    3965 ,     b ,    3 ,     1 ,     9783878 ,    5775744 ,    942867         ,
27 ,    4005 ,     b ,    3 ,     1 ,     9974509 ,    5869497 ,    925618         ,
27 ,    4045 ,     b ,    3 ,     1 ,     10255877 ,    6230661 ,    969228         ,
27 ,    4085 ,     b ,    3 ,     1 ,     10401262 ,    6179076 ,    974645         ,
27 ,    4125 ,     b ,    3 ,     1 ,     10685271 ,    6538563 ,    1023385         ,
27 ,    4165 ,     b ,    3 ,     1 ,     10868011 ,    6589443 ,    1030875         ,
27 ,    4205 ,     b ,    3 ,     1 ,     11089595 ,    6752055 ,    1073800         ,
27 ,    4245 ,     b ,    3 ,     1 ,     11280881 ,    6818973 ,    1075307         ,
27 ,    4285 ,     b ,    3 ,     1 ,     11447500 ,    6807090 ,    1079256         ,
27 ,    4325 ,     b ,    3 ,     1 ,     11670259 ,    6958827 ,    1130271         ,
27 ,    4365 ,     b ,    3 ,     1 ,     11924976 ,    7201638 ,    1130264         ,
27 ,    4405 ,     b ,    3 ,     1 ,     12087609 ,    7163397 ,    1274436         ,
27 ,    4445 ,     b ,    3 ,     1 ,     12301512 ,    7274166 ,    1154068         ,
27 ,    4485 ,     b ,    3 ,     1 ,     12641520 ,    7758450 ,    1214223         ,
27 ,    4525 ,     b ,    3 ,     1 ,     12778219 ,    7628007 ,    1229530         ,
27 ,    4565 ,     b ,    3 ,     1 ,     12966043 ,    7646139 ,    1233188         ,
27 ,    4605 ,     b ,    3 ,     1 ,     13245361 ,    7933953 ,    1283875         ,
27 ,    4645 ,     b ,    3 ,     1 ,     13373968 ,    7764834 ,    1299038         ,
27 ,    4685 ,     b ,    3 ,     1 ,     13686867 ,    8143791 ,    1314306         ,
27 ,    4725 ,     b ,    3 ,     1 ,     13995767 ,    8505951 ,    1351142         ,
27 ,    4765 ,     b ,    3 ,     1 ,     14263168 ,    8738814 ,    1375194         ,
27 ,    4805 ,     b ,    3 ,     1 ,     14404184 ,    8587722 ,    1357968         ,
27 ,    4845 ,     b ,    3 ,     1 ,     14703751 ,    8907483 ,    1413839         ,
27 ,    4885 ,     b ,    3 ,     1 ,     14961038 ,    9095604 ,    1446513         ,
27 ,    4925 ,     b ,    3 ,     1 ,     15132939 ,    9022767 ,    1474254         ,
27 ,    4965 ,     b ,    3 ,     1 ,     15407970 ,    9254520 ,    1475534         ,
27 ,    5 ,     b ,    4 ,     1 ,     18 ,    24 ,    7         ,
27 ,    45 ,     b ,    4 ,     1 ,     1365 ,    1125 ,    149         ,
27 ,    85 ,     b ,    4 ,     1 ,     5250 ,    5040 ,    591         ,
27 ,    125 ,     b ,    4 ,     1 ,     10824 ,    9222 ,    1093         ,
27 ,    165 ,     b ,    4 ,     1 ,     19419 ,    17667 ,    2052         ,
27 ,    205 ,     b ,    4 ,     1 ,     29177 ,    24801 ,    5125         ,
27 ,    245 ,     b ,    4 ,     1 ,     41902 ,    36036 ,    4181         ,
27 ,    285 ,     b ,    4 ,     1 ,     56931 ,    49383 ,    5888         ,
27 ,    325 ,     b ,    4 ,     1 ,     73719 ,    63207 ,    7542         ,
27 ,    365 ,     b ,    4 ,     1 ,     93238 ,    80424 ,    9803         ,
27 ,    405 ,     b ,    4 ,     1 ,     115649 ,    101517 ,    12025         ,
27 ,    445 ,     b ,    4 ,     1 ,     140164 ,    124122 ,    14859         ,
27 ,    485 ,     b ,    4 ,     1 ,     165931 ,    145683 ,    17345         ,
27 ,    525 ,     b ,    4 ,     1 ,     193363 ,    167439 ,    19995         ,
27 ,    565 ,     b ,    4 ,     1 ,     221715 ,    187155 ,    23445         ,
27 ,    605 ,     b ,    4 ,     1 ,     252546 ,    209508 ,    25770         ,
27 ,    645 ,     b ,    4 ,     1 ,     289746 ,    246168 ,    29922         ,
27 ,    685 ,     b ,    4 ,     1 ,     327512 ,    279726 ,    36423         ,
27 ,    725 ,     b ,    4 ,     1 ,     365803 ,    310059 ,    38260         ,
27 ,    765 ,     b ,    4 ,     1 ,     410170 ,    353820 ,    43397         ,
27 ,    805 ,     b ,    4 ,     1 ,     450818 ,    381624 ,    47420         ,
27 ,    845 ,     b ,    4 ,     1 ,     498836 ,    426738 ,    52207         ,
27 ,    885 ,     b ,    4 ,     1 ,     545711 ,    463623 ,    57934         ,
27 ,    925 ,     b ,    4 ,     1 ,     594617 ,    501801 ,    64704         ,
27 ,    965 ,     b ,    4 ,     1 ,     653471 ,    565023 ,    71635         ,
27 ,    1005 ,     b ,    4 ,     1 ,     702741 ,    594693 ,    74557         ,
27 ,    1045 ,     b ,    4 ,     1 ,     761885 ,    649185 ,    80231         ,
27 ,    1085 ,     b ,    4 ,     1 ,     826558 ,    715464 ,    91077         ,
27 ,    1125 ,     b ,    4 ,     1 ,     883173 ,    752769 ,    96478         ,
27 ,    1165 ,     b ,    4 ,     1 ,     958810 ,    842340 ,    107162         ,
27 ,    1205 ,     b ,    4 ,     1 ,     1015462 ,    870156 ,    110684         ,
27 ,    1245 ,     b ,    4 ,     1 ,     1066473 ,    876249 ,    112393         ,
27 ,    1285 ,     b ,    4 ,     1 ,     1164540 ,    1018710 ,    128755         ,
27 ,    1325 ,     b ,    4 ,     1 ,     1225673 ,    1045569 ,    133633         ,
27 ,    1365 ,     b ,    4 ,     1 ,     1300842 ,    1109736 ,    144213         ,
27 ,    1405 ,     b ,    4 ,     1 ,     1375687 ,    1168131 ,    149463         ,
27 ,    1445 ,     b ,    4 ,     1 ,     1458826 ,    1246608 ,    157951         ,
27 ,    1485 ,     b ,    4 ,     1 ,     1534794 ,    1298772 ,    174425         ,
27 ,    1525 ,     b ,    4 ,     1 ,     1636952 ,    1424706 ,    180995         ,
27 ,    1565 ,     b ,    4 ,     1 ,     1735560 ,    1535190 ,    191699         ,
27 ,    1605 ,     b ,    4 ,     1 ,     1791462 ,    1512756 ,    195197         ,
27 ,    1645 ,     b ,    4 ,     1 ,     1902805 ,    1651845 ,    212232         ,
27 ,    1685 ,     b ,    4 ,     1 ,     2020293 ,    1804569 ,    231456         ,
27 ,    1725 ,     b ,    4 ,     1 ,     2094608 ,    1822974 ,    231704         ,
27 ,    1765 ,     b ,    4 ,     1 ,     2178615 ,    1865655 ,    240889         ,
27 ,    1805 ,     b ,    4 ,     1 ,     2238961 ,    1832553 ,    242943         ,
27 ,    1845 ,     b ,    4 ,     1 ,     2357199 ,    1968327 ,    257961         ,
27 ,    1885 ,     b ,    4 ,     1 ,     2489901 ,    2142693 ,    271397         ,
27 ,    1925 ,     b ,    4 ,     1 ,     2601392 ,    2248626 ,    284682         ,
27 ,    1965 ,     b ,    4 ,     1 ,     2713021 ,    2350173 ,    303060         ,
27 ,    2005 ,     b ,    4 ,     1 ,     2832519 ,    2470527 ,    311358         ,
27 ,    2045 ,     b ,    4 ,     1 ,     2947072 ,    2571246 ,    332075         ,
27 ,    2085 ,     b ,    4 ,     1 ,     3023831 ,    2553783 ,    330123         ,
27 ,    2125 ,     b ,    4 ,     1 ,     3139579 ,    2648487 ,    343709         ,
27 ,    2165 ,     b ,    4 ,     1 ,     3250218 ,    2723064 ,    356115         ,
27 ,    2205 ,     b ,    4 ,     1 ,     3411109 ,    2943597 ,    376534         ,
27 ,    2245 ,     b ,    4 ,     1 ,     3500283 ,    2944179 ,    381554         ,
27 ,    2285 ,     b ,    4 ,     1 ,     3645000 ,    3106590 ,    404120         ,
27 ,    2325 ,     b ,    4 ,     1 ,     3764151 ,    3187503 ,    422447         ,
27 ,    2365 ,     b ,    4 ,     1 ,     3919748 ,    3372954 ,    442408         ,
27 ,    2405 ,     b ,    4 ,     1 ,     4059384 ,    3505722 ,    449593         ,
27 ,    2445 ,     b ,    4 ,     1 ,     4184823 ,    3591099 ,    463695         ,
27 ,    2485 ,     b ,    4 ,     1 ,     4305989 ,    3658857 ,    479234         ,
27 ,    2525 ,     b ,    4 ,     1 ,     4455142 ,    3805776 ,    495579         ,
27 ,    2565 ,     b ,    4 ,     1 ,     4612078 ,    3971244 ,    515022         ,
27 ,    2605 ,     b ,    4 ,     1 ,     4734240 ,    4027590 ,    527528         ,
27 ,    2645 ,     b ,    4 ,     1 ,     4915153 ,    4255389 ,    558405         ,
27 ,    2685 ,     b ,    4 ,     1 ,     5049031 ,    4337283 ,    567177         ,
27 ,    2725 ,     b ,    4 ,     1 ,     5207963 ,    4489539 ,    579798         ,
27 ,    2765 ,     b ,    4 ,     1 ,     5371400 ,    4650510 ,    600737         ,
27 ,    2805 ,     b ,    4 ,     1 ,     5516352 ,    4751226 ,    610710         ,
27 ,    2845 ,     b ,    4 ,     1 ,     5624209 ,    4735857 ,    623264         ,
27 ,    2885 ,     b ,    4 ,     1 ,     5818915 ,    4976235 ,    652876         ,
27 ,    2925 ,     b ,    4 ,     1 ,     5933977 ,    4972881 ,    655799         ,
27 ,    2965 ,     b ,    4 ,     1 ,     6168425 ,    5322885 ,    689972         ,
27 ,    3005 ,     b ,    4 ,     1 ,     6316810 ,    5409900 ,    731174         ,
27 ,    3045 ,     b ,    4 ,     1 ,     6454313 ,    5459469 ,    718273         ,
27 ,    3085 ,     b ,    4 ,     1 ,     6624274 ,    5601612 ,    732070         ,
27 ,    3125 ,     b ,    4 ,     1 ,     6829012 ,    5843286 ,    766975         ,
27 ,    3165 ,     b ,    4 ,     1 ,     7031387 ,    6073071 ,    794034         ,
27 ,    3205 ,     b ,    4 ,     1 ,     7241572 ,    6321486 ,    824638         ,
27 ,    3245 ,     b ,    4 ,     1 ,     7416697 ,    6459921 ,    829129         ,
27 ,    3285 ,     b ,    4 ,     1 ,     7556371 ,    6487203 ,    849449         ,
27 ,    3325 ,     b ,    4 ,     1 ,     7710949 ,    6554397 ,    869087         ,
27 ,    3365 ,     b ,    4 ,     1 ,     7927942 ,    6804036 ,    883936         ,
27 ,    3405 ,     b ,    4 ,     1 ,     8128674 ,    7000092 ,    922614         ,
27 ,    3445 ,     b ,    4 ,     1 ,     8261172 ,    6986646 ,    919387         ,
27 ,    3485 ,     b ,    4 ,     1 ,     8547727 ,    7430571 ,    969825         ,
27 ,    3525 ,     b ,    4 ,     1 ,     8677810 ,    7400280 ,    967488         ,
27 ,    3565 ,     b ,    4 ,     1 ,     8912581 ,    7679253 ,    994939         ,
27 ,    3605 ,     b ,    4 ,     1 ,     9150446 ,    7962708 ,    1031335         ,
27 ,    3645 ,     b ,    4 ,     1 ,     9325015 ,    8051475 ,    1062864         ,
27 ,    3685 ,     b ,    4 ,     1 ,     9458628 ,    8012574 ,    1053457         ,
27 ,    3725 ,     b ,    4 ,     1 ,     9698949 ,    8288997 ,    1080457         ,
27 ,    3765 ,     b ,    4 ,     1 ,     9928694 ,    8528892 ,    1103833         ,
27 ,    3805 ,     b ,    4 ,     1 ,     10161888 ,    8774334 ,    1141514         ,
27 ,    3845 ,     b ,    4 ,     1 ,     10356188 ,    8898294 ,    1196894         ,
27 ,    3885 ,     b ,    4 ,     1 ,     10599469 ,    9164397 ,    1200855         ,
27 ,    3925 ,     b ,    4 ,     1 ,     10856395 ,    9466635 ,    1227955         ,
27 ,    3965 ,     b ,    4 ,     1 ,     10990599 ,    9395907 ,    1226909         ,
27 ,    4005 ,     b ,    4 ,     1 ,     11236708 ,    9656094 ,    1256318         ,
27 ,    4045 ,     b ,    4 ,     1 ,     11522430 ,    10030320 ,    1331030         ,
27 ,    4085 ,     b ,    4 ,     1 ,     11730515 ,    10166835 ,    1364674         ,
27 ,    4125 ,     b ,    4 ,     1 ,     11894520 ,    10166310 ,    1334371         ,
27 ,    4165 ,     b ,    4 ,     1 ,     12174087 ,    10507671 ,    1409964         ,
27 ,    4205 ,     b ,    4 ,     1 ,     12404755 ,    10697535 ,    1571201         ,
27 ,    4245 ,     b ,    4 ,     1 ,     12588475 ,    10741755 ,    1468595         ,
27 ,    4285 ,     b ,    4 ,     1 ,     12824692 ,    10938666 ,    1445418         ,
27 ,    4325 ,     b ,    4 ,     1 ,     13168457 ,    11453421 ,    1484156         ,
27 ,    4365 ,     b ,    4 ,     1 ,     13262393 ,    11213889 ,    1491245         ,
27 ,    4405 ,     b ,    4 ,     1 ,     13653646 ,    11861508 ,    1573179         ,
27 ,    4445 ,     b ,    4 ,     1 ,     13826223 ,    11848299 ,    1553092         ,
27 ,    4485 ,     b ,    4 ,     1 ,     14105094 ,    12149172 ,    1582978         ,
27 ,    4525 ,     b ,    4 ,     1 ,     14316178 ,    12241884 ,    1604856         ,
27 ,    4565 ,     b ,    4 ,     1 ,     14587458 ,    12510384 ,    1636105         ,
27 ,    4605 ,     b ,    4 ,     1 ,     14812719 ,    12636027 ,    1690617         ,
27 ,    4645 ,     b ,    4 ,     1 ,     15037753 ,    12756189 ,    1738138         ,
27 ,    4685 ,     b ,    4 ,     1 ,     15415639 ,    13330107 ,    1752429         ,
27 ,    4725 ,     b ,    4 ,     1 ,     15651511 ,    13473183 ,    1763275         ,
27 ,    4765 ,     b ,    4 ,     1 ,     15872353 ,    13566369 ,    1781465         ,
27 ,    4805 ,     b ,    4 ,     1 ,     16193391 ,    13955343 ,    1821042         ,
27 ,    4845 ,     b ,    4 ,     1 ,     16358198 ,    13870824 ,    1827282         ,
27 ,    4885 ,     b ,    4 ,     1 ,     16663175 ,    14202015 ,    1899684         ,
27 ,    4925 ,     b ,    4 ,     1 ,     16916645 ,    14373885 ,    1894543         ,
27 ,    4965 ,     b ,    4 ,     1 ,     17268194 ,    14835192 ,    1955518         ,


