SEED ,  SIZE ,  ALG ,  TYPE ,  CALLS ,  CMP ,     MOVE ,    TIME              ,
27 ,    5 ,     bk ,    0 ,     0 ,     5 ,    0 ,    4         ,
27 ,    45 ,     bk ,    0 ,     0 ,     45 ,    0 ,    20         ,
27 ,    85 ,     bk ,    0 ,     0 ,     85 ,    0 ,    28         ,
27 ,    125 ,     bk ,    0 ,     0 ,     125 ,    0 ,    37         ,
27 ,    165 ,     bk ,    0 ,     0 ,     165 ,    0 ,    46         ,
27 ,    205 ,     bk ,    0 ,     0 ,     205 ,    0 ,    55         ,
27 ,    245 ,     bk ,    0 ,     0 ,     245 ,    0 ,    64         ,
27 ,    285 ,     bk ,    0 ,     0 ,     285 ,    0 ,    76         ,
27 ,    325 ,     bk ,    0 ,     0 ,     325 ,    0 ,    84         ,
27 ,    365 ,     bk ,    0 ,     0 ,     365 ,    0 ,    91         ,
27 ,    405 ,     bk ,    0 ,     0 ,     405 ,    0 ,    497         ,
27 ,    445 ,     bk ,    0 ,     0 ,     445 ,    0 ,    484         ,
27 ,    485 ,     bk ,    0 ,     0 ,     485 ,    0 ,    537         ,
27 ,    525 ,     bk ,    0 ,     0 ,     525 ,    0 ,    463         ,
27 ,    565 ,     bk ,    0 ,     0 ,     565 ,    0 ,    572         ,
27 ,    605 ,     bk ,    0 ,     0 ,     605 ,    0 ,    471         ,
27 ,    645 ,     bk ,    0 ,     0 ,     645 ,    0 ,    593         ,
27 ,    685 ,     bk ,    0 ,     0 ,     685 ,    0 ,    545         ,
27 ,    725 ,     bk ,    0 ,     0 ,     725 ,    0 ,    536         ,
27 ,    765 ,     bk ,    0 ,     0 ,     765 ,    0 ,    549         ,
27 ,    805 ,     bk ,    0 ,     0 ,     805 ,    0 ,    580         ,
27 ,    845 ,     bk ,    0 ,     0 ,     845 ,    0 ,    519         ,
27 ,    885 ,     bk ,    0 ,     0 ,     885 ,    0 ,    600         ,
27 ,    925 ,     bk ,    0 ,     0 ,     925 ,    0 ,    602         ,
27 ,    965 ,     bk ,    0 ,     0 ,     965 ,    0 ,    596         ,
27 ,    1005 ,     bk ,    0 ,     0 ,     1005 ,    0 ,    611         ,
27 ,    1045 ,     bk ,    0 ,     0 ,     1045 ,    0 ,    638         ,
27 ,    1085 ,     bk ,    0 ,     0 ,     1085 ,    0 ,    618         ,
27 ,    1125 ,     bk ,    0 ,     0 ,     1125 ,    0 ,    643         ,
27 ,    1165 ,     bk ,    0 ,     0 ,     1165 ,    0 ,    650         ,
27 ,    1205 ,     bk ,    0 ,     0 ,     1205 ,    0 ,    675         ,
27 ,    1245 ,     bk ,    0 ,     0 ,     1245 ,    0 ,    866         ,
27 ,    1285 ,     bk ,    0 ,     0 ,     1285 ,    0 ,    692         ,
27 ,    1325 ,     bk ,    0 ,     0 ,     1325 ,    0 ,    637         ,
27 ,    1365 ,     bk ,    0 ,     0 ,     1365 ,    0 ,    713         ,
27 ,    1405 ,     bk ,    0 ,     0 ,     1405 ,    0 ,    829         ,
27 ,    1445 ,     bk ,    0 ,     0 ,     1445 ,    0 ,    709         ,
27 ,    1485 ,     bk ,    0 ,     0 ,     1485 ,    0 ,    760         ,
27 ,    1525 ,     bk ,    0 ,     0 ,     1525 ,    0 ,    756         ,
27 ,    1565 ,     bk ,    0 ,     0 ,     1565 ,    0 ,    747         ,
27 ,    1605 ,     bk ,    0 ,     0 ,     1605 ,    0 ,    779         ,
27 ,    1645 ,     bk ,    0 ,     0 ,     1645 ,    0 ,    1060         ,
27 ,    1685 ,     bk ,    0 ,     0 ,     1685 ,    0 ,    777         ,
27 ,    1725 ,     bk ,    0 ,     0 ,     1725 ,    0 ,    812         ,
27 ,    1765 ,     bk ,    0 ,     0 ,     1765 ,    0 ,    829         ,
27 ,    1805 ,     bk ,    0 ,     0 ,     1805 ,    0 ,    839         ,
27 ,    1845 ,     bk ,    0 ,     0 ,     1845 ,    0 ,    911         ,
27 ,    1885 ,     bk ,    0 ,     0 ,     1885 ,    0 ,    883         ,
27 ,    1925 ,     bk ,    0 ,     0 ,     1925 ,    0 ,    844         ,
27 ,    1965 ,     bk ,    0 ,     0 ,     1965 ,    0 ,    878         ,
27 ,    2005 ,     bk ,    0 ,     0 ,     2005 ,    0 ,    908         ,
27 ,    2045 ,     bk ,    0 ,     0 ,     2045 ,    0 ,    919         ,
27 ,    2085 ,     bk ,    0 ,     0 ,     2085 ,    0 ,    914         ,
27 ,    2125 ,     bk ,    0 ,     0 ,     2125 ,    0 ,    1145         ,
27 ,    2165 ,     bk ,    0 ,     0 ,     2165 ,    0 ,    903         ,
27 ,    2205 ,     bk ,    0 ,     0 ,     2205 ,    0 ,    982         ,
27 ,    2245 ,     bk ,    0 ,     0 ,     2245 ,    0 ,    945         ,
27 ,    2285 ,     bk ,    0 ,     0 ,     2285 ,    0 ,    958         ,
27 ,    2325 ,     bk ,    0 ,     0 ,     2325 ,    0 ,    989         ,
27 ,    2365 ,     bk ,    0 ,     0 ,     2365 ,    0 ,    1228         ,
27 ,    2405 ,     bk ,    0 ,     0 ,     2405 ,    0 ,    2221         ,
27 ,    2445 ,     bk ,    0 ,     0 ,     2445 ,    0 ,    1056         ,
27 ,    2485 ,     bk ,    0 ,     0 ,     2485 ,    0 ,    1034         ,
27 ,    2525 ,     bk ,    0 ,     0 ,     2525 ,    0 ,    1026         ,
27 ,    2565 ,     bk ,    0 ,     0 ,     2565 ,    0 ,    1057         ,
27 ,    2605 ,     bk ,    0 ,     0 ,     2605 ,    0 ,    1092         ,
27 ,    2645 ,     bk ,    0 ,     0 ,     2645 ,    0 ,    1091         ,
27 ,    2685 ,     bk ,    0 ,     0 ,     2685 ,    0 ,    1099         ,
27 ,    2725 ,     bk ,    0 ,     0 ,     2725 ,    0 ,    1160         ,
27 ,    2765 ,     bk ,    0 ,     0 ,     2765 ,    0 ,    1171         ,
27 ,    2805 ,     bk ,    0 ,     0 ,     2805 ,    0 ,    1859         ,
27 ,    2845 ,     bk ,    0 ,     0 ,     2845 ,    0 ,    1495         ,
27 ,    2885 ,     bk ,    0 ,     0 ,     2885 ,    0 ,    1210         ,
27 ,    2925 ,     bk ,    0 ,     0 ,     2925 ,    0 ,    1257         ,
27 ,    2965 ,     bk ,    0 ,     0 ,     2965 ,    0 ,    1206         ,
27 ,    3005 ,     bk ,    0 ,     0 ,     3005 ,    0 ,    1251         ,
27 ,    3045 ,     bk ,    0 ,     0 ,     3045 ,    0 ,    1238         ,
27 ,    3085 ,     bk ,    0 ,     0 ,     3085 ,    0 ,    1734         ,
27 ,    3125 ,     bk ,    0 ,     0 ,     3125 ,    0 ,    1247         ,
27 ,    3165 ,     bk ,    0 ,     0 ,     3165 ,    0 ,    1300         ,
27 ,    3205 ,     bk ,    0 ,     0 ,     3205 ,    0 ,    1321         ,
27 ,    3245 ,     bk ,    0 ,     0 ,     3245 ,    0 ,    1411         ,
27 ,    3285 ,     bk ,    0 ,     0 ,     3285 ,    0 ,    1898         ,
27 ,    3325 ,     bk ,    0 ,     0 ,     3325 ,    0 ,    1351         ,
27 ,    3365 ,     bk ,    0 ,     0 ,     3365 ,    0 ,    1341         ,
27 ,    3405 ,     bk ,    0 ,     0 ,     3405 ,    0 ,    1392         ,
27 ,    3445 ,     bk ,    0 ,     0 ,     3445 ,    0 ,    1397         ,
27 ,    3485 ,     bk ,    0 ,     0 ,     3485 ,    0 ,    1400         ,
27 ,    3525 ,     bk ,    0 ,     0 ,     3525 ,    0 ,    1408         ,
27 ,    3565 ,     bk ,    0 ,     0 ,     3565 ,    0 ,    1484         ,
27 ,    3605 ,     bk ,    0 ,     0 ,     3605 ,    0 ,    1485         ,
27 ,    3645 ,     bk ,    0 ,     0 ,     3645 ,    0 ,    1856         ,
27 ,    3685 ,     bk ,    0 ,     0 ,     3685 ,    0 ,    1500         ,
27 ,    3725 ,     bk ,    0 ,     0 ,     3725 ,    0 ,    1510         ,
27 ,    3765 ,     bk ,    0 ,     0 ,     3765 ,    0 ,    1588         ,
27 ,    3805 ,     bk ,    0 ,     0 ,     3805 ,    0 ,    1548         ,
27 ,    3845 ,     bk ,    0 ,     0 ,     3845 ,    0 ,    1575         ,
27 ,    3885 ,     bk ,    0 ,     0 ,     3885 ,    0 ,    1667         ,
27 ,    3925 ,     bk ,    0 ,     0 ,     3925 ,    0 ,    2616         ,
27 ,    3965 ,     bk ,    0 ,     0 ,     3965 ,    0 ,    2969         ,
27 ,    4005 ,     bk ,    0 ,     0 ,     4005 ,    0 ,    2303         ,
27 ,    4045 ,     bk ,    0 ,     0 ,     4045 ,    0 ,    1784         ,
27 ,    4085 ,     bk ,    0 ,     0 ,     4085 ,    0 ,    1692         ,
27 ,    4125 ,     bk ,    0 ,     0 ,     4125 ,    0 ,    2114         ,
27 ,    4165 ,     bk ,    0 ,     0 ,     4165 ,    0 ,    1776         ,
27 ,    4205 ,     bk ,    0 ,     0 ,     4205 ,    0 ,    1769         ,
27 ,    4245 ,     bk ,    0 ,     0 ,     4245 ,    0 ,    1922         ,
27 ,    4285 ,     bk ,    0 ,     0 ,     4285 ,    0 ,    1852         ,
27 ,    4325 ,     bk ,    0 ,     0 ,     4325 ,    0 ,    1805         ,
27 ,    4365 ,     bk ,    0 ,     0 ,     4365 ,    0 ,    1922         ,
27 ,    4405 ,     bk ,    0 ,     0 ,     4405 ,    0 ,    5183         ,
27 ,    4445 ,     bk ,    0 ,     0 ,     4445 ,    0 ,    3840         ,
27 ,    4485 ,     bk ,    0 ,     0 ,     4485 ,    0 ,    2411         ,
27 ,    4525 ,     bk ,    0 ,     0 ,     4525 ,    0 ,    1869         ,
27 ,    4565 ,     bk ,    0 ,     0 ,     4565 ,    0 ,    2012         ,
27 ,    4605 ,     bk ,    0 ,     0 ,     4605 ,    0 ,    1905         ,
27 ,    4645 ,     bk ,    0 ,     0 ,     4645 ,    0 ,    1983         ,
27 ,    4685 ,     bk ,    0 ,     0 ,     4685 ,    0 ,    1937         ,
27 ,    4725 ,     bk ,    0 ,     0 ,     4725 ,    0 ,    1976         ,
27 ,    4765 ,     bk ,    0 ,     0 ,     4765 ,    0 ,    1963         ,
27 ,    4805 ,     bk ,    0 ,     0 ,     4805 ,    0 ,    2169         ,
27 ,    4845 ,     bk ,    0 ,     0 ,     4845 ,    0 ,    2316         ,
27 ,    4885 ,     bk ,    0 ,     0 ,     4885 ,    0 ,    2103         ,
27 ,    4925 ,     bk ,    0 ,     0 ,     4925 ,    0 ,    2360         ,
27 ,    4965 ,     bk ,    0 ,     0 ,     4965 ,    0 ,    2073         ,
27 ,    5 ,     bk ,    1 ,     0 ,     5 ,    0 ,    7         ,
27 ,    45 ,     bk ,    1 ,     0 ,     45 ,    0 ,    12         ,
27 ,    85 ,     bk ,    1 ,     0 ,     85 ,    0 ,    18         ,
27 ,    125 ,     bk ,    1 ,     0 ,     125 ,    0 ,    24         ,
27 ,    165 ,     bk ,    1 ,     0 ,     165 ,    0 ,    31         ,
27 ,    205 ,     bk ,    1 ,     0 ,     205 ,    0 ,    37         ,
27 ,    245 ,     bk ,    1 ,     0 ,     245 ,    0 ,    45         ,
27 ,    285 ,     bk ,    1 ,     0 ,     285 ,    0 ,    52         ,
27 ,    325 ,     bk ,    1 ,     0 ,     325 ,    0 ,    57         ,
27 ,    365 ,     bk ,    1 ,     0 ,     365 ,    0 ,    64         ,
27 ,    405 ,     bk ,    1 ,     0 ,     405 ,    0 ,    101         ,
27 ,    445 ,     bk ,    1 ,     0 ,     445 ,    0 ,    79         ,
27 ,    485 ,     bk ,    1 ,     0 ,     485 ,    0 ,    86         ,
27 ,    525 ,     bk ,    1 ,     0 ,     525 ,    0 ,    94         ,
27 ,    565 ,     bk ,    1 ,     0 ,     565 ,    0 ,    99         ,
27 ,    605 ,     bk ,    1 ,     0 ,     605 ,    0 ,    114         ,
27 ,    645 ,     bk ,    1 ,     0 ,     645 ,    0 ,    116         ,
27 ,    685 ,     bk ,    1 ,     0 ,     685 ,    0 ,    126         ,
27 ,    725 ,     bk ,    1 ,     0 ,     725 ,    0 ,    135         ,
27 ,    765 ,     bk ,    1 ,     0 ,     765 ,    0 ,    141         ,
27 ,    805 ,     bk ,    1 ,     0 ,     805 ,    0 ,    146         ,
27 ,    845 ,     bk ,    1 ,     0 ,     845 ,    0 ,    152         ,
27 ,    885 ,     bk ,    1 ,     0 ,     885 ,    0 ,    162         ,
27 ,    925 ,     bk ,    1 ,     0 ,     925 ,    0 ,    169         ,
27 ,    965 ,     bk ,    1 ,     0 ,     965 ,    0 ,    184         ,
27 ,    1005 ,     bk ,    1 ,     0 ,     1005 ,    0 ,    186         ,
27 ,    1045 ,     bk ,    1 ,     0 ,     1045 ,    0 ,    190         ,
27 ,    1085 ,     bk ,    1 ,     0 ,     1085 ,    0 ,    203         ,
27 ,    1125 ,     bk ,    1 ,     0 ,     1125 ,    0 ,    337         ,
27 ,    1165 ,     bk ,    1 ,     0 ,     1165 ,    0 ,    257         ,
27 ,    1205 ,     bk ,    1 ,     0 ,     1205 ,    0 ,    432         ,
27 ,    1245 ,     bk ,    1 ,     0 ,     1245 ,    0 ,    511         ,
27 ,    1285 ,     bk ,    1 ,     0 ,     1285 ,    0 ,    489         ,
27 ,    1325 ,     bk ,    1 ,     0 ,     1325 ,    0 ,    576         ,
27 ,    1365 ,     bk ,    1 ,     0 ,     1365 ,    0 ,    824         ,
27 ,    1405 ,     bk ,    1 ,     0 ,     1405 ,    0 ,    496         ,
27 ,    1445 ,     bk ,    1 ,     0 ,     1445 ,    0 ,    511         ,
27 ,    1485 ,     bk ,    1 ,     0 ,     1485 ,    0 ,    378         ,
27 ,    1525 ,     bk ,    1 ,     0 ,     1525 ,    0 ,    296         ,
27 ,    1565 ,     bk ,    1 ,     0 ,     1565 ,    0 ,    303         ,
27 ,    1605 ,     bk ,    1 ,     0 ,     1605 ,    0 ,    710         ,
27 ,    1645 ,     bk ,    1 ,     0 ,     1645 ,    0 ,    560         ,
27 ,    1685 ,     bk ,    1 ,     0 ,     1685 ,    0 ,    586         ,
27 ,    1725 ,     bk ,    1 ,     0 ,     1725 ,    0 ,    495         ,
27 ,    1765 ,     bk ,    1 ,     0 ,     1765 ,    0 ,    521         ,
27 ,    1805 ,     bk ,    1 ,     0 ,     1805 ,    0 ,    501         ,
27 ,    1845 ,     bk ,    1 ,     0 ,     1845 ,    0 ,    492         ,
27 ,    1885 ,     bk ,    1 ,     0 ,     1885 ,    0 ,    523         ,
27 ,    1925 ,     bk ,    1 ,     0 ,     1925 ,    0 ,    642         ,
27 ,    1965 ,     bk ,    1 ,     0 ,     1965 ,    0 ,    660         ,
27 ,    2005 ,     bk ,    1 ,     0 ,     2005 ,    0 ,    550         ,
27 ,    2045 ,     bk ,    1 ,     0 ,     2045 ,    0 ,    729         ,
27 ,    2085 ,     bk ,    1 ,     0 ,     2085 ,    0 ,    728         ,
27 ,    2125 ,     bk ,    1 ,     0 ,     2125 ,    0 ,    919         ,
27 ,    2165 ,     bk ,    1 ,     0 ,     2165 ,    0 ,    955         ,
27 ,    2205 ,     bk ,    1 ,     0 ,     2205 ,    0 ,    906         ,
27 ,    2245 ,     bk ,    1 ,     0 ,     2245 ,    0 ,    782         ,
27 ,    2285 ,     bk ,    1 ,     0 ,     2285 ,    0 ,    802         ,
27 ,    2325 ,     bk ,    1 ,     0 ,     2325 ,    0 ,    1060         ,
27 ,    2365 ,     bk ,    1 ,     0 ,     2365 ,    0 ,    972         ,
27 ,    2405 ,     bk ,    1 ,     0 ,     2405 ,    0 ,    615         ,
27 ,    2445 ,     bk ,    1 ,     0 ,     2445 ,    0 ,    1060         ,
27 ,    2485 ,     bk ,    1 ,     0 ,     2485 ,    0 ,    599         ,
27 ,    2525 ,     bk ,    1 ,     0 ,     2525 ,    0 ,    628         ,
27 ,    2565 ,     bk ,    1 ,     0 ,     2565 ,    0 ,    634         ,
27 ,    2605 ,     bk ,    1 ,     0 ,     2605 ,    0 ,    618         ,
27 ,    2645 ,     bk ,    1 ,     0 ,     2645 ,    0 ,    663         ,
27 ,    2685 ,     bk ,    1 ,     0 ,     2685 ,    0 ,    653         ,
27 ,    2725 ,     bk ,    1 ,     0 ,     2725 ,    0 ,    729         ,
27 ,    2765 ,     bk ,    1 ,     0 ,     2765 ,    0 ,    702         ,
27 ,    2805 ,     bk ,    1 ,     0 ,     2805 ,    0 ,    739         ,
27 ,    2845 ,     bk ,    1 ,     0 ,     2845 ,    0 ,    746         ,
27 ,    2885 ,     bk ,    1 ,     0 ,     2885 ,    0 ,    689         ,
27 ,    2925 ,     bk ,    1 ,     0 ,     2925 ,    0 ,    784         ,
27 ,    2965 ,     bk ,    1 ,     0 ,     2965 ,    0 ,    757         ,
27 ,    3005 ,     bk ,    1 ,     0 ,     3005 ,    0 ,    1436         ,
27 ,    3045 ,     bk ,    1 ,     0 ,     3045 ,    0 ,    825         ,
27 ,    3085 ,     bk ,    1 ,     0 ,     3085 ,    0 ,    764         ,
27 ,    3125 ,     bk ,    1 ,     0 ,     3125 ,    0 ,    987         ,
27 ,    3165 ,     bk ,    1 ,     0 ,     3165 ,    0 ,    860         ,
27 ,    3205 ,     bk ,    1 ,     0 ,     3205 ,    0 ,    951         ,
27 ,    3245 ,     bk ,    1 ,     0 ,     3245 ,    0 ,    879         ,
27 ,    3285 ,     bk ,    1 ,     0 ,     3285 ,    0 ,    895         ,
27 ,    3325 ,     bk ,    1 ,     0 ,     3325 ,    0 ,    865         ,
27 ,    3365 ,     bk ,    1 ,     0 ,     3365 ,    0 ,    980         ,
27 ,    3405 ,     bk ,    1 ,     0 ,     3405 ,    0 ,    1114         ,
27 ,    3445 ,     bk ,    1 ,     0 ,     3445 ,    0 ,    1006         ,
27 ,    3485 ,     bk ,    1 ,     0 ,     3485 ,    0 ,    1327         ,
27 ,    3525 ,     bk ,    1 ,     0 ,     3525 ,    0 ,    926         ,
27 ,    3565 ,     bk ,    1 ,     0 ,     3565 ,    0 ,    1015         ,
27 ,    3605 ,     bk ,    1 ,     0 ,     3605 ,    0 ,    1348         ,
27 ,    3645 ,     bk ,    1 ,     0 ,     3645 ,    0 ,    1090         ,
27 ,    3685 ,     bk ,    1 ,     0 ,     3685 ,    0 ,    1090         ,
27 ,    3725 ,     bk ,    1 ,     0 ,     3725 ,    0 ,    1042         ,
27 ,    3765 ,     bk ,    1 ,     0 ,     3765 ,    0 ,    1068         ,
27 ,    3805 ,     bk ,    1 ,     0 ,     3805 ,    0 ,    1296         ,
27 ,    3845 ,     bk ,    1 ,     0 ,     3845 ,    0 ,    1085         ,
27 ,    3885 ,     bk ,    1 ,     0 ,     3885 ,    0 ,    1190         ,
27 ,    3925 ,     bk ,    1 ,     0 ,     3925 ,    0 ,    1123         ,
27 ,    3965 ,     bk ,    1 ,     0 ,     3965 ,    0 ,    1213         ,
27 ,    4005 ,     bk ,    1 ,     0 ,     4005 ,    0 ,    1111         ,
27 ,    4045 ,     bk ,    1 ,     0 ,     4045 ,    0 ,    1118         ,
27 ,    4085 ,     bk ,    1 ,     0 ,     4085 ,    0 ,    1134         ,
27 ,    4125 ,     bk ,    1 ,     0 ,     4125 ,    0 ,    1227         ,
27 ,    4165 ,     bk ,    1 ,     0 ,     4165 ,    0 ,    1542         ,
27 ,    4205 ,     bk ,    1 ,     0 ,     4205 ,    0 ,    1246         ,
27 ,    4245 ,     bk ,    1 ,     0 ,     4245 ,    0 ,    1330         ,
27 ,    4285 ,     bk ,    1 ,     0 ,     4285 ,    0 ,    1225         ,
27 ,    4325 ,     bk ,    1 ,     0 ,     4325 ,    0 ,    1333         ,
27 ,    4365 ,     bk ,    1 ,     0 ,     4365 ,    0 ,    1390         ,
27 ,    4405 ,     bk ,    1 ,     0 ,     4405 ,    0 ,    1314         ,
27 ,    4445 ,     bk ,    1 ,     0 ,     4445 ,    0 ,    1499         ,
27 ,    4485 ,     bk ,    1 ,     0 ,     4485 ,    0 ,    1456         ,
27 ,    4525 ,     bk ,    1 ,     0 ,     4525 ,    0 ,    1293         ,
27 ,    4565 ,     bk ,    1 ,     0 ,     4565 ,    0 ,    1332         ,
27 ,    4605 ,     bk ,    1 ,     0 ,     4605 ,    0 ,    1329         ,
27 ,    4645 ,     bk ,    1 ,     0 ,     4645 ,    0 ,    1498         ,
27 ,    4685 ,     bk ,    1 ,     0 ,     4685 ,    0 ,    1433         ,
27 ,    4725 ,     bk ,    1 ,     0 ,     4725 ,    0 ,    1387         ,
27 ,    4765 ,     bk ,    1 ,     0 ,     4765 ,    0 ,    1430         ,
27 ,    4805 ,     bk ,    1 ,     0 ,     4805 ,    0 ,    1489         ,
27 ,    4845 ,     bk ,    1 ,     0 ,     4845 ,    0 ,    1615         ,
27 ,    4885 ,     bk ,    1 ,     0 ,     4885 ,    0 ,    1574         ,
27 ,    4925 ,     bk ,    1 ,     0 ,     4925 ,    0 ,    1806         ,
27 ,    4965 ,     bk ,    1 ,     0 ,     4965 ,    0 ,    1677         ,
27 ,    5 ,     bk ,    2 ,     0 ,     5 ,    0 ,    4         ,
27 ,    45 ,     bk ,    2 ,     0 ,     45 ,    0 ,    12         ,
27 ,    85 ,     bk ,    2 ,     0 ,     85 ,    0 ,    16         ,
27 ,    125 ,     bk ,    2 ,     0 ,     125 ,    0 ,    22         ,
27 ,    165 ,     bk ,    2 ,     0 ,     165 ,    0 ,    31         ,
27 ,    205 ,     bk ,    2 ,     0 ,     205 ,    0 ,    36         ,
27 ,    245 ,     bk ,    2 ,     0 ,     245 ,    0 ,    43         ,
27 ,    285 ,     bk ,    2 ,     0 ,     285 ,    0 ,    50         ,
27 ,    325 ,     bk ,    2 ,     0 ,     325 ,    0 ,    56         ,
27 ,    365 ,     bk ,    2 ,     0 ,     365 ,    0 ,    61         ,
27 ,    405 ,     bk ,    2 ,     0 ,     405 ,    0 ,    70         ,
27 ,    445 ,     bk ,    2 ,     0 ,     445 ,    0 ,    77         ,
27 ,    485 ,     bk ,    2 ,     0 ,     485 ,    0 ,    82         ,
27 ,    525 ,     bk ,    2 ,     0 ,     525 ,    0 ,    89         ,
27 ,    565 ,     bk ,    2 ,     0 ,     565 ,    0 ,    96         ,
27 ,    605 ,     bk ,    2 ,     0 ,     605 ,    0 ,    107         ,
27 ,    645 ,     bk ,    2 ,     0 ,     645 ,    0 ,    111         ,
27 ,    685 ,     bk ,    2 ,     0 ,     685 ,    0 ,    116         ,
27 ,    725 ,     bk ,    2 ,     0 ,     725 ,    0 ,    128         ,
27 ,    765 ,     bk ,    2 ,     0 ,     765 ,    0 ,    132         ,
27 ,    805 ,     bk ,    2 ,     0 ,     805 ,    0 ,    136         ,
27 ,    845 ,     bk ,    2 ,     0 ,     845 ,    0 ,    143         ,
27 ,    885 ,     bk ,    2 ,     0 ,     885 ,    0 ,    155         ,
27 ,    925 ,     bk ,    2 ,     0 ,     925 ,    0 ,    163         ,
27 ,    965 ,     bk ,    2 ,     0 ,     965 ,    0 ,    201         ,
27 ,    1005 ,     bk ,    2 ,     0 ,     1005 ,    0 ,    179         ,
27 ,    1045 ,     bk ,    2 ,     0 ,     1045 ,    0 ,    182         ,
27 ,    1085 ,     bk ,    2 ,     0 ,     1085 ,    0 ,    190         ,
27 ,    1125 ,     bk ,    2 ,     0 ,     1125 ,    0 ,    235         ,
27 ,    1165 ,     bk ,    2 ,     0 ,     1165 ,    0 ,    205         ,
27 ,    1205 ,     bk ,    2 ,     0 ,     1205 ,    0 ,    215         ,
27 ,    1245 ,     bk ,    2 ,     0 ,     1245 ,    0 ,    262         ,
27 ,    1285 ,     bk ,    2 ,     0 ,     1285 ,    0 ,    275         ,
27 ,    1325 ,     bk ,    2 ,     0 ,     1325 ,    0 ,    278         ,
27 ,    1365 ,     bk ,    2 ,     0 ,     1365 ,    0 ,    243         ,
27 ,    1405 ,     bk ,    2 ,     0 ,     1405 ,    0 ,    293         ,
27 ,    1445 ,     bk ,    2 ,     0 ,     1445 ,    0 ,    266         ,
27 ,    1485 ,     bk ,    2 ,     0 ,     1485 ,    0 ,    313         ,
27 ,    1525 ,     bk ,    2 ,     0 ,     1525 ,    0 ,    278         ,
27 ,    1565 ,     bk ,    2 ,     0 ,     1565 ,    0 ,    329         ,
27 ,    1605 ,     bk ,    2 ,     0 ,     1605 ,    0 ,    339         ,
27 ,    1645 ,     bk ,    2 ,     0 ,     1645 ,    0 ,    346         ,
27 ,    1685 ,     bk ,    2 ,     0 ,     1685 ,    0 ,    310         ,
27 ,    1725 ,     bk ,    2 ,     0 ,     1725 ,    0 ,    367         ,
27 ,    1765 ,     bk ,    2 ,     0 ,     1765 ,    0 ,    329         ,
27 ,    1805 ,     bk ,    2 ,     0 ,     1805 ,    0 ,    383         ,
27 ,    1845 ,     bk ,    2 ,     0 ,     1845 ,    0 ,    417         ,
27 ,    1885 ,     bk ,    2 ,     0 ,     1885 ,    0 ,    410         ,
27 ,    1925 ,     bk ,    2 ,     0 ,     1925 ,    0 ,    403         ,
27 ,    1965 ,     bk ,    2 ,     0 ,     1965 ,    0 ,    415         ,
27 ,    2005 ,     bk ,    2 ,     0 ,     2005 ,    0 ,    451         ,
27 ,    2045 ,     bk ,    2 ,     0 ,     2045 ,    0 ,    449         ,
27 ,    2085 ,     bk ,    2 ,     0 ,     2085 ,    0 ,    447         ,
27 ,    2125 ,     bk ,    2 ,     0 ,     2125 ,    0 ,    452         ,
27 ,    2165 ,     bk ,    2 ,     0 ,     2165 ,    0 ,    458         ,
27 ,    2205 ,     bk ,    2 ,     0 ,     2205 ,    0 ,    475         ,
27 ,    2245 ,     bk ,    2 ,     0 ,     2245 ,    0 ,    418         ,
27 ,    2285 ,     bk ,    2 ,     0 ,     2285 ,    0 ,    496         ,
27 ,    2325 ,     bk ,    2 ,     0 ,     2325 ,    0 ,    508         ,
27 ,    2365 ,     bk ,    2 ,     0 ,     2365 ,    0 ,    542         ,
27 ,    2405 ,     bk ,    2 ,     0 ,     2405 ,    0 ,    521         ,
27 ,    2445 ,     bk ,    2 ,     0 ,     2445 ,    0 ,    519         ,
27 ,    2485 ,     bk ,    2 ,     0 ,     2485 ,    0 ,    659         ,
27 ,    2525 ,     bk ,    2 ,     0 ,     2525 ,    0 ,    574         ,
27 ,    2565 ,     bk ,    2 ,     0 ,     2565 ,    0 ,    577         ,
27 ,    2605 ,     bk ,    2 ,     0 ,     2605 ,    0 ,    589         ,
27 ,    2645 ,     bk ,    2 ,     0 ,     2645 ,    0 ,    573         ,
27 ,    2685 ,     bk ,    2 ,     0 ,     2685 ,    0 ,    592         ,
27 ,    2725 ,     bk ,    2 ,     0 ,     2725 ,    0 ,    593         ,
27 ,    2765 ,     bk ,    2 ,     0 ,     2765 ,    0 ,    593         ,
27 ,    2805 ,     bk ,    2 ,     0 ,     2805 ,    0 ,    632         ,
27 ,    2845 ,     bk ,    2 ,     0 ,     2845 ,    0 ,    664         ,
27 ,    2885 ,     bk ,    2 ,     0 ,     2885 ,    0 ,    676         ,
27 ,    2925 ,     bk ,    2 ,     0 ,     2925 ,    0 ,    661         ,
27 ,    2965 ,     bk ,    2 ,     0 ,     2965 ,    0 ,    699         ,
27 ,    3005 ,     bk ,    2 ,     0 ,     3005 ,    0 ,    678         ,
27 ,    3045 ,     bk ,    2 ,     0 ,     3045 ,    0 ,    684         ,
27 ,    3085 ,     bk ,    2 ,     0 ,     3085 ,    0 ,    713         ,
27 ,    3125 ,     bk ,    2 ,     0 ,     3125 ,    0 ,    771         ,
27 ,    3165 ,     bk ,    2 ,     0 ,     3165 ,    0 ,    754         ,
27 ,    3205 ,     bk ,    2 ,     0 ,     3205 ,    0 ,    729         ,
27 ,    3245 ,     bk ,    2 ,     0 ,     3245 ,    0 ,    750         ,
27 ,    3285 ,     bk ,    2 ,     0 ,     3285 ,    0 ,    750         ,
27 ,    3325 ,     bk ,    2 ,     0 ,     3325 ,    0 ,    948         ,
27 ,    3365 ,     bk ,    2 ,     0 ,     3365 ,    0 ,    839         ,
27 ,    3405 ,     bk ,    2 ,     0 ,     3405 ,    0 ,    859         ,
27 ,    3445 ,     bk ,    2 ,     0 ,     3445 ,    0 ,    1177         ,
27 ,    3485 ,     bk ,    2 ,     0 ,     3485 ,    0 ,    885         ,
27 ,    3525 ,     bk ,    2 ,     0 ,     3525 ,    0 ,    871         ,
27 ,    3565 ,     bk ,    2 ,     0 ,     3565 ,    0 ,    1105         ,
27 ,    3605 ,     bk ,    2 ,     0 ,     3605 ,    0 ,    978         ,
27 ,    3645 ,     bk ,    2 ,     0 ,     3645 ,    0 ,    919         ,
27 ,    3685 ,     bk ,    2 ,     0 ,     3685 ,    0 ,    867         ,
27 ,    3725 ,     bk ,    2 ,     0 ,     3725 ,    0 ,    897         ,
27 ,    3765 ,     bk ,    2 ,     0 ,     3765 ,    0 ,    917         ,
27 ,    3805 ,     bk ,    2 ,     0 ,     3805 ,    0 ,    929         ,
27 ,    3845 ,     bk ,    2 ,     0 ,     3845 ,    0 ,    1396         ,
27 ,    3885 ,     bk ,    2 ,     0 ,     3885 ,    0 ,    971         ,
27 ,    3925 ,     bk ,    2 ,     0 ,     3925 ,    0 ,    985         ,
27 ,    3965 ,     bk ,    2 ,     0 ,     3965 ,    0 ,    1131         ,
27 ,    4005 ,     bk ,    2 ,     0 ,     4005 ,    0 ,    1086         ,
27 ,    4045 ,     bk ,    2 ,     0 ,     4045 ,    0 ,    1095         ,
27 ,    4085 ,     bk ,    2 ,     0 ,     4085 ,    0 ,    1143         ,
27 ,    4125 ,     bk ,    2 ,     0 ,     4125 ,    0 ,    1091         ,
27 ,    4165 ,     bk ,    2 ,     0 ,     4165 ,    0 ,    1246         ,
27 ,    4205 ,     bk ,    2 ,     0 ,     4205 ,    0 ,    1099         ,
27 ,    4245 ,     bk ,    2 ,     0 ,     4245 ,    0 ,    1295         ,
27 ,    4285 ,     bk ,    2 ,     0 ,     4285 ,    0 ,    1123         ,
27 ,    4325 ,     bk ,    2 ,     0 ,     4325 ,    0 ,    1125         ,
27 ,    4365 ,     bk ,    2 ,     0 ,     4365 ,    0 ,    1166         ,
27 ,    4405 ,     bk ,    2 ,     0 ,     4405 ,    0 ,    1163         ,
27 ,    4445 ,     bk ,    2 ,     0 ,     4445 ,    0 ,    1190         ,
27 ,    4485 ,     bk ,    2 ,     0 ,     4485 ,    0 ,    1199         ,
27 ,    4525 ,     bk ,    2 ,     0 ,     4525 ,    0 ,    1205         ,
27 ,    4565 ,     bk ,    2 ,     0 ,     4565 ,    0 ,    1227         ,
27 ,    4605 ,     bk ,    2 ,     0 ,     4605 ,    0 ,    1226         ,
27 ,    4645 ,     bk ,    2 ,     0 ,     4645 ,    0 ,    1383         ,
27 ,    4685 ,     bk ,    2 ,     0 ,     4685 ,    0 ,    1282         ,
27 ,    4725 ,     bk ,    2 ,     0 ,     4725 ,    0 ,    1443         ,
27 ,    4765 ,     bk ,    2 ,     0 ,     4765 ,    0 ,    1349         ,
27 ,    4805 ,     bk ,    2 ,     0 ,     4805 ,    0 ,    1287         ,
27 ,    4845 ,     bk ,    2 ,     0 ,     4845 ,    0 ,    1303         ,
27 ,    4885 ,     bk ,    2 ,     0 ,     4885 ,    0 ,    1345         ,
27 ,    4925 ,     bk ,    2 ,     0 ,     4925 ,    0 ,    1378         ,
27 ,    4965 ,     bk ,    2 ,     0 ,     4965 ,    0 ,    1345         ,
27 ,    5 ,     bk ,    3 ,     0 ,     5 ,    0 ,    4         ,
27 ,    45 ,     bk ,    3 ,     0 ,     45 ,    0 ,    13         ,
27 ,    85 ,     bk ,    3 ,     0 ,     85 ,    0 ,    21         ,
27 ,    125 ,     bk ,    3 ,     0 ,     125 ,    0 ,    28         ,
27 ,    165 ,     bk ,    3 ,     0 ,     165 ,    0 ,    35         ,
27 ,    205 ,     bk ,    3 ,     0 ,     205 ,    0 ,    44         ,
27 ,    245 ,     bk ,    3 ,     0 ,     245 ,    0 ,    52         ,
27 ,    285 ,     bk ,    3 ,     0 ,     285 ,    0 ,    58         ,
27 ,    325 ,     bk ,    3 ,     0 ,     325 ,    0 ,    67         ,
27 ,    365 ,     bk ,    3 ,     0 ,     365 ,    0 ,    74         ,
27 ,    405 ,     bk ,    3 ,     0 ,     405 ,    0 ,    83         ,
27 ,    445 ,     bk ,    3 ,     0 ,     445 ,    0 ,    93         ,
27 ,    485 ,     bk ,    3 ,     0 ,     485 ,    0 ,    100         ,
27 ,    525 ,     bk ,    3 ,     0 ,     525 ,    0 ,    109         ,
27 ,    565 ,     bk ,    3 ,     0 ,     565 ,    0 ,    117         ,
27 ,    605 ,     bk ,    3 ,     0 ,     605 ,    0 ,    124         ,
27 ,    645 ,     bk ,    3 ,     0 ,     645 ,    0 ,    130         ,
27 ,    685 ,     bk ,    3 ,     0 ,     685 ,    0 ,    144         ,
27 ,    725 ,     bk ,    3 ,     0 ,     725 ,    0 ,    147         ,
27 ,    765 ,     bk ,    3 ,     0 ,     765 ,    0 ,    156         ,
27 ,    805 ,     bk ,    3 ,     0 ,     805 ,    0 ,    164         ,
27 ,    845 ,     bk ,    3 ,     0 ,     845 ,    0 ,    169         ,
27 ,    885 ,     bk ,    3 ,     0 ,     885 ,    0 ,    180         ,
27 ,    925 ,     bk ,    3 ,     0 ,     925 ,    0 ,    185         ,
27 ,    965 ,     bk ,    3 ,     0 ,     965 ,    0 ,    193         ,
27 ,    1005 ,     bk ,    3 ,     0 ,     1005 ,    0 ,    204         ,
27 ,    1045 ,     bk ,    3 ,     0 ,     1045 ,    0 ,    207         ,
27 ,    1085 ,     bk ,    3 ,     0 ,     1085 ,    0 ,    216         ,
27 ,    1125 ,     bk ,    3 ,     0 ,     1125 ,    0 ,    222         ,
27 ,    1165 ,     bk ,    3 ,     0 ,     1165 ,    0 ,    232         ,
27 ,    1205 ,     bk ,    3 ,     0 ,     1205 ,    0 ,    245         ,
27 ,    1245 ,     bk ,    3 ,     0 ,     1245 ,    0 ,    253         ,
27 ,    1285 ,     bk ,    3 ,     0 ,     1285 ,    0 ,    253         ,
27 ,    1325 ,     bk ,    3 ,     0 ,     1325 ,    0 ,    269         ,
27 ,    1365 ,     bk ,    3 ,     0 ,     1365 ,    0 ,    272         ,
27 ,    1405 ,     bk ,    3 ,     0 ,     1405 ,    0 ,    278         ,
27 ,    1445 ,     bk ,    3 ,     0 ,     1445 ,    0 ,    294         ,
27 ,    1485 ,     bk ,    3 ,     0 ,     1485 ,    0 ,    291         ,
27 ,    1525 ,     bk ,    3 ,     0 ,     1525 ,    0 ,    298         ,
27 ,    1565 ,     bk ,    3 ,     0 ,     1565 ,    0 ,    308         ,
27 ,    1605 ,     bk ,    3 ,     0 ,     1605 ,    0 ,    319         ,
27 ,    1645 ,     bk ,    3 ,     0 ,     1645 ,    0 ,    328         ,
27 ,    1685 ,     bk ,    3 ,     0 ,     1685 ,    0 ,    328         ,
27 ,    1725 ,     bk ,    3 ,     0 ,     1725 ,    0 ,    336         ,
27 ,    1765 ,     bk ,    3 ,     0 ,     1765 ,    0 ,    349         ,
27 ,    1805 ,     bk ,    3 ,     0 ,     1805 ,    0 ,    365         ,
27 ,    1845 ,     bk ,    3 ,     0 ,     1845 ,    0 ,    367         ,
27 ,    1885 ,     bk ,    3 ,     0 ,     1885 ,    0 ,    379         ,
27 ,    1925 ,     bk ,    3 ,     0 ,     1925 ,    0 ,    379         ,
27 ,    1965 ,     bk ,    3 ,     0 ,     1965 ,    0 ,    389         ,
27 ,    2005 ,     bk ,    3 ,     0 ,     2005 ,    0 ,    391         ,
27 ,    2045 ,     bk ,    3 ,     0 ,     2045 ,    0 ,    403         ,
27 ,    2085 ,     bk ,    3 ,     0 ,     2085 ,    0 ,    515         ,
27 ,    2125 ,     bk ,    3 ,     0 ,     2125 ,    0 ,    423         ,
27 ,    2165 ,     bk ,    3 ,     0 ,     2165 ,    0 ,    433         ,
27 ,    2205 ,     bk ,    3 ,     0 ,     2205 ,    0 ,    456         ,
27 ,    2245 ,     bk ,    3 ,     0 ,     2245 ,    0 ,    449         ,
27 ,    2285 ,     bk ,    3 ,     0 ,     2285 ,    0 ,    454         ,
27 ,    2325 ,     bk ,    3 ,     0 ,     2325 ,    0 ,    503         ,
27 ,    2365 ,     bk ,    3 ,     0 ,     2365 ,    0 ,    476         ,
27 ,    2405 ,     bk ,    3 ,     0 ,     2405 ,    0 ,    477         ,
27 ,    2445 ,     bk ,    3 ,     0 ,     2445 ,    0 ,    483         ,
27 ,    2485 ,     bk ,    3 ,     0 ,     2485 ,    0 ,    493         ,
27 ,    2525 ,     bk ,    3 ,     0 ,     2525 ,    0 ,    511         ,
27 ,    2565 ,     bk ,    3 ,     0 ,     2565 ,    0 ,    513         ,
27 ,    2605 ,     bk ,    3 ,     0 ,     2605 ,    0 ,    520         ,
27 ,    2645 ,     bk ,    3 ,     0 ,     2645 ,    0 ,    558         ,
27 ,    2685 ,     bk ,    3 ,     0 ,     2685 ,    0 ,    571         ,
27 ,    2725 ,     bk ,    3 ,     0 ,     2725 ,    0 ,    552         ,
27 ,    2765 ,     bk ,    3 ,     0 ,     2765 ,    0 ,    566         ,
27 ,    2805 ,     bk ,    3 ,     0 ,     2805 ,    0 ,    562         ,
27 ,    2845 ,     bk ,    3 ,     0 ,     2845 ,    0 ,    570         ,
27 ,    2885 ,     bk ,    3 ,     0 ,     2885 ,    0 ,    576         ,
27 ,    2925 ,     bk ,    3 ,     0 ,     2925 ,    0 ,    579         ,
27 ,    2965 ,     bk ,    3 ,     0 ,     2965 ,    0 ,    607         ,
27 ,    3005 ,     bk ,    3 ,     0 ,     3005 ,    0 ,    605         ,
27 ,    3045 ,     bk ,    3 ,     0 ,     3045 ,    0 ,    617         ,
27 ,    3085 ,     bk ,    3 ,     0 ,     3085 ,    0 ,    620         ,
27 ,    3125 ,     bk ,    3 ,     0 ,     3125 ,    0 ,    638         ,
27 ,    3165 ,     bk ,    3 ,     0 ,     3165 ,    0 ,    660         ,
27 ,    3205 ,     bk ,    3 ,     0 ,     3205 ,    0 ,    671         ,
27 ,    3245 ,     bk ,    3 ,     0 ,     3245 ,    0 ,    686         ,
27 ,    3285 ,     bk ,    3 ,     0 ,     3285 ,    0 ,    674         ,
27 ,    3325 ,     bk ,    3 ,     0 ,     3325 ,    0 ,    678         ,
27 ,    3365 ,     bk ,    3 ,     0 ,     3365 ,    0 ,    699         ,
27 ,    3405 ,     bk ,    3 ,     0 ,     3405 ,    0 ,    698         ,
27 ,    3445 ,     bk ,    3 ,     0 ,     3445 ,    0 ,    710         ,
27 ,    3485 ,     bk ,    3 ,     0 ,     3485 ,    0 ,    736         ,
27 ,    3525 ,     bk ,    3 ,     0 ,     3525 ,    0 ,    723         ,
27 ,    3565 ,     bk ,    3 ,     0 ,     3565 ,    0 ,    733         ,
27 ,    3605 ,     bk ,    3 ,     0 ,     3605 ,    0 ,    772         ,
27 ,    3645 ,     bk ,    3 ,     0 ,     3645 ,    0 ,    750         ,
27 ,    3685 ,     bk ,    3 ,     0 ,     3685 ,    0 ,    775         ,
27 ,    3725 ,     bk ,    3 ,     0 ,     3725 ,    0 ,    866         ,
27 ,    3765 ,     bk ,    3 ,     0 ,     3765 ,    0 ,    794         ,
27 ,    3805 ,     bk ,    3 ,     0 ,     3805 ,    0 ,    793         ,
27 ,    3845 ,     bk ,    3 ,     0 ,     3845 ,    0 ,    809         ,
27 ,    3885 ,     bk ,    3 ,     0 ,     3885 ,    0 ,    809         ,
27 ,    3925 ,     bk ,    3 ,     0 ,     3925 ,    0 ,    833         ,
27 ,    3965 ,     bk ,    3 ,     0 ,     3965 ,    0 ,    837         ,
27 ,    4005 ,     bk ,    3 ,     0 ,     4005 ,    0 ,    837         ,
27 ,    4045 ,     bk ,    3 ,     0 ,     4045 ,    0 ,    835         ,
27 ,    4085 ,     bk ,    3 ,     0 ,     4085 ,    0 ,    857         ,
27 ,    4125 ,     bk ,    3 ,     0 ,     4125 ,    0 ,    855         ,
27 ,    4165 ,     bk ,    3 ,     0 ,     4165 ,    0 ,    1008         ,
27 ,    4205 ,     bk ,    3 ,     0 ,     4205 ,    0 ,    931         ,
27 ,    4245 ,     bk ,    3 ,     0 ,     4245 ,    0 ,    884         ,
27 ,    4285 ,     bk ,    3 ,     0 ,     4285 ,    0 ,    919         ,
27 ,    4325 ,     bk ,    3 ,     0 ,     4325 ,    0 ,    923         ,
27 ,    4365 ,     bk ,    3 ,     0 ,     4365 ,    0 ,    915         ,
27 ,    4405 ,     bk ,    3 ,     0 ,     4405 ,    0 ,    1009         ,
27 ,    4445 ,     bk ,    3 ,     0 ,     4445 ,    0 ,    960         ,
27 ,    4485 ,     bk ,    3 ,     0 ,     4485 ,    0 ,    966         ,
27 ,    4525 ,     bk ,    3 ,     0 ,     4525 ,    0 ,    991         ,
27 ,    4565 ,     bk ,    3 ,     0 ,     4565 ,    0 ,    1073         ,
27 ,    4605 ,     bk ,    3 ,     0 ,     4605 ,    0 ,    1365         ,
27 ,    4645 ,     bk ,    3 ,     0 ,     4645 ,    0 ,    1115         ,
27 ,    4685 ,     bk ,    3 ,     0 ,     4685 ,    0 ,    1118         ,
27 ,    4725 ,     bk ,    3 ,     0 ,     4725 ,    0 ,    1252         ,
27 ,    4765 ,     bk ,    3 ,     0 ,     4765 ,    0 ,    1131         ,
27 ,    4805 ,     bk ,    3 ,     0 ,     4805 ,    0 ,    1140         ,
27 ,    4845 ,     bk ,    3 ,     0 ,     4845 ,    0 ,    1118         ,
27 ,    4885 ,     bk ,    3 ,     0 ,     4885 ,    0 ,    1112         ,
27 ,    4925 ,     bk ,    3 ,     0 ,     4925 ,    0 ,    1290         ,
27 ,    4965 ,     bk ,    3 ,     0 ,     4965 ,    0 ,    1082         ,
27 ,    5 ,     bk ,    4 ,     0 ,     5 ,    0 ,    4         ,
27 ,    45 ,     bk ,    4 ,     0 ,     45 ,    0 ,    15         ,
27 ,    85 ,     bk ,    4 ,     0 ,     85 ,    0 ,    21         ,
27 ,    125 ,     bk ,    4 ,     0 ,     125 ,    0 ,    28         ,
27 ,    165 ,     bk ,    4 ,     0 ,     165 ,    0 ,    37         ,
27 ,    205 ,     bk ,    4 ,     0 ,     205 ,    0 ,    45         ,
27 ,    245 ,     bk ,    4 ,     0 ,     245 ,    0 ,    52         ,
27 ,    285 ,     bk ,    4 ,     0 ,     285 ,    0 ,    60         ,
27 ,    325 ,     bk ,    4 ,     0 ,     325 ,    0 ,    69         ,
27 ,    365 ,     bk ,    4 ,     0 ,     365 ,    0 ,    75         ,
27 ,    405 ,     bk ,    4 ,     0 ,     405 ,    0 ,    83         ,
27 ,    445 ,     bk ,    4 ,     0 ,     445 ,    0 ,    96         ,
27 ,    485 ,     bk ,    4 ,     0 ,     485 ,    0 ,    101         ,
27 ,    525 ,     bk ,    4 ,     0 ,     525 ,    0 ,    109         ,
27 ,    565 ,     bk ,    4 ,     0 ,     565 ,    0 ,    116         ,
27 ,    605 ,     bk ,    4 ,     0 ,     605 ,    0 ,    125         ,
27 ,    645 ,     bk ,    4 ,     0 ,     645 ,    0 ,    131         ,
27 ,    685 ,     bk ,    4 ,     0 ,     685 ,    0 ,    141         ,
27 ,    725 ,     bk ,    4 ,     0 ,     725 ,    0 ,    148         ,
27 ,    765 ,     bk ,    4 ,     0 ,     765 ,    0 ,    156         ,
27 ,    805 ,     bk ,    4 ,     0 ,     805 ,    0 ,    169         ,
27 ,    845 ,     bk ,    4 ,     0 ,     845 ,    0 ,    170         ,
27 ,    885 ,     bk ,    4 ,     0 ,     885 ,    0 ,    181         ,
27 ,    925 ,     bk ,    4 ,     0 ,     925 ,    0 ,    188         ,
27 ,    965 ,     bk ,    4 ,     0 ,     965 ,    0 ,    197         ,
27 ,    1005 ,     bk ,    4 ,     0 ,     1005 ,    0 ,    202         ,
27 ,    1045 ,     bk ,    4 ,     0 ,     1045 ,    0 ,    207         ,
27 ,    1085 ,     bk ,    4 ,     0 ,     1085 ,    0 ,    222         ,
27 ,    1125 ,     bk ,    4 ,     0 ,     1125 ,    0 ,    227         ,
27 ,    1165 ,     bk ,    4 ,     0 ,     1165 ,    0 ,    232         ,
27 ,    1205 ,     bk ,    4 ,     0 ,     1205 ,    0 ,    246         ,
27 ,    1245 ,     bk ,    4 ,     0 ,     1245 ,    0 ,    247         ,
27 ,    1285 ,     bk ,    4 ,     0 ,     1285 ,    0 ,    264         ,
27 ,    1325 ,     bk ,    4 ,     0 ,     1325 ,    0 ,    269         ,
27 ,    1365 ,     bk ,    4 ,     0 ,     1365 ,    0 ,    286         ,
27 ,    1405 ,     bk ,    4 ,     0 ,     1405 ,    0 ,    279         ,
27 ,    1445 ,     bk ,    4 ,     0 ,     1445 ,    0 ,    286         ,
27 ,    1485 ,     bk ,    4 ,     0 ,     1485 ,    0 ,    298         ,
27 ,    1525 ,     bk ,    4 ,     0 ,     1525 ,    0 ,    308         ,
27 ,    1565 ,     bk ,    4 ,     0 ,     1565 ,    0 ,    312         ,
27 ,    1605 ,     bk ,    4 ,     0 ,     1605 ,    0 ,    317         ,
27 ,    1645 ,     bk ,    4 ,     0 ,     1645 ,    0 ,    328         ,
27 ,    1685 ,     bk ,    4 ,     0 ,     1685 ,    0 ,    335         ,
27 ,    1725 ,     bk ,    4 ,     0 ,     1725 ,    0 ,    449         ,
27 ,    1765 ,     bk ,    4 ,     0 ,     1765 ,    0 ,    349         ,
27 ,    1805 ,     bk ,    4 ,     0 ,     1805 ,    0 ,    360         ,
27 ,    1845 ,     bk ,    4 ,     0 ,     1845 ,    0 ,    374         ,
27 ,    1885 ,     bk ,    4 ,     0 ,     1885 ,    0 ,    377         ,
27 ,    1925 ,     bk ,    4 ,     0 ,     1925 ,    0 ,    386         ,
27 ,    1965 ,     bk ,    4 ,     0 ,     1965 ,    0 ,    403         ,
27 ,    2005 ,     bk ,    4 ,     0 ,     2005 ,    0 ,    420         ,
27 ,    2045 ,     bk ,    4 ,     0 ,     2045 ,    0 ,    406         ,
27 ,    2085 ,     bk ,    4 ,     0 ,     2085 ,    0 ,    415         ,
27 ,    2125 ,     bk ,    4 ,     0 ,     2125 ,    0 ,    428         ,
27 ,    2165 ,     bk ,    4 ,     0 ,     2165 ,    0 ,    436         ,
27 ,    2205 ,     bk ,    4 ,     0 ,     2205 ,    0 ,    455         ,
27 ,    2245 ,     bk ,    4 ,     0 ,     2245 ,    0 ,    476         ,
27 ,    2285 ,     bk ,    4 ,     0 ,     2285 ,    0 ,    463         ,
27 ,    2325 ,     bk ,    4 ,     0 ,     2325 ,    0 ,    460         ,
27 ,    2365 ,     bk ,    4 ,     0 ,     2365 ,    0 ,    470         ,
27 ,    2405 ,     bk ,    4 ,     0 ,     2405 ,    0 ,    475         ,
27 ,    2445 ,     bk ,    4 ,     0 ,     2445 ,    0 ,    487         ,
27 ,    2485 ,     bk ,    4 ,     0 ,     2485 ,    0 ,    795         ,
27 ,    2525 ,     bk ,    4 ,     0 ,     2525 ,    0 ,    514         ,
27 ,    2565 ,     bk ,    4 ,     0 ,     2565 ,    0 ,    524         ,
27 ,    2605 ,     bk ,    4 ,     0 ,     2605 ,    0 ,    531         ,
27 ,    2645 ,     bk ,    4 ,     0 ,     2645 ,    0 ,    535         ,
27 ,    2685 ,     bk ,    4 ,     0 ,     2685 ,    0 ,    538         ,
27 ,    2725 ,     bk ,    4 ,     0 ,     2725 ,    0 ,    549         ,
27 ,    2765 ,     bk ,    4 ,     0 ,     2765 ,    0 ,    562         ,
27 ,    2805 ,     bk ,    4 ,     0 ,     2805 ,    0 ,    571         ,
27 ,    2845 ,     bk ,    4 ,     0 ,     2845 ,    0 ,    581         ,
27 ,    2885 ,     bk ,    4 ,     0 ,     2885 ,    0 ,    589         ,
27 ,    2925 ,     bk ,    4 ,     0 ,     2925 ,    0 ,    595         ,
27 ,    2965 ,     bk ,    4 ,     0 ,     2965 ,    0 ,    617         ,
27 ,    3005 ,     bk ,    4 ,     0 ,     3005 ,    0 ,    624         ,
27 ,    3045 ,     bk ,    4 ,     0 ,     3045 ,    0 ,    630         ,
27 ,    3085 ,     bk ,    4 ,     0 ,     3085 ,    0 ,    627         ,
27 ,    3125 ,     bk ,    4 ,     0 ,     3125 ,    0 ,    660         ,
27 ,    3165 ,     bk ,    4 ,     0 ,     3165 ,    0 ,    647         ,
27 ,    3205 ,     bk ,    4 ,     0 ,     3205 ,    0 ,    664         ,
27 ,    3245 ,     bk ,    4 ,     0 ,     3245 ,    0 ,    780         ,
27 ,    3285 ,     bk ,    4 ,     0 ,     3285 ,    0 ,    708         ,
27 ,    3325 ,     bk ,    4 ,     0 ,     3325 ,    0 ,    689         ,
27 ,    3365 ,     bk ,    4 ,     0 ,     3365 ,    0 ,    696         ,
27 ,    3405 ,     bk ,    4 ,     0 ,     3405 ,    0 ,    700         ,
27 ,    3445 ,     bk ,    4 ,     0 ,     3445 ,    0 ,    714         ,
27 ,    3485 ,     bk ,    4 ,     0 ,     3485 ,    0 ,    719         ,
27 ,    3525 ,     bk ,    4 ,     0 ,     3525 ,    0 ,    741         ,
27 ,    3565 ,     bk ,    4 ,     0 ,     3565 ,    0 ,    722         ,
27 ,    3605 ,     bk ,    4 ,     0 ,     3605 ,    0 ,    886         ,
27 ,    3645 ,     bk ,    4 ,     0 ,     3645 ,    0 ,    936         ,
27 ,    3685 ,     bk ,    4 ,     0 ,     3685 ,    0 ,    796         ,
27 ,    3725 ,     bk ,    4 ,     0 ,     3725 ,    0 ,    820         ,
27 ,    3765 ,     bk ,    4 ,     0 ,     3765 ,    0 ,    842         ,
27 ,    3805 ,     bk ,    4 ,     0 ,     3805 ,    0 ,    794         ,
27 ,    3845 ,     bk ,    4 ,     0 ,     3845 ,    0 ,    811         ,
27 ,    3885 ,     bk ,    4 ,     0 ,     3885 ,    0 ,    815         ,
27 ,    3925 ,     bk ,    4 ,     0 ,     3925 ,    0 ,    805         ,
27 ,    3965 ,     bk ,    4 ,     0 ,     3965 ,    0 ,    849         ,
27 ,    4005 ,     bk ,    4 ,     0 ,     4005 ,    0 ,    878         ,
27 ,    4045 ,     bk ,    4 ,     0 ,     4045 ,    0 ,    858         ,
27 ,    4085 ,     bk ,    4 ,     0 ,     4085 ,    0 ,    867         ,
27 ,    4125 ,     bk ,    4 ,     0 ,     4125 ,    0 ,    905         ,
27 ,    4165 ,     bk ,    4 ,     0 ,     4165 ,    0 ,    985         ,
27 ,    4205 ,     bk ,    4 ,     0 ,     4205 ,    0 ,    904         ,
27 ,    4245 ,     bk ,    4 ,     0 ,     4245 ,    0 ,    1128         ,
27 ,    4285 ,     bk ,    4 ,     0 ,     4285 ,    0 ,    927         ,
27 ,    4325 ,     bk ,    4 ,     0 ,     4325 ,    0 ,    945         ,
27 ,    4365 ,     bk ,    4 ,     0 ,     4365 ,    0 ,    974         ,
27 ,    4405 ,     bk ,    4 ,     0 ,     4405 ,    0 ,    964         ,
27 ,    4445 ,     bk ,    4 ,     0 ,     4445 ,    0 ,    1046         ,
27 ,    4485 ,     bk ,    4 ,     0 ,     4485 ,    0 ,    955         ,
27 ,    4525 ,     bk ,    4 ,     0 ,     4525 ,    0 ,    1051         ,
27 ,    4565 ,     bk ,    4 ,     0 ,     4565 ,    0 ,    972         ,
27 ,    4605 ,     bk ,    4 ,     0 ,     4605 ,    0 ,    981         ,
27 ,    4645 ,     bk ,    4 ,     0 ,     4645 ,    0 ,    1074         ,
27 ,    4685 ,     bk ,    4 ,     0 ,     4685 ,    0 ,    991         ,
27 ,    4725 ,     bk ,    4 ,     0 ,     4725 ,    0 ,    1033         ,
27 ,    4765 ,     bk ,    4 ,     0 ,     4765 ,    0 ,    1053         ,
27 ,    4805 ,     bk ,    4 ,     0 ,     4805 ,    0 ,    1074         ,
27 ,    4845 ,     bk ,    4 ,     0 ,     4845 ,    0 ,    1074         ,
27 ,    4885 ,     bk ,    4 ,     0 ,     4885 ,    0 ,    1122         ,
27 ,    4925 ,     bk ,    4 ,     0 ,     4925 ,    0 ,    1067         ,
27 ,    4965 ,     bk ,    4 ,     0 ,     4965 ,    0 ,    1145         ,


