SEED ,  SIZE ,  ALG ,  TYPE ,  CALLS ,  CMP ,     MOVE ,    TIME              ,
27 ,    5 ,     i ,    0 ,     1 ,     11 ,    15 ,    8         ,
27 ,    45 ,     i ,    0 ,     1 ,     520 ,    564 ,    79         ,
27 ,    85 ,     i ,    0 ,     1 ,     1913 ,    1997 ,    1666         ,
27 ,    125 ,     i ,    0 ,     1 ,     3952 ,    4076 ,    1814         ,
27 ,    165 ,     i ,    0 ,     1 ,     6938 ,    7102 ,    917         ,
27 ,    205 ,     i ,    0 ,     1 ,     10709 ,    10913 ,    1387         ,
27 ,    245 ,     i ,    0 ,     1 ,     15547 ,    15791 ,    1995         ,
27 ,    285 ,     i ,    0 ,     1 ,     20253 ,    20537 ,    2589         ,
27 ,    325 ,     i ,    0 ,     1 ,     27447 ,    27771 ,    3519         ,
27 ,    365 ,     i ,    0 ,     1 ,     34906 ,    35270 ,    4441         ,
27 ,    405 ,     i ,    0 ,     1 ,     43483 ,    43887 ,    5513         ,
27 ,    445 ,     i ,    0 ,     1 ,     52112 ,    52556 ,    6860         ,
27 ,    485 ,     i ,    0 ,     1 ,     62568 ,    63052 ,    35070         ,
27 ,    525 ,     i ,    0 ,     1 ,     71588 ,    72112 ,    11809         ,
27 ,    565 ,     i ,    0 ,     1 ,     80602 ,    81166 ,    10330         ,
27 ,    605 ,     i ,    0 ,     1 ,     93671 ,    94275 ,    20812         ,
27 ,    645 ,     i ,    0 ,     1 ,     105874 ,    106518 ,    13862         ,
27 ,    685 ,     i ,    0 ,     1 ,     119009 ,    119693 ,    15472         ,
27 ,    725 ,     i ,    0 ,     1 ,     133268 ,    133992 ,    22969         ,
27 ,    765 ,     i ,    0 ,     1 ,     147817 ,    148581 ,    19227         ,
27 ,    805 ,     i ,    0 ,     1 ,     165016 ,    165820 ,    21029         ,
27 ,    845 ,     i ,    0 ,     1 ,     183655 ,    184499 ,    26196         ,
27 ,    885 ,     i ,    0 ,     1 ,     201034 ,    201918 ,    25535         ,
27 ,    925 ,     i ,    0 ,     1 ,     217185 ,    218109 ,    32294         ,
27 ,    965 ,     i ,    0 ,     1 ,     240046 ,    241010 ,    189427         ,
27 ,    1005 ,     i ,    0 ,     1 ,     260632 ,    261636 ,    36439         ,
27 ,    1045 ,     i ,    0 ,     1 ,     279820 ,    280864 ,    40162         ,
27 ,    1085 ,     i ,    0 ,     1 ,     296563 ,    297647 ,    38080         ,
27 ,    1125 ,     i ,    0 ,     1 ,     317535 ,    318659 ,    176255         ,
27 ,    1165 ,     i ,    0 ,     1 ,     338945 ,    340109 ,    56540         ,
27 ,    1205 ,     i ,    0 ,     1 ,     363211 ,    364415 ,    65590         ,
27 ,    1245 ,     i ,    0 ,     1 ,     389785 ,    391029 ,    194975         ,
27 ,    1285 ,     i ,    0 ,     1 ,     414698 ,    415982 ,    75145         ,
27 ,    1325 ,     i ,    0 ,     1 ,     442726 ,    444050 ,    58416         ,
27 ,    1365 ,     i ,    0 ,     1 ,     472451 ,    473815 ,    173659         ,
27 ,    1405 ,     i ,    0 ,     1 ,     496413 ,    497817 ,    76933         ,
27 ,    1445 ,     i ,    0 ,     1 ,     521145 ,    522589 ,    72165         ,
27 ,    1485 ,     i ,    0 ,     1 ,     551274 ,    552758 ,    79158         ,
27 ,    1525 ,     i ,    0 ,     1 ,     579979 ,    581503 ,    162430         ,
27 ,    1565 ,     i ,    0 ,     1 ,     616169 ,    617733 ,    100895         ,
27 ,    1605 ,     i ,    0 ,     1 ,     647801 ,    649405 ,    99305         ,
27 ,    1645 ,     i ,    0 ,     1 ,     684115 ,    685759 ,    192906         ,
27 ,    1685 ,     i ,    0 ,     1 ,     716426 ,    718110 ,    422191         ,
27 ,    1725 ,     i ,    0 ,     1 ,     748980 ,    750704 ,    362597         ,
27 ,    1765 ,     i ,    0 ,     1 ,     782805 ,    784569 ,    164027         ,
27 ,    1805 ,     i ,    0 ,     1 ,     817979 ,    819783 ,    109884         ,
27 ,    1845 ,     i ,    0 ,     1 ,     856481 ,    858325 ,    111575         ,
27 ,    1885 ,     i ,    0 ,     1 ,     897837 ,    899721 ,    234867         ,
27 ,    1925 ,     i ,    0 ,     1 ,     935716 ,    937640 ,    200187         ,
27 ,    1965 ,     i ,    0 ,     1 ,     972811 ,    974775 ,    196765         ,
27 ,    2005 ,     i ,    0 ,     1 ,     1014443 ,    1016447 ,    148953         ,
27 ,    2045 ,     i ,    0 ,     1 ,     1059456 ,    1061500 ,    234684         ,
27 ,    2085 ,     i ,    0 ,     1 ,     1095829 ,    1097913 ,    145707         ,
27 ,    2125 ,     i ,    0 ,     1 ,     1132995 ,    1135119 ,    178391         ,
27 ,    2165 ,     i ,    0 ,     1 ,     1172639 ,    1174803 ,    161737         ,
27 ,    2205 ,     i ,    0 ,     1 ,     1214886 ,    1217090 ,    171874         ,
27 ,    2245 ,     i ,    0 ,     1 ,     1252463 ,    1254707 ,    263715         ,
27 ,    2285 ,     i ,    0 ,     1 ,     1292827 ,    1295111 ,    182130         ,
27 ,    2325 ,     i ,    0 ,     1 ,     1338434 ,    1340758 ,    181029         ,
27 ,    2365 ,     i ,    0 ,     1 ,     1384315 ,    1386679 ,    289301         ,
27 ,    2405 ,     i ,    0 ,     1 ,     1434656 ,    1437060 ,    298083         ,
27 ,    2445 ,     i ,    0 ,     1 ,     1482910 ,    1485354 ,    300303         ,
27 ,    2485 ,     i ,    0 ,     1 ,     1535798 ,    1538282 ,    214734         ,
27 ,    2525 ,     i ,    0 ,     1 ,     1589623 ,    1592147 ,    345599         ,
27 ,    2565 ,     i ,    0 ,     1 ,     1641176 ,    1643740 ,    563001         ,
27 ,    2605 ,     i ,    0 ,     1 ,     1693439 ,    1696043 ,    536777         ,
27 ,    2645 ,     i ,    0 ,     1 ,     1747983 ,    1750627 ,    910023         ,
27 ,    2685 ,     i ,    0 ,     1 ,     1799144 ,    1801828 ,    490526         ,
27 ,    2725 ,     i ,    0 ,     1 ,     1852344 ,    1855068 ,    611233         ,
27 ,    2765 ,     i ,    0 ,     1 ,     1901627 ,    1904391 ,    720620         ,
27 ,    2805 ,     i ,    0 ,     1 ,     1951753 ,    1954557 ,    635036         ,
27 ,    2845 ,     i ,    0 ,     1 ,     2010060 ,    2012904 ,    531748         ,
27 ,    2885 ,     i ,    0 ,     1 ,     2064463 ,    2067347 ,    323319         ,
27 ,    2925 ,     i ,    0 ,     1 ,     2124426 ,    2127350 ,    415163         ,
27 ,    2965 ,     i ,    0 ,     1 ,     2191397 ,    2194361 ,    416882         ,
27 ,    3005 ,     i ,    0 ,     1 ,     2253090 ,    2256094 ,    355997         ,
27 ,    3045 ,     i ,    0 ,     1 ,     2301722 ,    2304766 ,    310441         ,
27 ,    3085 ,     i ,    0 ,     1 ,     2354455 ,    2357539 ,    422460         ,
27 ,    3125 ,     i ,    0 ,     1 ,     2410655 ,    2413779 ,    405877         ,
27 ,    3165 ,     i ,    0 ,     1 ,     2474771 ,    2477935 ,    479146         ,
27 ,    3205 ,     i ,    0 ,     1 ,     2541813 ,    2545017 ,    407511         ,
27 ,    3245 ,     i ,    0 ,     1 ,     2604137 ,    2607381 ,    395715         ,
27 ,    3285 ,     i ,    0 ,     1 ,     2669651 ,    2672935 ,    419752         ,
27 ,    3325 ,     i ,    0 ,     1 ,     2722616 ,    2725940 ,    373545         ,
27 ,    3365 ,     i ,    0 ,     1 ,     2783570 ,    2786934 ,    460009         ,
27 ,    3405 ,     i ,    0 ,     1 ,     2846675 ,    2850079 ,    421071         ,
27 ,    3445 ,     i ,    0 ,     1 ,     2912944 ,    2916388 ,    451244         ,
27 ,    3485 ,     i ,    0 ,     1 ,     2981773 ,    2985257 ,    444525         ,
27 ,    3525 ,     i ,    0 ,     1 ,     3048084 ,    3051608 ,    464637         ,
27 ,    3565 ,     i ,    0 ,     1 ,     3112860 ,    3116424 ,    510424         ,
27 ,    3605 ,     i ,    0 ,     1 ,     3193692 ,    3197296 ,    492936         ,
27 ,    3645 ,     i ,    0 ,     1 ,     3274373 ,    3278017 ,    578500         ,
27 ,    3685 ,     i ,    0 ,     1 ,     3350263 ,    3353947 ,    480011         ,
27 ,    3725 ,     i ,    0 ,     1 ,     3422811 ,    3426535 ,    452134         ,
27 ,    3765 ,     i ,    0 ,     1 ,     3494983 ,    3498747 ,    477113         ,
27 ,    3805 ,     i ,    0 ,     1 ,     3564385 ,    3568189 ,    474504         ,
27 ,    3845 ,     i ,    0 ,     1 ,     3627429 ,    3631273 ,    483500         ,
27 ,    3885 ,     i ,    0 ,     1 ,     3696063 ,    3699947 ,    487002         ,
27 ,    3925 ,     i ,    0 ,     1 ,     3773686 ,    3777610 ,    488273         ,
27 ,    3965 ,     i ,    0 ,     1 ,     3862732 ,    3866696 ,    505334         ,
27 ,    4005 ,     i ,    0 ,     1 ,     3930605 ,    3934609 ,    517527         ,
27 ,    4045 ,     i ,    0 ,     1 ,     4018546 ,    4022590 ,    538750         ,
27 ,    4085 ,     i ,    0 ,     1 ,     4102957 ,    4107041 ,    545595         ,
27 ,    4125 ,     i ,    0 ,     1 ,     4196545 ,    4200669 ,    549721         ,
27 ,    4165 ,     i ,    0 ,     1 ,     4307069 ,    4311233 ,    565542         ,
27 ,    4205 ,     i ,    0 ,     1 ,     4390575 ,    4394779 ,    577669         ,
27 ,    4245 ,     i ,    0 ,     1 ,     4463358 ,    4467602 ,    595169         ,
27 ,    4285 ,     i ,    0 ,     1 ,     4562019 ,    4566303 ,    605055         ,
27 ,    4325 ,     i ,    0 ,     1 ,     4642296 ,    4646620 ,    611284         ,
27 ,    4365 ,     i ,    0 ,     1 ,     4741780 ,    4746144 ,    627992         ,
27 ,    4405 ,     i ,    0 ,     1 ,     4831307 ,    4835711 ,    642678         ,
27 ,    4445 ,     i ,    0 ,     1 ,     4923702 ,    4928146 ,    649535         ,
27 ,    4485 ,     i ,    0 ,     1 ,     5000812 ,    5005296 ,    662115         ,
27 ,    4525 ,     i ,    0 ,     1 ,     5096850 ,    5101374 ,    679683         ,
27 ,    4565 ,     i ,    0 ,     1 ,     5184342 ,    5188906 ,    679604         ,
27 ,    4605 ,     i ,    0 ,     1 ,     5282819 ,    5287423 ,    695531         ,
27 ,    4645 ,     i ,    0 ,     1 ,     5374909 ,    5379553 ,    707097         ,
27 ,    4685 ,     i ,    0 ,     1 ,     5458643 ,    5463327 ,    730297         ,
27 ,    4725 ,     i ,    0 ,     1 ,     5558476 ,    5563200 ,    748110         ,
27 ,    4765 ,     i ,    0 ,     1 ,     5654717 ,    5659481 ,    748473         ,
27 ,    4805 ,     i ,    0 ,     1 ,     5756878 ,    5761682 ,    766905         ,
27 ,    4845 ,     i ,    0 ,     1 ,     5843853 ,    5848697 ,    775841         ,
27 ,    4885 ,     i ,    0 ,     1 ,     5947287 ,    5952171 ,    786832         ,
27 ,    4925 ,     i ,    0 ,     1 ,     6053858 ,    6058782 ,    793640         ,
27 ,    4965 ,     i ,    0 ,     1 ,     6144812 ,    6149776 ,    816043         ,
27 ,    5 ,     i ,    1 ,     1 ,     4 ,    8 ,    4         ,
27 ,    45 ,     i ,    1 ,     1 ,     44 ,    88 ,    11         ,
27 ,    85 ,     i ,    1 ,     1 ,     84 ,    168 ,    20         ,
27 ,    125 ,     i ,    1 ,     1 ,     124 ,    248 ,    31         ,
27 ,    165 ,     i ,    1 ,     1 ,     164 ,    328 ,    39         ,
27 ,    205 ,     i ,    1 ,     1 ,     204 ,    408 ,    48         ,
27 ,    245 ,     i ,    1 ,     1 ,     244 ,    488 ,    57         ,
27 ,    285 ,     i ,    1 ,     1 ,     284 ,    568 ,    68         ,
27 ,    325 ,     i ,    1 ,     1 ,     324 ,    648 ,    76         ,
27 ,    365 ,     i ,    1 ,     1 ,     364 ,    728 ,    87         ,
27 ,    405 ,     i ,    1 ,     1 ,     404 ,    808 ,    94         ,
27 ,    445 ,     i ,    1 ,     1 ,     444 ,    888 ,    105         ,
27 ,    485 ,     i ,    1 ,     1 ,     484 ,    968 ,    115         ,
27 ,    525 ,     i ,    1 ,     1 ,     524 ,    1048 ,    123         ,
27 ,    565 ,     i ,    1 ,     1 ,     564 ,    1128 ,    132         ,
27 ,    605 ,     i ,    1 ,     1 ,     604 ,    1208 ,    143         ,
27 ,    645 ,     i ,    1 ,     1 ,     644 ,    1288 ,    151         ,
27 ,    685 ,     i ,    1 ,     1 ,     684 ,    1368 ,    160         ,
27 ,    725 ,     i ,    1 ,     1 ,     724 ,    1448 ,    170         ,
27 ,    765 ,     i ,    1 ,     1 ,     764 ,    1528 ,    180         ,
27 ,    805 ,     i ,    1 ,     1 ,     804 ,    1608 ,    186         ,
27 ,    845 ,     i ,    1 ,     1 ,     844 ,    1688 ,    198         ,
27 ,    885 ,     i ,    1 ,     1 ,     884 ,    1768 ,    208         ,
27 ,    925 ,     i ,    1 ,     1 ,     924 ,    1848 ,    216         ,
27 ,    965 ,     i ,    1 ,     1 ,     964 ,    1928 ,    227         ,
27 ,    1005 ,     i ,    1 ,     1 ,     1004 ,    2008 ,    237         ,
27 ,    1045 ,     i ,    1 ,     1 ,     1044 ,    2088 ,    1896         ,
27 ,    1085 ,     i ,    1 ,     1 ,     1084 ,    2168 ,    255         ,
27 ,    1125 ,     i ,    1 ,     1 ,     1124 ,    2248 ,    263         ,
27 ,    1165 ,     i ,    1 ,     1 ,     1164 ,    2328 ,    274         ,
27 ,    1205 ,     i ,    1 ,     1 ,     1204 ,    2408 ,    286         ,
27 ,    1245 ,     i ,    1 ,     1 ,     1244 ,    2488 ,    294         ,
27 ,    1285 ,     i ,    1 ,     1 ,     1284 ,    2568 ,    300         ,
27 ,    1325 ,     i ,    1 ,     1 ,     1324 ,    2648 ,    309         ,
27 ,    1365 ,     i ,    1 ,     1 ,     1364 ,    2728 ,    320         ,
27 ,    1405 ,     i ,    1 ,     1 ,     1404 ,    2808 ,    329         ,
27 ,    1445 ,     i ,    1 ,     1 ,     1444 ,    2888 ,    340         ,
27 ,    1485 ,     i ,    1 ,     1 ,     1484 ,    2968 ,    348         ,
27 ,    1525 ,     i ,    1 ,     1 ,     1524 ,    3048 ,    356         ,
27 ,    1565 ,     i ,    1 ,     1 ,     1564 ,    3128 ,    368         ,
27 ,    1605 ,     i ,    1 ,     1 ,     1604 ,    3208 ,    377         ,
27 ,    1645 ,     i ,    1 ,     1 ,     1644 ,    3288 ,    386         ,
27 ,    1685 ,     i ,    1 ,     1 ,     1684 ,    3368 ,    440         ,
27 ,    1725 ,     i ,    1 ,     1 ,     1724 ,    3448 ,    404         ,
27 ,    1765 ,     i ,    1 ,     1 ,     1764 ,    3528 ,    606         ,
27 ,    1805 ,     i ,    1 ,     1 ,     1804 ,    3608 ,    426         ,
27 ,    1845 ,     i ,    1 ,     1 ,     1844 ,    3688 ,    433         ,
27 ,    1885 ,     i ,    1 ,     1 ,     1884 ,    3768 ,    444         ,
27 ,    1925 ,     i ,    1 ,     1 ,     1924 ,    3848 ,    466         ,
27 ,    1965 ,     i ,    1 ,     1 ,     1964 ,    3928 ,    462         ,
27 ,    2005 ,     i ,    1 ,     1 ,     2004 ,    4008 ,    472         ,
27 ,    2045 ,     i ,    1 ,     1 ,     2044 ,    4088 ,    479         ,
27 ,    2085 ,     i ,    1 ,     1 ,     2084 ,    4168 ,    488         ,
27 ,    2125 ,     i ,    1 ,     1 ,     2124 ,    4248 ,    499         ,
27 ,    2165 ,     i ,    1 ,     1 ,     2164 ,    4328 ,    508         ,
27 ,    2205 ,     i ,    1 ,     1 ,     2204 ,    4408 ,    630         ,
27 ,    2245 ,     i ,    1 ,     1 ,     2244 ,    4488 ,    526         ,
27 ,    2285 ,     i ,    1 ,     1 ,     2284 ,    4568 ,    2118         ,
27 ,    2325 ,     i ,    1 ,     1 ,     2324 ,    4648 ,    655         ,
27 ,    2365 ,     i ,    1 ,     1 ,     2364 ,    4728 ,    555         ,
27 ,    2405 ,     i ,    1 ,     1 ,     2404 ,    4808 ,    564         ,
27 ,    2445 ,     i ,    1 ,     1 ,     2444 ,    4888 ,    617         ,
27 ,    2485 ,     i ,    1 ,     1 ,     2484 ,    4968 ,    587         ,
27 ,    2525 ,     i ,    1 ,     1 ,     2524 ,    5048 ,    589         ,
27 ,    2565 ,     i ,    1 ,     1 ,     2564 ,    5128 ,    601         ,
27 ,    2605 ,     i ,    1 ,     1 ,     2604 ,    5208 ,    617         ,
27 ,    2645 ,     i ,    1 ,     1 ,     2644 ,    5288 ,    619         ,
27 ,    2685 ,     i ,    1 ,     1 ,     2684 ,    5368 ,    628         ,
27 ,    2725 ,     i ,    1 ,     1 ,     2724 ,    5448 ,    642         ,
27 ,    2765 ,     i ,    1 ,     1 ,     2764 ,    5528 ,    647         ,
27 ,    2805 ,     i ,    1 ,     1 ,     2804 ,    5608 ,    2369         ,
27 ,    2845 ,     i ,    1 ,     1 ,     2844 ,    5688 ,    667         ,
27 ,    2885 ,     i ,    1 ,     1 ,     2884 ,    5768 ,    682         ,
27 ,    2925 ,     i ,    1 ,     1 ,     2924 ,    5848 ,    686         ,
27 ,    2965 ,     i ,    1 ,     1 ,     2964 ,    5928 ,    697         ,
27 ,    3005 ,     i ,    1 ,     1 ,     3004 ,    6008 ,    705         ,
27 ,    3045 ,     i ,    1 ,     1 ,     3044 ,    6088 ,    716         ,
27 ,    3085 ,     i ,    1 ,     1 ,     3084 ,    6168 ,    721         ,
27 ,    3125 ,     i ,    1 ,     1 ,     3124 ,    6248 ,    743         ,
27 ,    3165 ,     i ,    1 ,     1 ,     3164 ,    6328 ,    745         ,
27 ,    3205 ,     i ,    1 ,     1 ,     3204 ,    6408 ,    750         ,
27 ,    3245 ,     i ,    1 ,     1 ,     3244 ,    6488 ,    768         ,
27 ,    3285 ,     i ,    1 ,     1 ,     3284 ,    6568 ,    793         ,
27 ,    3325 ,     i ,    1 ,     1 ,     3324 ,    6648 ,    783         ,
27 ,    3365 ,     i ,    1 ,     1 ,     3364 ,    6728 ,    805         ,
27 ,    3405 ,     i ,    1 ,     1 ,     3404 ,    6808 ,    802         ,
27 ,    3445 ,     i ,    1 ,     1 ,     3444 ,    6888 ,    807         ,
27 ,    3485 ,     i ,    1 ,     1 ,     3484 ,    6968 ,    817         ,
27 ,    3525 ,     i ,    1 ,     1 ,     3524 ,    7048 ,    825         ,
27 ,    3565 ,     i ,    1 ,     1 ,     3564 ,    7128 ,    842         ,
27 ,    3605 ,     i ,    1 ,     1 ,     3604 ,    7208 ,    856         ,
27 ,    3645 ,     i ,    1 ,     1 ,     3644 ,    7288 ,    868         ,
27 ,    3685 ,     i ,    1 ,     1 ,     3684 ,    7368 ,    873         ,
27 ,    3725 ,     i ,    1 ,     1 ,     3724 ,    7448 ,    900         ,
27 ,    3765 ,     i ,    1 ,     1 ,     3764 ,    7528 ,    1041         ,
27 ,    3805 ,     i ,    1 ,     1 ,     3804 ,    7608 ,    897         ,
27 ,    3845 ,     i ,    1 ,     1 ,     3844 ,    7688 ,    914         ,
27 ,    3885 ,     i ,    1 ,     1 ,     3884 ,    7768 ,    916         ,
27 ,    3925 ,     i ,    1 ,     1 ,     3924 ,    7848 ,    932         ,
27 ,    3965 ,     i ,    1 ,     1 ,     3964 ,    7928 ,    1291         ,
27 ,    4005 ,     i ,    1 ,     1 ,     4004 ,    8008 ,    964         ,
27 ,    4045 ,     i ,    1 ,     1 ,     4044 ,    8088 ,    970         ,
27 ,    4085 ,     i ,    1 ,     1 ,     4084 ,    8168 ,    969         ,
27 ,    4125 ,     i ,    1 ,     1 ,     4124 ,    8248 ,    1130         ,
27 ,    4165 ,     i ,    1 ,     1 ,     4164 ,    8328 ,    997         ,
27 ,    4205 ,     i ,    1 ,     1 ,     4204 ,    8408 ,    984         ,
27 ,    4245 ,     i ,    1 ,     1 ,     4244 ,    8488 ,    1002         ,
27 ,    4285 ,     i ,    1 ,     1 ,     4284 ,    8568 ,    1016         ,
27 ,    4325 ,     i ,    1 ,     1 ,     4324 ,    8648 ,    1072         ,
27 ,    4365 ,     i ,    1 ,     1 ,     4364 ,    8728 ,    1036         ,
27 ,    4405 ,     i ,    1 ,     1 ,     4404 ,    8808 ,    1058         ,
27 ,    4445 ,     i ,    1 ,     1 ,     4444 ,    8888 ,    1049         ,
27 ,    4485 ,     i ,    1 ,     1 ,     4484 ,    8968 ,    1251         ,
27 ,    4525 ,     i ,    1 ,     1 ,     4524 ,    9048 ,    1070         ,
27 ,    4565 ,     i ,    1 ,     1 ,     4564 ,    9128 ,    1073         ,
27 ,    4605 ,     i ,    1 ,     1 ,     4604 ,    9208 ,    1094         ,
27 ,    4645 ,     i ,    1 ,     1 ,     4644 ,    9288 ,    1106         ,
27 ,    4685 ,     i ,    1 ,     1 ,     4684 ,    9368 ,    1120         ,
27 ,    4725 ,     i ,    1 ,     1 ,     4724 ,    9448 ,    2789         ,
27 ,    4765 ,     i ,    1 ,     1 ,     4764 ,    9528 ,    1155         ,
27 ,    4805 ,     i ,    1 ,     1 ,     4804 ,    9608 ,    1130         ,
27 ,    4845 ,     i ,    1 ,     1 ,     4844 ,    9688 ,    1154         ,
27 ,    4885 ,     i ,    1 ,     1 ,     4884 ,    9768 ,    1163         ,
27 ,    4925 ,     i ,    1 ,     1 ,     4924 ,    9848 ,    1181         ,
27 ,    4965 ,     i ,    1 ,     1 ,     4964 ,    9928 ,    1177         ,
27 ,    5 ,     i ,    2 ,     1 ,     14 ,    18 ,    4         ,
27 ,    45 ,     i ,    2 ,     1 ,     1034 ,    1078 ,    140         ,
27 ,    85 ,     i ,    2 ,     1 ,     3654 ,    3738 ,    471         ,
27 ,    125 ,     i ,    2 ,     1 ,     7874 ,    7998 ,    1010         ,
27 ,    165 ,     i ,    2 ,     1 ,     13694 ,    13858 ,    3572         ,
27 ,    205 ,     i ,    2 ,     1 ,     21114 ,    21318 ,    2668         ,
27 ,    245 ,     i ,    2 ,     1 ,     30134 ,    30378 ,    3918         ,
27 ,    285 ,     i ,    2 ,     1 ,     40754 ,    41038 ,    5147         ,
27 ,    325 ,     i ,    2 ,     1 ,     52974 ,    53298 ,    15029         ,
27 ,    365 ,     i ,    2 ,     1 ,     66794 ,    67158 ,    13590         ,
27 ,    405 ,     i ,    2 ,     1 ,     82214 ,    82618 ,    10451         ,
27 ,    445 ,     i ,    2 ,     1 ,     99234 ,    99678 ,    12589         ,
27 ,    485 ,     i ,    2 ,     1 ,     117854 ,    118338 ,    16551         ,
27 ,    525 ,     i ,    2 ,     1 ,     138074 ,    138598 ,    17756         ,
27 ,    565 ,     i ,    2 ,     1 ,     159894 ,    160458 ,    21780         ,
27 ,    605 ,     i ,    2 ,     1 ,     183314 ,    183918 ,    24866         ,
27 ,    645 ,     i ,    2 ,     1 ,     208334 ,    208978 ,    26637         ,
27 ,    685 ,     i ,    2 ,     1 ,     234954 ,    235638 ,    31492         ,
27 ,    725 ,     i ,    2 ,     1 ,     263174 ,    263898 ,    33241         ,
27 ,    765 ,     i ,    2 ,     1 ,     292994 ,    293758 ,    40167         ,
27 ,    805 ,     i ,    2 ,     1 ,     324414 ,    325218 ,    41336         ,
27 ,    845 ,     i ,    2 ,     1 ,     357434 ,    358278 ,    48960         ,
27 ,    885 ,     i ,    2 ,     1 ,     392054 ,    392938 ,    51247         ,
27 ,    925 ,     i ,    2 ,     1 ,     428274 ,    429198 ,    57278         ,
27 ,    965 ,     i ,    2 ,     1 ,     466094 ,    467058 ,    62265         ,
27 ,    1005 ,     i ,    2 ,     1 ,     505514 ,    506518 ,    65823         ,
27 ,    1045 ,     i ,    2 ,     1 ,     546534 ,    547578 ,    72661         ,
27 ,    1085 ,     i ,    2 ,     1 ,     589154 ,    590238 ,    77842         ,
27 ,    1125 ,     i ,    2 ,     1 ,     633374 ,    634498 ,    83534         ,
27 ,    1165 ,     i ,    2 ,     1 ,     679194 ,    680358 ,    91074         ,
27 ,    1205 ,     i ,    2 ,     1 ,     726614 ,    727818 ,    95041         ,
27 ,    1245 ,     i ,    2 ,     1 ,     775634 ,    776878 ,    109548         ,
27 ,    1285 ,     i ,    2 ,     1 ,     826254 ,    827538 ,    109309         ,
27 ,    1325 ,     i ,    2 ,     1 ,     878474 ,    879798 ,    116006         ,
27 ,    1365 ,     i ,    2 ,     1 ,     932294 ,    933658 ,    124228         ,
27 ,    1405 ,     i ,    2 ,     1 ,     987714 ,    989118 ,    129630         ,
27 ,    1445 ,     i ,    2 ,     1 ,     1044734 ,    1046178 ,    138939         ,
27 ,    1485 ,     i ,    2 ,     1 ,     1103354 ,    1104838 ,    144397         ,
27 ,    1525 ,     i ,    2 ,     1 ,     1163574 ,    1165098 ,    153625         ,
27 ,    1565 ,     i ,    2 ,     1 ,     1225394 ,    1226958 ,    161445         ,
27 ,    1605 ,     i ,    2 ,     1 ,     1288814 ,    1290418 ,    170784         ,
27 ,    1645 ,     i ,    2 ,     1 ,     1353834 ,    1355478 ,    179007         ,
27 ,    1685 ,     i ,    2 ,     1 ,     1420454 ,    1422138 ,    184884         ,
27 ,    1725 ,     i ,    2 ,     1 ,     1488674 ,    1490398 ,    194978         ,
27 ,    1765 ,     i ,    2 ,     1 ,     1558494 ,    1560258 ,    205022         ,
27 ,    1805 ,     i ,    2 ,     1 ,     1629914 ,    1631718 ,    217139         ,
27 ,    1845 ,     i ,    2 ,     1 ,     1702934 ,    1704778 ,    223279         ,
27 ,    1885 ,     i ,    2 ,     1 ,     1777554 ,    1779438 ,    237263         ,
27 ,    1925 ,     i ,    2 ,     1 ,     1853774 ,    1855698 ,    247852         ,
27 ,    1965 ,     i ,    2 ,     1 ,     1931594 ,    1933558 ,    257184         ,
27 ,    2005 ,     i ,    2 ,     1 ,     2011014 ,    2013018 ,    264120         ,
27 ,    2045 ,     i ,    2 ,     1 ,     2092034 ,    2094078 ,    274208         ,
27 ,    2085 ,     i ,    2 ,     1 ,     2174654 ,    2176738 ,    288218         ,
27 ,    2125 ,     i ,    2 ,     1 ,     2258874 ,    2260998 ,    297271         ,
27 ,    2165 ,     i ,    2 ,     1 ,     2344694 ,    2346858 ,    311023         ,
27 ,    2205 ,     i ,    2 ,     1 ,     2432114 ,    2434318 ,    320221         ,
27 ,    2245 ,     i ,    2 ,     1 ,     2521134 ,    2523378 ,    332540         ,
27 ,    2285 ,     i ,    2 ,     1 ,     2611754 ,    2614038 ,    345301         ,
27 ,    2325 ,     i ,    2 ,     1 ,     2703974 ,    2706298 ,    364274         ,
27 ,    2365 ,     i ,    2 ,     1 ,     2797794 ,    2800158 ,    362859         ,
27 ,    2405 ,     i ,    2 ,     1 ,     2893214 ,    2895618 ,    383705         ,
27 ,    2445 ,     i ,    2 ,     1 ,     2990234 ,    2992678 ,    398833         ,
27 ,    2485 ,     i ,    2 ,     1 ,     3088854 ,    3091338 ,    418237         ,
27 ,    2525 ,     i ,    2 ,     1 ,     3189074 ,    3191598 ,    421785         ,
27 ,    2565 ,     i ,    2 ,     1 ,     3290894 ,    3293458 ,    432455         ,
27 ,    2605 ,     i ,    2 ,     1 ,     3394314 ,    3396918 ,    451030         ,
27 ,    2645 ,     i ,    2 ,     1 ,     3499334 ,    3501978 ,    454469         ,
27 ,    2685 ,     i ,    2 ,     1 ,     3605954 ,    3608638 ,    472128         ,
27 ,    2725 ,     i ,    2 ,     1 ,     3714174 ,    3716898 ,    489142         ,
27 ,    2765 ,     i ,    2 ,     1 ,     3823994 ,    3826758 ,    502595         ,
27 ,    2805 ,     i ,    2 ,     1 ,     3935414 ,    3938218 ,    532854         ,
27 ,    2845 ,     i ,    2 ,     1 ,     4048434 ,    4051278 ,    534624         ,
27 ,    2885 ,     i ,    2 ,     1 ,     4163054 ,    4165938 ,    546462         ,
27 ,    2925 ,     i ,    2 ,     1 ,     4279274 ,    4282198 ,    568148         ,
27 ,    2965 ,     i ,    2 ,     1 ,     4397094 ,    4400058 ,    585795         ,
27 ,    3005 ,     i ,    2 ,     1 ,     4516514 ,    4519518 ,    599521         ,
27 ,    3045 ,     i ,    2 ,     1 ,     4637534 ,    4640578 ,    615859         ,
27 ,    3085 ,     i ,    2 ,     1 ,     4760154 ,    4763238 ,    635483         ,
27 ,    3125 ,     i ,    2 ,     1 ,     4884374 ,    4887498 ,    643415         ,
27 ,    3165 ,     i ,    2 ,     1 ,     5010194 ,    5013358 ,    659451         ,
27 ,    3205 ,     i ,    2 ,     1 ,     5137614 ,    5140818 ,    678422         ,
27 ,    3245 ,     i ,    2 ,     1 ,     5266634 ,    5269878 ,    700797         ,
27 ,    3285 ,     i ,    2 ,     1 ,     5397254 ,    5400538 ,    706905         ,
27 ,    3325 ,     i ,    2 ,     1 ,     5529474 ,    5532798 ,    731180         ,
27 ,    3365 ,     i ,    2 ,     1 ,     5663294 ,    5666658 ,    745034         ,
27 ,    3405 ,     i ,    2 ,     1 ,     5798714 ,    5802118 ,    762273         ,
27 ,    3445 ,     i ,    2 ,     1 ,     5935734 ,    5939178 ,    782580         ,
27 ,    3485 ,     i ,    2 ,     1 ,     6074354 ,    6077838 ,    800879         ,
27 ,    3525 ,     i ,    2 ,     1 ,     6214574 ,    6218098 ,    818057         ,
27 ,    3565 ,     i ,    2 ,     1 ,     6356394 ,    6359958 ,    833493         ,
27 ,    3605 ,     i ,    2 ,     1 ,     6499814 ,    6503418 ,    856877         ,
27 ,    3645 ,     i ,    2 ,     1 ,     6644834 ,    6648478 ,    875067         ,
27 ,    3685 ,     i ,    2 ,     1 ,     6791454 ,    6795138 ,    895725         ,
27 ,    3725 ,     i ,    2 ,     1 ,     6939674 ,    6943398 ,    925548         ,
27 ,    3765 ,     i ,    2 ,     1 ,     7089494 ,    7093258 ,    936012         ,
27 ,    3805 ,     i ,    2 ,     1 ,     7240914 ,    7244718 ,    957866         ,
27 ,    3845 ,     i ,    2 ,     1 ,     7393934 ,    7397778 ,    972622         ,
27 ,    3885 ,     i ,    2 ,     1 ,     7548554 ,    7552438 ,    992594         ,
27 ,    3925 ,     i ,    2 ,     1 ,     7704774 ,    7708698 ,    1018753         ,
27 ,    3965 ,     i ,    2 ,     1 ,     7862594 ,    7866558 ,    1053970         ,
27 ,    4005 ,     i ,    2 ,     1 ,     8022014 ,    8026018 ,    1074173         ,
27 ,    4045 ,     i ,    2 ,     1 ,     8183034 ,    8187078 ,    1092101         ,
27 ,    4085 ,     i ,    2 ,     1 ,     8345654 ,    8349738 ,    1096864         ,
27 ,    4125 ,     i ,    2 ,     1 ,     8509874 ,    8513998 ,    1292087         ,
27 ,    4165 ,     i ,    2 ,     1 ,     8675694 ,    8679858 ,    1128294         ,
27 ,    4205 ,     i ,    2 ,     1 ,     8843114 ,    8847318 ,    1119386         ,
27 ,    4245 ,     i ,    2 ,     1 ,     9012134 ,    9016378 ,    1177622         ,
27 ,    4285 ,     i ,    2 ,     1 ,     9182754 ,    9187038 ,    1171339         ,
27 ,    4325 ,     i ,    2 ,     1 ,     9354974 ,    9359298 ,    1184724         ,
27 ,    4365 ,     i ,    2 ,     1 ,     9528794 ,    9533158 ,    1256813         ,
27 ,    4405 ,     i ,    2 ,     1 ,     9704214 ,    9708618 ,    1234501         ,
27 ,    4445 ,     i ,    2 ,     1 ,     9881234 ,    9885678 ,    1265977         ,
27 ,    4485 ,     i ,    2 ,     1 ,     10059854 ,    10064338 ,    1300672         ,
27 ,    4525 ,     i ,    2 ,     1 ,     10240074 ,    10244598 ,    1305592         ,
27 ,    4565 ,     i ,    2 ,     1 ,     10421894 ,    10426458 ,    1318929         ,
27 ,    4605 ,     i ,    2 ,     1 ,     10605314 ,    10609918 ,    1375341         ,
27 ,    4645 ,     i ,    2 ,     1 ,     10790334 ,    10794978 ,    1404235         ,
27 ,    4685 ,     i ,    2 ,     1 ,     10976954 ,    10981638 ,    1400804         ,
27 ,    4725 ,     i ,    2 ,     1 ,     11165174 ,    11169898 ,    1416512         ,
27 ,    4765 ,     i ,    2 ,     1 ,     11354994 ,    11359758 ,    1440628         ,
27 ,    4805 ,     i ,    2 ,     1 ,     11546414 ,    11551218 ,    1471207         ,
27 ,    4845 ,     i ,    2 ,     1 ,     11739434 ,    11744278 ,    1488285         ,
27 ,    4885 ,     i ,    2 ,     1 ,     11934054 ,    11938938 ,    1513522         ,
27 ,    4925 ,     i ,    2 ,     1 ,     12130274 ,    12135198 ,    1575313         ,
27 ,    4965 ,     i ,    2 ,     1 ,     12328094 ,    12333058 ,    1564497         ,
27 ,    5 ,     i ,    3 ,     1 ,     4 ,    8 ,    4         ,
27 ,    45 ,     i ,    3 ,     1 ,     282 ,    326 ,    47         ,
27 ,    85 ,     i ,    3 ,     1 ,     979 ,    1063 ,    142         ,
27 ,    125 ,     i ,    3 ,     1 ,     2175 ,    2299 ,    307         ,
27 ,    165 ,     i ,    3 ,     1 ,     3871 ,    4035 ,    524         ,
27 ,    205 ,     i ,    3 ,     1 ,     6072 ,    6276 ,    806         ,
27 ,    245 ,     i ,    3 ,     1 ,     8042 ,    8286 ,    1061         ,
27 ,    285 ,     i ,    3 ,     1 ,     10754 ,    11038 ,    1406         ,
27 ,    325 ,     i ,    3 ,     1 ,     13303 ,    13627 ,    1737         ,
27 ,    365 ,     i ,    3 ,     1 ,     17754 ,    18118 ,    2310         ,
27 ,    405 ,     i ,    3 ,     1 ,     19907 ,    20311 ,    2598         ,
27 ,    445 ,     i ,    3 ,     1 ,     26410 ,    26854 ,    3405         ,
27 ,    485 ,     i ,    3 ,     1 ,     28950 ,    29434 ,    3819         ,
27 ,    525 ,     i ,    3 ,     1 ,     34930 ,    35454 ,    4565         ,
27 ,    565 ,     i ,    3 ,     1 ,     40929 ,    41493 ,    5338         ,
27 ,    605 ,     i ,    3 ,     1 ,     49197 ,    49801 ,    6369         ,
27 ,    645 ,     i ,    3 ,     1 ,     53861 ,    54505 ,    6958         ,
27 ,    685 ,     i ,    3 ,     1 ,     57217 ,    57901 ,    7387         ,
27 ,    725 ,     i ,    3 ,     1 ,     73710 ,    74434 ,    9601         ,
27 ,    765 ,     i ,    3 ,     1 ,     72266 ,    73030 ,    9283         ,
27 ,    805 ,     i ,    3 ,     1 ,     79637 ,    80441 ,    10207         ,
27 ,    845 ,     i ,    3 ,     1 ,     88063 ,    88907 ,    11284         ,
27 ,    885 ,     i ,    3 ,     1 ,     93438 ,    94322 ,    11941         ,
27 ,    925 ,     i ,    3 ,     1 ,     105950 ,    106874 ,    13718         ,
27 ,    965 ,     i ,    3 ,     1 ,     116894 ,    117858 ,    14984         ,
27 ,    1005 ,     i ,    3 ,     1 ,     130307 ,    131311 ,    16593         ,
27 ,    1045 ,     i ,    3 ,     1 ,     147354 ,    148398 ,    18769         ,
27 ,    1085 ,     i ,    3 ,     1 ,     144248 ,    145332 ,    18507         ,
27 ,    1125 ,     i ,    3 ,     1 ,     156373 ,    157497 ,    19930         ,
27 ,    1165 ,     i ,    3 ,     1 ,     166256 ,    167420 ,    21329         ,
27 ,    1205 ,     i ,    3 ,     1 ,     178747 ,    179951 ,    22748         ,
27 ,    1245 ,     i ,    3 ,     1 ,     191110 ,    192354 ,    24286         ,
27 ,    1285 ,     i ,    3 ,     1 ,     207414 ,    208698 ,    28689         ,
27 ,    1325 ,     i ,    3 ,     1 ,     218675 ,    219999 ,    27852         ,
27 ,    1365 ,     i ,    3 ,     1 ,     246527 ,    247891 ,    31475         ,
27 ,    1405 ,     i ,    3 ,     1 ,     250212 ,    251616 ,    33629         ,
27 ,    1445 ,     i ,    3 ,     1 ,     268917 ,    270361 ,    34209         ,
27 ,    1485 ,     i ,    3 ,     1 ,     271828 ,    273312 ,    34487         ,
27 ,    1525 ,     i ,    3 ,     1 ,     292920 ,    294444 ,    37824         ,
27 ,    1565 ,     i ,    3 ,     1 ,     296447 ,    298011 ,    37678         ,
27 ,    1605 ,     i ,    3 ,     1 ,     350014 ,    351618 ,    44661         ,
27 ,    1645 ,     i ,    3 ,     1 ,     350955 ,    352599 ,    44751         ,
27 ,    1685 ,     i ,    3 ,     1 ,     346249 ,    347933 ,    45894         ,
27 ,    1725 ,     i ,    3 ,     1 ,     369986 ,    371710 ,    47076         ,
27 ,    1765 ,     i ,    3 ,     1 ,     385230 ,    386994 ,    50062         ,
27 ,    1805 ,     i ,    3 ,     1 ,     406007 ,    407811 ,    51682         ,
27 ,    1845 ,     i ,    3 ,     1 ,     410632 ,    412476 ,    52386         ,
27 ,    1885 ,     i ,    3 ,     1 ,     462087 ,    463971 ,    60335         ,
27 ,    1925 ,     i ,    3 ,     1 ,     471128 ,    473052 ,    59708         ,
27 ,    1965 ,     i ,    3 ,     1 ,     463448 ,    465412 ,    60530         ,
27 ,    2005 ,     i ,    3 ,     1 ,     503937 ,    505941 ,    66519         ,
27 ,    2045 ,     i ,    3 ,     1 ,     531826 ,    533870 ,    69429         ,
27 ,    2085 ,     i ,    3 ,     1 ,     542899 ,    544983 ,    68851         ,
27 ,    2125 ,     i ,    3 ,     1 ,     596835 ,    598959 ,    77601         ,
27 ,    2165 ,     i ,    3 ,     1 ,     580272 ,    582436 ,    75628         ,
27 ,    2205 ,     i ,    3 ,     1 ,     612102 ,    614306 ,    79461         ,
27 ,    2245 ,     i ,    3 ,     1 ,     605820 ,    608064 ,    78873         ,
27 ,    2285 ,     i ,    3 ,     1 ,     648211 ,    650495 ,    83808         ,
27 ,    2325 ,     i ,    3 ,     1 ,     661579 ,    663903 ,    83858         ,
27 ,    2365 ,     i ,    3 ,     1 ,     728164 ,    730528 ,    92263         ,
27 ,    2405 ,     i ,    3 ,     1 ,     743186 ,    745590 ,    94085         ,
27 ,    2445 ,     i ,    3 ,     1 ,     752827 ,    755271 ,    95556         ,
27 ,    2485 ,     i ,    3 ,     1 ,     758884 ,    761368 ,    96095         ,
27 ,    2525 ,     i ,    3 ,     1 ,     772503 ,    775027 ,    97798         ,
27 ,    2565 ,     i ,    3 ,     1 ,     831472 ,    834036 ,    105429         ,
27 ,    2605 ,     i ,    3 ,     1 ,     838464 ,    841068 ,    107924         ,
27 ,    2645 ,     i ,    3 ,     1 ,     871915 ,    874559 ,    112253         ,
27 ,    2685 ,     i ,    3 ,     1 ,     905443 ,    908127 ,    116702         ,
27 ,    2725 ,     i ,    3 ,     1 ,     920188 ,    922912 ,    118437         ,
27 ,    2765 ,     i ,    3 ,     1 ,     958420 ,    961184 ,    123131         ,
27 ,    2805 ,     i ,    3 ,     1 ,     981437 ,    984241 ,    124643         ,
27 ,    2845 ,     i ,    3 ,     1 ,     1056404 ,    1059248 ,    136383         ,
27 ,    2885 ,     i ,    3 ,     1 ,     1043016 ,    1045900 ,    135487         ,
27 ,    2925 ,     i ,    3 ,     1 ,     1035742 ,    1038666 ,    133618         ,
27 ,    2965 ,     i ,    3 ,     1 ,     1097173 ,    1100137 ,    141158         ,
27 ,    3005 ,     i ,    3 ,     1 ,     1142243 ,    1145247 ,    147232         ,
27 ,    3045 ,     i ,    3 ,     1 ,     1142250 ,    1145294 ,    146819         ,
27 ,    3085 ,     i ,    3 ,     1 ,     1194616 ,    1197700 ,    153369         ,
27 ,    3125 ,     i ,    3 ,     1 ,     1258118 ,    1261242 ,    163110         ,
27 ,    3165 ,     i ,    3 ,     1 ,     1259155 ,    1262319 ,    161182         ,
27 ,    3205 ,     i ,    3 ,     1 ,     1295219 ,    1298423 ,    166114         ,
27 ,    3245 ,     i ,    3 ,     1 ,     1336345 ,    1339589 ,    169440         ,
27 ,    3285 ,     i ,    3 ,     1 ,     1331424 ,    1334708 ,    171153         ,
27 ,    3325 ,     i ,    3 ,     1 ,     1402254 ,    1405578 ,    180242         ,
27 ,    3365 ,     i ,    3 ,     1 ,     1444683 ,    1448047 ,    182816         ,
27 ,    3405 ,     i ,    3 ,     1 ,     1472475 ,    1475879 ,    190415         ,
27 ,    3445 ,     i ,    3 ,     1 ,     1522619 ,    1526063 ,    194990         ,
27 ,    3485 ,     i ,    3 ,     1 ,     1512755 ,    1516239 ,    193370         ,
27 ,    3525 ,     i ,    3 ,     1 ,     1524171 ,    1527695 ,    195624         ,
27 ,    3565 ,     i ,    3 ,     1 ,     1534339 ,    1537903 ,    194545         ,
27 ,    3605 ,     i ,    3 ,     1 ,     1589248 ,    1592852 ,    206262         ,
27 ,    3645 ,     i ,    3 ,     1 ,     1657624 ,    1661268 ,    214269         ,
27 ,    3685 ,     i ,    3 ,     1 ,     1701966 ,    1705650 ,    219304         ,
27 ,    3725 ,     i ,    3 ,     1 ,     1731495 ,    1735219 ,    223113         ,
27 ,    3765 ,     i ,    3 ,     1 ,     1816003 ,    1819767 ,    233253         ,
27 ,    3805 ,     i ,    3 ,     1 ,     1756656 ,    1760460 ,    230568         ,
27 ,    3845 ,     i ,    3 ,     1 ,     1893909 ,    1897753 ,    242891         ,
27 ,    3885 ,     i ,    3 ,     1 ,     1891986 ,    1895870 ,    242039         ,
27 ,    3925 ,     i ,    3 ,     1 ,     1942635 ,    1946559 ,    248247         ,
27 ,    3965 ,     i ,    3 ,     1 ,     1998342 ,    2002306 ,    253372         ,
27 ,    4005 ,     i ,    3 ,     1 ,     1926091 ,    1930095 ,    244409         ,
27 ,    4045 ,     i ,    3 ,     1 ,     2025638 ,    2029682 ,    259007         ,
27 ,    4085 ,     i ,    3 ,     1 ,     2062824 ,    2066908 ,    261619         ,
27 ,    4125 ,     i ,    3 ,     1 ,     2133741 ,    2137865 ,    270354         ,
27 ,    4165 ,     i ,    3 ,     1 ,     2170972 ,    2175136 ,    279770         ,
27 ,    4205 ,     i ,    3 ,     1 ,     2256178 ,    2260382 ,    297049         ,
27 ,    4245 ,     i ,    3 ,     1 ,     2258027 ,    2262271 ,    289265         ,
27 ,    4285 ,     i ,    3 ,     1 ,     2313558 ,    2317842 ,    298863         ,
27 ,    4325 ,     i ,    3 ,     1 ,     2348585 ,    2352909 ,    304666         ,
27 ,    4365 ,     i ,    3 ,     1 ,     2381031 ,    2385395 ,    307532         ,
27 ,    4405 ,     i ,    3 ,     1 ,     2330350 ,    2334754 ,    298960         ,
27 ,    4445 ,     i ,    3 ,     1 ,     2495699 ,    2500143 ,    321811         ,
27 ,    4485 ,     i ,    3 ,     1 ,     2549351 ,    2553835 ,    334423         ,
27 ,    4525 ,     i ,    3 ,     1 ,     2599911 ,    2604435 ,    336813         ,
27 ,    4565 ,     i ,    3 ,     1 ,     2611243 ,    2615807 ,    334878         ,
27 ,    4605 ,     i ,    3 ,     1 ,     2722414 ,    2727018 ,    351913         ,
27 ,    4645 ,     i ,    3 ,     1 ,     2615397 ,    2620041 ,    335316         ,
27 ,    4685 ,     i ,    3 ,     1 ,     2765816 ,    2770500 ,    363613         ,
27 ,    4725 ,     i ,    3 ,     1 ,     2755796 ,    2760520 ,    354731         ,
27 ,    4765 ,     i ,    3 ,     1 ,     2932616 ,    2937380 ,    371366         ,
27 ,    4805 ,     i ,    3 ,     1 ,     2846691 ,    2851495 ,    370917         ,
27 ,    4845 ,     i ,    3 ,     1 ,     2836977 ,    2841821 ,    365179         ,
27 ,    4885 ,     i ,    3 ,     1 ,     2967415 ,    2972299 ,    380647         ,
27 ,    4925 ,     i ,    3 ,     1 ,     3005598 ,    3010522 ,    380439         ,
27 ,    4965 ,     i ,    3 ,     1 ,     3166364 ,    3171328 ,    409003         ,
27 ,    5 ,     i ,    4 ,     1 ,     10 ,    14 ,    4         ,
27 ,    45 ,     i ,    4 ,     1 ,     447 ,    491 ,    70         ,
27 ,    85 ,     i ,    4 ,     1 ,     1401 ,    1485 ,    202         ,
27 ,    125 ,     i ,    4 ,     1 ,     3010 ,    3134 ,    408         ,
27 ,    165 ,     i ,    4 ,     1 ,     5936 ,    6100 ,    781         ,
27 ,    205 ,     i ,    4 ,     1 ,     9147 ,    9351 ,    1285         ,
27 ,    245 ,     i ,    4 ,     1 ,     11619 ,    11863 ,    1735         ,
27 ,    285 ,     i ,    4 ,     1 ,     17307 ,    17591 ,    2228         ,
27 ,    325 ,     i ,    4 ,     1 ,     22251 ,    22575 ,    2866         ,
27 ,    365 ,     i ,    4 ,     1 ,     27305 ,    27669 ,    3589         ,
27 ,    405 ,     i ,    4 ,     1 ,     32604 ,    33008 ,    4162         ,
27 ,    445 ,     i ,    4 ,     1 ,     39459 ,    39903 ,    5032         ,
27 ,    485 ,     i ,    4 ,     1 ,     46207 ,    46691 ,    5970         ,
27 ,    525 ,     i ,    4 ,     1 ,     55010 ,    55534 ,    7059         ,
27 ,    565 ,     i ,    4 ,     1 ,     65178 ,    65742 ,    8275         ,
27 ,    605 ,     i ,    4 ,     1 ,     73392 ,    73996 ,    9383         ,
27 ,    645 ,     i ,    4 ,     1 ,     79421 ,    80065 ,    10588         ,
27 ,    685 ,     i ,    4 ,     1 ,     95077 ,    95761 ,    12104         ,
27 ,    725 ,     i ,    4 ,     1 ,     105981 ,    106705 ,    13536         ,
27 ,    765 ,     i ,    4 ,     1 ,     116007 ,    116771 ,    14764         ,
27 ,    805 ,     i ,    4 ,     1 ,     129341 ,    130145 ,    16403         ,
27 ,    845 ,     i ,    4 ,     1 ,     140609 ,    141453 ,    17894         ,
27 ,    885 ,     i ,    4 ,     1 ,     159023 ,    159907 ,    20213         ,
27 ,    925 ,     i ,    4 ,     1 ,     167054 ,    167978 ,    21418         ,
27 ,    965 ,     i ,    4 ,     1 ,     181891 ,    182855 ,    23098         ,
27 ,    1005 ,     i ,    4 ,     1 ,     206597 ,    207601 ,    28649         ,
27 ,    1045 ,     i ,    4 ,     1 ,     220838 ,    221882 ,    28025         ,
27 ,    1085 ,     i ,    4 ,     1 ,     242548 ,    243632 ,    30758         ,
27 ,    1125 ,     i ,    4 ,     1 ,     262400 ,    263524 ,    34092         ,
27 ,    1165 ,     i ,    4 ,     1 ,     272229 ,    273393 ,    34473         ,
27 ,    1205 ,     i ,    4 ,     1 ,     293293 ,    294497 ,    37195         ,
27 ,    1245 ,     i ,    4 ,     1 ,     309825 ,    311069 ,    39443         ,
27 ,    1285 ,     i ,    4 ,     1 ,     328288 ,    329572 ,    41644         ,
27 ,    1325 ,     i ,    4 ,     1 ,     357329 ,    358653 ,    46013         ,
27 ,    1365 ,     i ,    4 ,     1 ,     386079 ,    387443 ,    49066         ,
27 ,    1405 ,     i ,    4 ,     1 ,     395787 ,    397191 ,    50343         ,
27 ,    1445 ,     i ,    4 ,     1 ,     407744 ,    409188 ,    51803         ,
27 ,    1485 ,     i ,    4 ,     1 ,     436155 ,    437639 ,    55437         ,
27 ,    1525 ,     i ,    4 ,     1 ,     472348 ,    473872 ,    61660         ,
27 ,    1565 ,     i ,    4 ,     1 ,     475322 ,    476886 ,    60364         ,
27 ,    1605 ,     i ,    4 ,     1 ,     499030 ,    500634 ,    63160         ,
27 ,    1645 ,     i ,    4 ,     1 ,     549227 ,    550871 ,    73965         ,
27 ,    1685 ,     i ,    4 ,     1 ,     554995 ,    556679 ,    70346         ,
27 ,    1725 ,     i ,    4 ,     1 ,     596912 ,    598636 ,    75580         ,
27 ,    1765 ,     i ,    4 ,     1 ,     608500 ,    610264 ,    76941         ,
27 ,    1805 ,     i ,    4 ,     1 ,     649148 ,    650952 ,    84064         ,
27 ,    1845 ,     i ,    4 ,     1 ,     659892 ,    661736 ,    85813         ,
27 ,    1885 ,     i ,    4 ,     1 ,     715223 ,    717107 ,    92523         ,
27 ,    1925 ,     i ,    4 ,     1 ,     745408 ,    747332 ,    97726         ,
27 ,    1965 ,     i ,    4 ,     1 ,     768096 ,    770060 ,    101166         ,
27 ,    2005 ,     i ,    4 ,     1 ,     775567 ,    777571 ,    101105         ,
27 ,    2045 ,     i ,    4 ,     1 ,     835563 ,    837607 ,    108699         ,
27 ,    2085 ,     i ,    4 ,     1 ,     898296 ,    900380 ,    117698         ,
27 ,    2125 ,     i ,    4 ,     1 ,     912968 ,    915092 ,    119632         ,
27 ,    2165 ,     i ,    4 ,     1 ,     933180 ,    935344 ,    122419         ,
27 ,    2205 ,     i ,    4 ,     1 ,     1005799 ,    1008003 ,    131085         ,
27 ,    2245 ,     i ,    4 ,     1 ,     992597 ,    994841 ,    130892         ,
27 ,    2285 ,     i ,    4 ,     1 ,     1030772 ,    1033056 ,    136435         ,
27 ,    2325 ,     i ,    4 ,     1 ,     1103707 ,    1106031 ,    142640         ,
27 ,    2365 ,     i ,    4 ,     1 ,     1107224 ,    1109588 ,    143610         ,
27 ,    2405 ,     i ,    4 ,     1 ,     1185983 ,    1188387 ,    156312         ,
27 ,    2445 ,     i ,    4 ,     1 ,     1185716 ,    1188160 ,    151499         ,
27 ,    2485 ,     i ,    4 ,     1 ,     1222894 ,    1225378 ,    160399         ,
27 ,    2525 ,     i ,    4 ,     1 ,     1255774 ,    1258298 ,    159674         ,
27 ,    2565 ,     i ,    4 ,     1 ,     1309669 ,    1312233 ,    169143         ,
27 ,    2605 ,     i ,    4 ,     1 ,     1385729 ,    1388333 ,    181167         ,
27 ,    2645 ,     i ,    4 ,     1 ,     1404352 ,    1406996 ,    183652         ,
27 ,    2685 ,     i ,    4 ,     1 ,     1466834 ,    1469518 ,    189932         ,
27 ,    2725 ,     i ,    4 ,     1 ,     1475922 ,    1478646 ,    190323         ,
27 ,    2765 ,     i ,    4 ,     1 ,     1539555 ,    1542319 ,    195264         ,
27 ,    2805 ,     i ,    4 ,     1 ,     1606188 ,    1608992 ,    207611         ,
27 ,    2845 ,     i ,    4 ,     1 ,     1595771 ,    1598615 ,    205950         ,
27 ,    2885 ,     i ,    4 ,     1 ,     1667471 ,    1670355 ,    214567         ,
27 ,    2925 ,     i ,    4 ,     1 ,     1710035 ,    1712959 ,    219248         ,
27 ,    2965 ,     i ,    4 ,     1 ,     1727341 ,    1730305 ,    225133         ,
27 ,    3005 ,     i ,    4 ,     1 ,     1805948 ,    1808952 ,    234742         ,
27 ,    3045 ,     i ,    4 ,     1 ,     1849662 ,    1852706 ,    238595         ,
27 ,    3085 ,     i ,    4 ,     1 ,     1894268 ,    1897352 ,    243627         ,
27 ,    3125 ,     i ,    4 ,     1 ,     1975863 ,    1978987 ,    253381         ,
27 ,    3165 ,     i ,    4 ,     1 ,     1973491 ,    1976655 ,    257205         ,
27 ,    3205 ,     i ,    4 ,     1 ,     2095533 ,    2098737 ,    269791         ,
27 ,    3245 ,     i ,    4 ,     1 ,     2059652 ,    2062896 ,    264800         ,
27 ,    3285 ,     i ,    4 ,     1 ,     2139152 ,    2142436 ,    277070         ,
27 ,    3325 ,     i ,    4 ,     1 ,     2199556 ,    2202880 ,    279829         ,
27 ,    3365 ,     i ,    4 ,     1 ,     2283133 ,    2286497 ,    289923         ,
27 ,    3405 ,     i ,    4 ,     1 ,     2311020 ,    2314424 ,    292570         ,
27 ,    3445 ,     i ,    4 ,     1 ,     2361479 ,    2364923 ,    301034         ,
27 ,    3485 ,     i ,    4 ,     1 ,     2474588 ,    2478072 ,    324457         ,
27 ,    3525 ,     i ,    4 ,     1 ,     2561938 ,    2565462 ,    329339         ,
27 ,    3565 ,     i ,    4 ,     1 ,     2561479 ,    2565043 ,    330794         ,
27 ,    3605 ,     i ,    4 ,     1 ,     2608645 ,    2612249 ,    335947         ,
27 ,    3645 ,     i ,    4 ,     1 ,     2678771 ,    2682415 ,    343209         ,
27 ,    3685 ,     i ,    4 ,     1 ,     2727377 ,    2731061 ,    347898         ,
27 ,    3725 ,     i ,    4 ,     1 ,     2755503 ,    2759227 ,    353146         ,
27 ,    3765 ,     i ,    4 ,     1 ,     2831154 ,    2834918 ,    358466         ,
27 ,    3805 ,     i ,    4 ,     1 ,     2975137 ,    2978941 ,    382496         ,
27 ,    3845 ,     i ,    4 ,     1 ,     2955815 ,    2959659 ,    380134         ,
27 ,    3885 ,     i ,    4 ,     1 ,     3048955 ,    3052839 ,    390802         ,
27 ,    3925 ,     i ,    4 ,     1 ,     3097422 ,    3101346 ,    392748         ,
27 ,    3965 ,     i ,    4 ,     1 ,     3146684 ,    3150648 ,    397720         ,
27 ,    4005 ,     i ,    4 ,     1 ,     3226039 ,    3230043 ,    413258         ,
27 ,    4045 ,     i ,    4 ,     1 ,     3204292 ,    3208336 ,    407402         ,
27 ,    4085 ,     i ,    4 ,     1 ,     3324175 ,    3328259 ,    422951         ,
27 ,    4125 ,     i ,    4 ,     1 ,     3415255 ,    3419379 ,    432454         ,
27 ,    4165 ,     i ,    4 ,     1 ,     3501732 ,    3505896 ,    450737         ,
27 ,    4205 ,     i ,    4 ,     1 ,     3551584 ,    3555788 ,    458194         ,
27 ,    4245 ,     i ,    4 ,     1 ,     3481219 ,    3485463 ,    449831         ,
27 ,    4285 ,     i ,    4 ,     1 ,     3649444 ,    3653728 ,    469045         ,
27 ,    4325 ,     i ,    4 ,     1 ,     3700670 ,    3704994 ,    477832         ,
27 ,    4365 ,     i ,    4 ,     1 ,     3812928 ,    3817292 ,    493665         ,
27 ,    4405 ,     i ,    4 ,     1 ,     3923067 ,    3927471 ,    503967         ,
27 ,    4445 ,     i ,    4 ,     1 ,     3821927 ,    3826371 ,    494028         ,
27 ,    4485 ,     i ,    4 ,     1 ,     4110047 ,    4114531 ,    531735         ,
27 ,    4525 ,     i ,    4 ,     1 ,     4185134 ,    4189658 ,    534799         ,
27 ,    4565 ,     i ,    4 ,     1 ,     4108398 ,    4112962 ,    525542         ,
27 ,    4605 ,     i ,    4 ,     1 ,     4267931 ,    4272535 ,    539956         ,
27 ,    4645 ,     i ,    4 ,     1 ,     4305686 ,    4310330 ,    552339         ,
27 ,    4685 ,     i ,    4 ,     1 ,     4419866 ,    4424550 ,    570132         ,
27 ,    4725 ,     i ,    4 ,     1 ,     4470123 ,    4474847 ,    572004         ,
27 ,    4765 ,     i ,    4 ,     1 ,     4533073 ,    4537837 ,    577478         ,
27 ,    4805 ,     i ,    4 ,     1 ,     4628889 ,    4633693 ,    598842         ,
27 ,    4845 ,     i ,    4 ,     1 ,     4710195 ,    4715039 ,    605693         ,
27 ,    4885 ,     i ,    4 ,     1 ,     4791919 ,    4796803 ,    618207         ,
27 ,    4925 ,     i ,    4 ,     1 ,     4840903 ,    4845827 ,    624867         ,
27 ,    4965 ,     i ,    4 ,     1 ,     4954651 ,    4959615 ,    631036         ,


