SEED ,  SIZE ,  ALG ,  TYPE ,  CALLS ,  CMP ,     MOVE ,    TIME              ,
27 ,    5 ,     m ,    0 ,     13 ,     6 ,    0 ,    10         ,
27 ,    45 ,     m ,    0 ,     133 ,     189 ,    0 ,    86         ,
27 ,    85 ,     m ,    0 ,     253 ,     443 ,    0 ,    166         ,
27 ,    125 ,     m ,    0 ,     373 ,     716 ,    0 ,    262         ,
27 ,    165 ,     m ,    0 ,     493 ,     1004 ,    0 ,    506         ,
27 ,    205 ,     m ,    0 ,     613 ,     1316 ,    0 ,    463         ,
27 ,    245 ,     m ,    0 ,     733 ,     1627 ,    0 ,    559         ,
27 ,    285 ,     m ,    0 ,     853 ,     1967 ,    0 ,    667         ,
27 ,    325 ,     m ,    0 ,     973 ,     2303 ,    0 ,    877         ,
27 ,    365 ,     m ,    0 ,     1093 ,     2636 ,    0 ,    881         ,
27 ,    405 ,     m ,    0 ,     1213 ,     3000 ,    0 ,    993         ,
27 ,    445 ,     m ,    0 ,     1333 ,     3355 ,    0 ,    1110         ,
27 ,    485 ,     m ,    0 ,     1453 ,     3713 ,    0 ,    1213         ,
27 ,    525 ,     m ,    0 ,     1573 ,     4050 ,    0 ,    1327         ,
27 ,    565 ,     m ,    0 ,     1693 ,     4451 ,    0 ,    1490         ,
27 ,    605 ,     m ,    0 ,     1813 ,     4830 ,    0 ,    1579         ,
27 ,    645 ,     m ,    0 ,     1933 ,     5208 ,    0 ,    3967         ,
27 ,    685 ,     m ,    0 ,     2053 ,     5586 ,    0 ,    1798         ,
27 ,    725 ,     m ,    0 ,     2173 ,     5980 ,    0 ,    1916         ,
27 ,    765 ,     m ,    0 ,     2293 ,     6373 ,    0 ,    2047         ,
27 ,    805 ,     m ,    0 ,     2413 ,     6762 ,    0 ,    2662         ,
27 ,    845 ,     m ,    0 ,     2533 ,     7170 ,    0 ,    2266         ,
27 ,    885 ,     m ,    0 ,     2653 ,     7573 ,    0 ,    2398         ,
27 ,    925 ,     m ,    0 ,     2773 ,     7918 ,    0 ,    2737         ,
27 ,    965 ,     m ,    0 ,     2893 ,     8338 ,    0 ,    2734         ,
27 ,    1005 ,     m ,    0 ,     3013 ,     8758 ,    0 ,    2781         ,
27 ,    1045 ,     m ,    0 ,     3133 ,     9155 ,    0 ,    2974         ,
27 ,    1085 ,     m ,    0 ,     3253 ,     9562 ,    0 ,    3126         ,
27 ,    1125 ,     m ,    0 ,     3373 ,     9998 ,    0 ,    3349         ,
27 ,    1165 ,     m ,    0 ,     3493 ,     10406 ,    0 ,    3360         ,
27 ,    1205 ,     m ,    0 ,     3613 ,     10810 ,    0 ,    3512         ,
27 ,    1245 ,     m ,    0 ,     3733 ,     11230 ,    0 ,    3608         ,
27 ,    1285 ,     m ,    0 ,     3853 ,     11659 ,    0 ,    3624         ,
27 ,    1325 ,     m ,    0 ,     3973 ,     12104 ,    0 ,    3771         ,
27 ,    1365 ,     m ,    0 ,     4093 ,     12547 ,    0 ,    3962         ,
27 ,    1405 ,     m ,    0 ,     4213 ,     12936 ,    0 ,    4105         ,
27 ,    1445 ,     m ,    0 ,     4333 ,     13374 ,    0 ,    4162         ,
27 ,    1485 ,     m ,    0 ,     4453 ,     13759 ,    0 ,    4476         ,
27 ,    1525 ,     m ,    0 ,     4573 ,     14224 ,    0 ,    4396         ,
27 ,    1565 ,     m ,    0 ,     4693 ,     14596 ,    0 ,    4534         ,
27 ,    1605 ,     m ,    0 ,     4813 ,     15104 ,    0 ,    4795         ,
27 ,    1645 ,     m ,    0 ,     4933 ,     15537 ,    0 ,    4805         ,
27 ,    1685 ,     m ,    0 ,     5053 ,     15963 ,    0 ,    5289         ,
27 ,    1725 ,     m ,    0 ,     5173 ,     16392 ,    0 ,    5101         ,
27 ,    1765 ,     m ,    0 ,     5293 ,     16834 ,    0 ,    5460         ,
27 ,    1805 ,     m ,    0 ,     5413 ,     17272 ,    0 ,    5410         ,
27 ,    1845 ,     m ,    0 ,     5533 ,     17703 ,    0 ,    5471         ,
27 ,    1885 ,     m ,    0 ,     5653 ,     18146 ,    0 ,    5685         ,
27 ,    1925 ,     m ,    0 ,     5773 ,     18576 ,    0 ,    5859         ,
27 ,    1965 ,     m ,    0 ,     5893 ,     19015 ,    0 ,    5832         ,
27 ,    2005 ,     m ,    0 ,     6013 ,     19454 ,    0 ,    5992         ,
27 ,    2045 ,     m ,    0 ,     6133 ,     19908 ,    0 ,    6080         ,
27 ,    2085 ,     m ,    0 ,     6253 ,     20373 ,    0 ,    6423         ,
27 ,    2125 ,     m ,    0 ,     6373 ,     20816 ,    0 ,    6479         ,
27 ,    2165 ,     m ,    0 ,     6493 ,     21254 ,    0 ,    6620         ,
27 ,    2205 ,     m ,    0 ,     6613 ,     21707 ,    0 ,    6756         ,
27 ,    2245 ,     m ,    0 ,     6733 ,     22176 ,    0 ,    6919         ,
27 ,    2285 ,     m ,    0 ,     6853 ,     22661 ,    0 ,    7837         ,
27 ,    2325 ,     m ,    0 ,     6973 ,     23110 ,    0 ,    7214         ,
27 ,    2365 ,     m ,    0 ,     7093 ,     23573 ,    0 ,    7334         ,
27 ,    2405 ,     m ,    0 ,     7213 ,     24022 ,    0 ,    7386         ,
27 ,    2445 ,     m ,    0 ,     7333 ,     24494 ,    0 ,    7877         ,
27 ,    2485 ,     m ,    0 ,     7453 ,     24902 ,    0 ,    7715         ,
27 ,    2525 ,     m ,    0 ,     7573 ,     25433 ,    0 ,    7894         ,
27 ,    2565 ,     m ,    0 ,     7693 ,     25836 ,    0 ,    8126         ,
27 ,    2605 ,     m ,    0 ,     7813 ,     26308 ,    0 ,    8418         ,
27 ,    2645 ,     m ,    0 ,     7933 ,     26800 ,    0 ,    8396         ,
27 ,    2685 ,     m ,    0 ,     8053 ,     27312 ,    0 ,    8800         ,
27 ,    2725 ,     m ,    0 ,     8173 ,     27723 ,    0 ,    8783         ,
27 ,    2765 ,     m ,    0 ,     8293 ,     28207 ,    0 ,    9141         ,
27 ,    2805 ,     m ,    0 ,     8413 ,     28660 ,    0 ,    9111         ,
27 ,    2845 ,     m ,    0 ,     8533 ,     29127 ,    0 ,    9304         ,
27 ,    2885 ,     m ,    0 ,     8653 ,     29543 ,    0 ,    9506         ,
27 ,    2925 ,     m ,    0 ,     8773 ,     30027 ,    0 ,    9470         ,
27 ,    2965 ,     m ,    0 ,     8893 ,     30553 ,    0 ,    10530         ,
27 ,    3005 ,     m ,    0 ,     9013 ,     31015 ,    0 ,    9747         ,
27 ,    3045 ,     m ,    0 ,     9133 ,     31466 ,    0 ,    10078         ,
27 ,    3085 ,     m ,    0 ,     9253 ,     31925 ,    0 ,    10235         ,
27 ,    3125 ,     m ,    0 ,     9373 ,     32416 ,    0 ,    10396         ,
27 ,    3165 ,     m ,    0 ,     9493 ,     32857 ,    0 ,    10495         ,
27 ,    3205 ,     m ,    0 ,     9613 ,     33354 ,    0 ,    10455         ,
27 ,    3245 ,     m ,    0 ,     9733 ,     33846 ,    0 ,    11332         ,
27 ,    3285 ,     m ,    0 ,     9853 ,     34302 ,    0 ,    10730         ,
27 ,    3325 ,     m ,    0 ,     9973 ,     34713 ,    0 ,    11171         ,
27 ,    3365 ,     m ,    0 ,     10093 ,     35284 ,    0 ,    11136         ,
27 ,    3405 ,     m ,    0 ,     10213 ,     35696 ,    0 ,    11122         ,
27 ,    3445 ,     m ,    0 ,     10333 ,     36210 ,    0 ,    11327         ,
27 ,    3485 ,     m ,    0 ,     10453 ,     36702 ,    0 ,    11689         ,
27 ,    3525 ,     m ,    0 ,     10573 ,     37190 ,    0 ,    11957         ,
27 ,    3565 ,     m ,    0 ,     10693 ,     37644 ,    0 ,    11797         ,
27 ,    3605 ,     m ,    0 ,     10813 ,     38124 ,    0 ,    11837         ,
27 ,    3645 ,     m ,    0 ,     10933 ,     38565 ,    0 ,    11986         ,
27 ,    3685 ,     m ,    0 ,     11053 ,     39051 ,    0 ,    12228         ,
27 ,    3725 ,     m ,    0 ,     11173 ,     39537 ,    0 ,    12502         ,
27 ,    3765 ,     m ,    0 ,     11293 ,     39997 ,    0 ,    12554         ,
27 ,    3805 ,     m ,    0 ,     11413 ,     40517 ,    0 ,    12764         ,
27 ,    3845 ,     m ,    0 ,     11533 ,     40994 ,    0 ,    12771         ,
27 ,    3885 ,     m ,    0 ,     11653 ,     41424 ,    0 ,    13259         ,
27 ,    3925 ,     m ,    0 ,     11773 ,     41934 ,    0 ,    13098         ,
27 ,    3965 ,     m ,    0 ,     11893 ,     42422 ,    0 ,    15192         ,
27 ,    4005 ,     m ,    0 ,     12013 ,     42875 ,    0 ,    13343         ,
27 ,    4045 ,     m ,    0 ,     12133 ,     43388 ,    0 ,    13513         ,
27 ,    4085 ,     m ,    0 ,     12253 ,     43876 ,    0 ,    13769         ,
27 ,    4125 ,     m ,    0 ,     12373 ,     44285 ,    0 ,    13657         ,
27 ,    4165 ,     m ,    0 ,     12493 ,     44799 ,    0 ,    14026         ,
27 ,    4205 ,     m ,    0 ,     12613 ,     45254 ,    0 ,    14132         ,
27 ,    4245 ,     m ,    0 ,     12733 ,     45810 ,    0 ,    14209         ,
27 ,    4285 ,     m ,    0 ,     12853 ,     46324 ,    0 ,    14616         ,
27 ,    4325 ,     m ,    0 ,     12973 ,     46762 ,    0 ,    14566         ,
27 ,    4365 ,     m ,    0 ,     13093 ,     47295 ,    0 ,    14733         ,
27 ,    4405 ,     m ,    0 ,     13213 ,     47775 ,    0 ,    14916         ,
27 ,    4445 ,     m ,    0 ,     13333 ,     48288 ,    0 ,    15342         ,
27 ,    4485 ,     m ,    0 ,     13453 ,     48775 ,    0 ,    17294         ,
27 ,    4525 ,     m ,    0 ,     13573 ,     49324 ,    0 ,    15345         ,
27 ,    4565 ,     m ,    0 ,     13693 ,     49821 ,    0 ,    15429         ,
27 ,    4605 ,     m ,    0 ,     13813 ,     50266 ,    0 ,    15610         ,
27 ,    4645 ,     m ,    0 ,     13933 ,     50822 ,    0 ,    15943         ,
27 ,    4685 ,     m ,    0 ,     14053 ,     51244 ,    0 ,    18177         ,
27 ,    4725 ,     m ,    0 ,     14173 ,     51718 ,    0 ,    16137         ,
27 ,    4765 ,     m ,    0 ,     14293 ,     52237 ,    0 ,    16226         ,
27 ,    4805 ,     m ,    0 ,     14413 ,     52711 ,    0 ,    16307         ,
27 ,    4845 ,     m ,    0 ,     14533 ,     53288 ,    0 ,    16943         ,
27 ,    4885 ,     m ,    0 ,     14653 ,     53756 ,    0 ,    16627         ,
27 ,    4925 ,     m ,    0 ,     14773 ,     54279 ,    0 ,    16748         ,
27 ,    4965 ,     m ,    0 ,     14893 ,     54795 ,    0 ,    17174         ,
27 ,    5 ,     m ,    1 ,     13 ,     7 ,    0 ,    6         ,
27 ,    45 ,     m ,    1 ,     133 ,     136 ,    0 ,    68         ,
27 ,    85 ,     m ,    1 ,     253 ,     297 ,    0 ,    136         ,
27 ,    125 ,     m ,    1 ,     373 ,     443 ,    0 ,    214         ,
27 ,    165 ,     m ,    1 ,     493 ,     654 ,    0 ,    293         ,
27 ,    205 ,     m ,    1 ,     613 ,     837 ,    0 ,    470         ,
27 ,    245 ,     m ,    1 ,     733 ,     996 ,    0 ,    457         ,
27 ,    285 ,     m ,    1 ,     853 ,     1218 ,    0 ,    543         ,
27 ,    325 ,     m ,    1 ,     973 ,     1443 ,    0 ,    633         ,
27 ,    365 ,     m ,    1 ,     1093 ,     1653 ,    0 ,    718         ,
27 ,    405 ,     m ,    1 ,     1213 ,     1854 ,    0 ,    810         ,
27 ,    445 ,     m ,    1 ,     1333 ,     2040 ,    0 ,    898         ,
27 ,    485 ,     m ,    1 ,     1453 ,     2217 ,    0 ,    983         ,
27 ,    525 ,     m ,    1 ,     1573 ,     2412 ,    0 ,    1174         ,
27 ,    565 ,     m ,    1 ,     1693 ,     2691 ,    0 ,    1209         ,
27 ,    605 ,     m ,    1 ,     1813 ,     2946 ,    0 ,    1396         ,
27 ,    645 ,     m ,    1 ,     1933 ,     3176 ,    0 ,    1365         ,
27 ,    685 ,     m ,    1 ,     2053 ,     3426 ,    0 ,    1475         ,
27 ,    725 ,     m ,    1 ,     2173 ,     3646 ,    0 ,    1758         ,
27 ,    765 ,     m ,    1 ,     2293 ,     3832 ,    0 ,    1873         ,
27 ,    805 ,     m ,    1 ,     2413 ,     4083 ,    0 ,    1764         ,
27 ,    845 ,     m ,    1 ,     2533 ,     4306 ,    0 ,    1855         ,
27 ,    885 ,     m ,    1 ,     2653 ,     4505 ,    0 ,    1959         ,
27 ,    925 ,     m ,    1 ,     2773 ,     4709 ,    0 ,    2148         ,
27 ,    965 ,     m ,    1 ,     2893 ,     4894 ,    0 ,    2301         ,
27 ,    1005 ,     m ,    1 ,     3013 ,     5064 ,    0 ,    2326         ,
27 ,    1045 ,     m ,    1 ,     3133 ,     5309 ,    0 ,    2340         ,
27 ,    1085 ,     m ,    1 ,     3253 ,     5615 ,    0 ,    2465         ,
27 ,    1125 ,     m ,    1 ,     3373 ,     5912 ,    0 ,    2603         ,
27 ,    1165 ,     m ,    1 ,     3493 ,     6188 ,    0 ,    2844         ,
27 ,    1205 ,     m ,    1 ,     3613 ,     6467 ,    0 ,    3178         ,
27 ,    1245 ,     m ,    1 ,     3733 ,     6722 ,    0 ,    3030         ,
27 ,    1285 ,     m ,    1 ,     3853 ,     6957 ,    0 ,    3065         ,
27 ,    1325 ,     m ,    1 ,     3973 ,     7247 ,    0 ,    3224         ,
27 ,    1365 ,     m ,    1 ,     4093 ,     7507 ,    0 ,    3187         ,
27 ,    1405 ,     m ,    1 ,     4213 ,     7733 ,    0 ,    3271         ,
27 ,    1445 ,     m ,    1 ,     4333 ,     7987 ,    0 ,    3418         ,
27 ,    1485 ,     m ,    1 ,     4453 ,     8210 ,    0 ,    3617         ,
27 ,    1525 ,     m ,    1 ,     4573 ,     8409 ,    0 ,    3644         ,
27 ,    1565 ,     m ,    1 ,     4693 ,     8671 ,    0 ,    3969         ,
27 ,    1605 ,     m ,    1 ,     4813 ,     8936 ,    0 ,    3800         ,
27 ,    1645 ,     m ,    1 ,     4933 ,     9186 ,    0 ,    4005         ,
27 ,    1685 ,     m ,    1 ,     5053 ,     9427 ,    0 ,    4241         ,
27 ,    1725 ,     m ,    1 ,     5173 ,     9653 ,    0 ,    4225         ,
27 ,    1765 ,     m ,    1 ,     5293 ,     9870 ,    0 ,    4252         ,
27 ,    1805 ,     m ,    1 ,     5413 ,     10079 ,    0 ,    4423         ,
27 ,    1845 ,     m ,    1 ,     5533 ,     10318 ,    0 ,    4524         ,
27 ,    1885 ,     m ,    1 ,     5653 ,     10533 ,    0 ,    4661         ,
27 ,    1925 ,     m ,    1 ,     5773 ,     10723 ,    0 ,    4669         ,
27 ,    1965 ,     m ,    1 ,     5893 ,     10933 ,    0 ,    4720         ,
27 ,    2005 ,     m ,    1 ,     6013 ,     11113 ,    0 ,    4931         ,
27 ,    2045 ,     m ,    1 ,     6133 ,     11259 ,    0 ,    5304         ,
27 ,    2085 ,     m ,    1 ,     6253 ,     11618 ,    0 ,    5171         ,
27 ,    2125 ,     m ,    1 ,     6373 ,     11961 ,    0 ,    5269         ,
27 ,    2165 ,     m ,    1 ,     6493 ,     12280 ,    0 ,    5528         ,
27 ,    2205 ,     m ,    1 ,     6613 ,     12604 ,    0 ,    5532         ,
27 ,    2245 ,     m ,    1 ,     6733 ,     12909 ,    0 ,    5618         ,
27 ,    2285 ,     m ,    1 ,     6853 ,     13199 ,    0 ,    5747         ,
27 ,    2325 ,     m ,    1 ,     6973 ,     13501 ,    0 ,    5780         ,
27 ,    2365 ,     m ,    1 ,     7093 ,     13807 ,    0 ,    5860         ,
27 ,    2405 ,     m ,    1 ,     7213 ,     14104 ,    0 ,    6032         ,
27 ,    2445 ,     m ,    1 ,     7333 ,     14380 ,    0 ,    6463         ,
27 ,    2485 ,     m ,    1 ,     7453 ,     14659 ,    0 ,    6310         ,
27 ,    2525 ,     m ,    1 ,     7573 ,     14914 ,    0 ,    6318         ,
27 ,    2565 ,     m ,    1 ,     7693 ,     15154 ,    0 ,    6480         ,
27 ,    2605 ,     m ,    1 ,     7813 ,     15484 ,    0 ,    6698         ,
27 ,    2645 ,     m ,    1 ,     7933 ,     15784 ,    0 ,    7005         ,
27 ,    2685 ,     m ,    1 ,     8053 ,     16050 ,    0 ,    6807         ,
27 ,    2725 ,     m ,    1 ,     8173 ,     16344 ,    0 ,    6958         ,
27 ,    2765 ,     m ,    1 ,     8293 ,     16607 ,    0 ,    7141         ,
27 ,    2805 ,     m ,    1 ,     8413 ,     16846 ,    0 ,    7190         ,
27 ,    2845 ,     m ,    1 ,     8533 ,     17119 ,    0 ,    7418         ,
27 ,    2885 ,     m ,    1 ,     8653 ,     17384 ,    0 ,    7702         ,
27 ,    2925 ,     m ,    1 ,     8773 ,     17634 ,    0 ,    7632         ,
27 ,    2965 ,     m ,    1 ,     8893 ,     17875 ,    0 ,    7716         ,
27 ,    3005 ,     m ,    1 ,     9013 ,     18101 ,    0 ,    7783         ,
27 ,    3045 ,     m ,    1 ,     9133 ,     18318 ,    0 ,    7882         ,
27 ,    3085 ,     m ,    1 ,     9253 ,     18553 ,    0 ,    7882         ,
27 ,    3125 ,     m ,    1 ,     9373 ,     18872 ,    0 ,    8343         ,
27 ,    3165 ,     m ,    1 ,     9493 ,     19167 ,    0 ,    8276         ,
27 ,    3205 ,     m ,    1 ,     9613 ,     19437 ,    0 ,    8326         ,
27 ,    3245 ,     m ,    1 ,     9733 ,     19727 ,    0 ,    8494         ,
27 ,    3285 ,     m ,    1 ,     9853 ,     19987 ,    0 ,    8582         ,
27 ,    3325 ,     m ,    1 ,     9973 ,     20213 ,    0 ,    8631         ,
27 ,    3365 ,     m ,    1 ,     10093 ,     20504 ,    0 ,    8794         ,
27 ,    3405 ,     m ,    1 ,     10213 ,     20767 ,    0 ,    8873         ,
27 ,    3445 ,     m ,    1 ,     10333 ,     21006 ,    0 ,    8981         ,
27 ,    3485 ,     m ,    1 ,     10453 ,     21250 ,    0 ,    9294         ,
27 ,    3525 ,     m ,    1 ,     10573 ,     21475 ,    0 ,    9489         ,
27 ,    3565 ,     m ,    1 ,     10693 ,     21685 ,    0 ,    9312         ,
27 ,    3605 ,     m ,    1 ,     10813 ,     21928 ,    0 ,    9503         ,
27 ,    3645 ,     m ,    1 ,     10933 ,     22194 ,    0 ,    9635         ,
27 ,    3685 ,     m ,    1 ,     11053 ,     22451 ,    0 ,    9702         ,
27 ,    3725 ,     m ,    1 ,     11173 ,     22687 ,    0 ,    9827         ,
27 ,    3765 ,     m ,    1 ,     11293 ,     22926 ,    0 ,    10022         ,
27 ,    3805 ,     m ,    1 ,     11413 ,     23141 ,    0 ,    10234         ,
27 ,    3845 ,     m ,    1 ,     11533 ,     23336 ,    0 ,    10224         ,
27 ,    3885 ,     m ,    1 ,     11653 ,     23586 ,    0 ,    12032         ,
27 ,    3925 ,     m ,    1 ,     11773 ,     23806 ,    0 ,    10336         ,
27 ,    3965 ,     m ,    1 ,     11893 ,     23992 ,    0 ,    10531         ,
27 ,    4005 ,     m ,    1 ,     12013 ,     24206 ,    0 ,    13046         ,
27 ,    4045 ,     m ,    1 ,     12133 ,     24389 ,    0 ,    10813         ,
27 ,    4085 ,     m ,    1 ,     12253 ,     24548 ,    0 ,    10840         ,
27 ,    4125 ,     m ,    1 ,     12373 ,     24886 ,    0 ,    10900         ,
27 ,    4165 ,     m ,    1 ,     12493 ,     25271 ,    0 ,    13275         ,
27 ,    4205 ,     m ,    1 ,     12613 ,     25641 ,    0 ,    11208         ,
27 ,    4245 ,     m ,    1 ,     12733 ,     26002 ,    0 ,    11528         ,
27 ,    4285 ,     m ,    1 ,     12853 ,     26348 ,    0 ,    13442         ,
27 ,    4325 ,     m ,    1 ,     12973 ,     26685 ,    0 ,    11557         ,
27 ,    4365 ,     m ,    1 ,     13093 ,     27014 ,    0 ,    11703         ,
27 ,    4405 ,     m ,    1 ,     13213 ,     27373 ,    0 ,    11975         ,
27 ,    4445 ,     m ,    1 ,     13333 ,     27708 ,    0 ,    11965         ,
27 ,    4485 ,     m ,    1 ,     13453 ,     28018 ,    0 ,    12008         ,
27 ,    4525 ,     m ,    1 ,     13573 ,     28348 ,    0 ,    12204         ,
27 ,    4565 ,     m ,    1 ,     13693 ,     28648 ,    0 ,    12298         ,
27 ,    4605 ,     m ,    1 ,     13813 ,     28914 ,    0 ,    12358         ,
27 ,    4645 ,     m ,    1 ,     13933 ,     29282 ,    0 ,    12601         ,
27 ,    4685 ,     m ,    1 ,     14053 ,     29625 ,    0 ,    12719         ,
27 ,    4725 ,     m ,    1 ,     14173 ,     29944 ,    0 ,    14498         ,
27 ,    4765 ,     m ,    1 ,     14293 ,     30268 ,    0 ,    12894         ,
27 ,    4805 ,     m ,    1 ,     14413 ,     30573 ,    0 ,    13117         ,
27 ,    4845 ,     m ,    1 ,     14533 ,     30863 ,    0 ,    13204         ,
27 ,    4885 ,     m ,    1 ,     14653 ,     31165 ,    0 ,    13220         ,
27 ,    4925 ,     m ,    1 ,     14773 ,     31471 ,    0 ,    15319         ,
27 ,    4965 ,     m ,    1 ,     14893 ,     31768 ,    0 ,    13630         ,
27 ,    5 ,     m ,    2 ,     13 ,     5 ,    0 ,    7         ,
27 ,    45 ,     m ,    2 ,     133 ,     115 ,    0 ,    69         ,
27 ,    85 ,     m ,    2 ,     253 ,     255 ,    0 ,    136         ,
27 ,    125 ,     m ,    2 ,     373 ,     429 ,    0 ,    215         ,
27 ,    165 ,     m ,    2 ,     493 ,     575 ,    0 ,    291         ,
27 ,    205 ,     m ,    2 ,     613 ,     752 ,    0 ,    371         ,
27 ,    245 ,     m ,    2 ,     733 ,     953 ,    0 ,    454         ,
27 ,    285 ,     m ,    2 ,     853 ,     1120 ,    0 ,    540         ,
27 ,    325 ,     m ,    2 ,     973 ,     1295 ,    0 ,    635         ,
27 ,    365 ,     m ,    2 ,     1093 ,     1485 ,    0 ,    714         ,
27 ,    405 ,     m ,    2 ,     1213 ,     1684 ,    0 ,    820         ,
27 ,    445 ,     m ,    2 ,     1333 ,     1898 ,    0 ,    991         ,
27 ,    485 ,     m ,    2 ,     1453 ,     2121 ,    0 ,    985         ,
27 ,    525 ,     m ,    2 ,     1573 ,     2339 ,    0 ,    1075         ,
27 ,    565 ,     m ,    2 ,     1693 ,     2500 ,    0 ,    1166         ,
27 ,    605 ,     m ,    2 ,     1813 ,     2685 ,    0 ,    1272         ,
27 ,    645 ,     m ,    2 ,     1933 ,     2895 ,    0 ,    1356         ,
27 ,    685 ,     m ,    2 ,     2053 ,     3085 ,    0 ,    1458         ,
27 ,    725 ,     m ,    2 ,     2173 ,     3305 ,    0 ,    1555         ,
27 ,    765 ,     m ,    2 ,     2293 ,     3559 ,    0 ,    1640         ,
27 ,    805 ,     m ,    2 ,     2413 ,     3748 ,    0 ,    1838         ,
27 ,    845 ,     m ,    2 ,     2533 ,     3965 ,    0 ,    1849         ,
27 ,    885 ,     m ,    2 ,     2653 ,     4206 ,    0 ,    1956         ,
27 ,    925 ,     m ,    2 ,     2773 ,     4442 ,    0 ,    2072         ,
27 ,    965 ,     m ,    2 ,     2893 ,     4697 ,    0 ,    2169         ,
27 ,    1005 ,     m ,    2 ,     3013 ,     4967 ,    0 ,    2236         ,
27 ,    1045 ,     m ,    2 ,     3133 ,     5183 ,    0 ,    2425         ,
27 ,    1085 ,     m ,    2 ,     3253 ,     5357 ,    0 ,    2601         ,
27 ,    1125 ,     m ,    2 ,     3373 ,     5540 ,    0 ,    2640         ,
27 ,    1165 ,     m ,    2 ,     3493 ,     5744 ,    0 ,    2725         ,
27 ,    1205 ,     m ,    2 ,     3613 ,     5945 ,    0 ,    3208         ,
27 ,    1245 ,     m ,    2 ,     3733 ,     6170 ,    0 ,    2849         ,
27 ,    1285 ,     m ,    2 ,     3853 ,     6415 ,    0 ,    2948         ,
27 ,    1325 ,     m ,    2 ,     3973 ,     6605 ,    0 ,    3059         ,
27 ,    1365 ,     m ,    2 ,     4093 ,     6825 ,    0 ,    3169         ,
27 ,    1405 ,     m ,    2 ,     4213 ,     7079 ,    0 ,    3364         ,
27 ,    1445 ,     m ,    2 ,     4333 ,     7305 ,    0 ,    3459         ,
27 ,    1485 ,     m ,    2 ,     4453 ,     7562 ,    0 ,    3478         ,
27 ,    1525 ,     m ,    2 ,     4573 ,     7843 ,    0 ,    3715         ,
27 ,    1565 ,     m ,    2 ,     4693 ,     8061 ,    0 ,    3716         ,
27 ,    1605 ,     m ,    2 ,     4813 ,     8276 ,    0 ,    3943         ,
27 ,    1645 ,     m ,    2 ,     4933 ,     8506 ,    0 ,    3903         ,
27 ,    1685 ,     m ,    2 ,     5053 ,     8745 ,    0 ,    4340         ,
27 ,    1725 ,     m ,    2 ,     5173 ,     8999 ,    0 ,    4100         ,
27 ,    1765 ,     m ,    2 ,     5293 ,     9262 ,    0 ,    4209         ,
27 ,    1805 ,     m ,    2 ,     5413 ,     9533 ,    0 ,    4441         ,
27 ,    1845 ,     m ,    2 ,     5533 ,     9774 ,    0 ,    4511         ,
27 ,    1885 ,     m ,    2 ,     5653 ,     10039 ,    0 ,    4542         ,
27 ,    1925 ,     m ,    2 ,     5773 ,     10329 ,    0 ,    4850         ,
27 ,    1965 ,     m ,    2 ,     5893 ,     10599 ,    0 ,    4739         ,
27 ,    2005 ,     m ,    2 ,     6013 ,     10899 ,    0 ,    4931         ,
27 ,    2045 ,     m ,    2 ,     6133 ,     11233 ,    0 ,    5032         ,
27 ,    2085 ,     m ,    2 ,     6253 ,     11391 ,    0 ,    5206         ,
27 ,    2125 ,     m ,    2 ,     6373 ,     11568 ,    0 ,    5281         ,
27 ,    2165 ,     m ,    2 ,     6493 ,     11769 ,    0 ,    5394         ,
27 ,    2205 ,     m ,    2 ,     6613 ,     11965 ,    0 ,    5492         ,
27 ,    2245 ,     m ,    2 ,     6733 ,     12180 ,    0 ,    5609         ,
27 ,    2285 ,     m ,    2 ,     6853 ,     12410 ,    0 ,    7877         ,
27 ,    2325 ,     m ,    2 ,     6973 ,     12628 ,    0 ,    5748         ,
27 ,    2365 ,     m ,    2 ,     7093 ,     12842 ,    0 ,    5860         ,
27 ,    2405 ,     m ,    2 ,     7213 ,     13065 ,    0 ,    5988         ,
27 ,    2445 ,     m ,    2 ,     7333 ,     13309 ,    0 ,    6531         ,
27 ,    2485 ,     m ,    2 ,     7453 ,     13550 ,    0 ,    6193         ,
27 ,    2525 ,     m ,    2 ,     7573 ,     13815 ,    0 ,    6282         ,
27 ,    2565 ,     m ,    2 ,     7693 ,     14095 ,    0 ,    6535         ,
27 ,    2605 ,     m ,    2 ,     7813 ,     14285 ,    0 ,    6652         ,
27 ,    2645 ,     m ,    2 ,     7933 ,     14505 ,    0 ,    6707         ,
27 ,    2685 ,     m ,    2 ,     8053 ,     14759 ,    0 ,    6834         ,
27 ,    2725 ,     m ,    2 ,     8173 ,     14985 ,    0 ,    6839         ,
27 ,    2765 ,     m ,    2 ,     8293 ,     15242 ,    0 ,    7124         ,
27 ,    2805 ,     m ,    2 ,     8413 ,     15523 ,    0 ,    7145         ,
27 ,    2845 ,     m ,    2 ,     8533 ,     15770 ,    0 ,    7346         ,
27 ,    2885 ,     m ,    2 ,     8653 ,     16025 ,    0 ,    7664         ,
27 ,    2925 ,     m ,    2 ,     8773 ,     16295 ,    0 ,    7525         ,
27 ,    2965 ,     m ,    2 ,     8893 ,     16574 ,    0 ,    7646         ,
27 ,    3005 ,     m ,    2 ,     9013 ,     16868 ,    0 ,    8433         ,
27 ,    3045 ,     m ,    2 ,     9133 ,     17171 ,    0 ,    7831         ,
27 ,    3085 ,     m ,    2 ,     9253 ,     17456 ,    0 ,    7991         ,
27 ,    3125 ,     m ,    2 ,     9373 ,     17657 ,    0 ,    8357         ,
27 ,    3165 ,     m ,    2 ,     9493 ,     17882 ,    0 ,    9910         ,
27 ,    3205 ,     m ,    2 ,     9613 ,     18132 ,    0 ,    8314         ,
27 ,    3245 ,     m ,    2 ,     9733 ,     18362 ,    0 ,    8442         ,
27 ,    3285 ,     m ,    2 ,     9853 ,     18622 ,    0 ,    8542         ,
27 ,    3325 ,     m ,    2 ,     9973 ,     18916 ,    0 ,    8638         ,
27 ,    3365 ,     m ,    2 ,     10093 ,     19145 ,    0 ,    8715         ,
27 ,    3405 ,     m ,    2 ,     10213 ,     19402 ,    0 ,    8834         ,
27 ,    3445 ,     m ,    2 ,     10333 ,     19683 ,    0 ,    10969         ,
27 ,    3485 ,     m ,    2 ,     10453 ,     19959 ,    0 ,    9098         ,
27 ,    3525 ,     m ,    2 ,     10573 ,     20254 ,    0 ,    9203         ,
27 ,    3565 ,     m ,    2 ,     10693 ,     20564 ,    0 ,    9348         ,
27 ,    3605 ,     m ,    2 ,     10813 ,     20841 ,    0 ,    9394         ,
27 ,    3645 ,     m ,    2 ,     10933 ,     21095 ,    0 ,    9561         ,
27 ,    3685 ,     m ,    2 ,     11053 ,     21358 ,    0 ,    9643         ,
27 ,    3725 ,     m ,    2 ,     11173 ,     21642 ,    0 ,    10010         ,
27 ,    3765 ,     m ,    2 ,     11293 ,     21923 ,    0 ,    9940         ,
27 ,    3805 ,     m ,    2 ,     11413 ,     22228 ,    0 ,    9982         ,
27 ,    3845 ,     m ,    2 ,     11533 ,     22553 ,    0 ,    10842         ,
27 ,    3885 ,     m ,    2 ,     11653 ,     22823 ,    0 ,    10298         ,
27 ,    3925 ,     m ,    2 ,     11773 ,     23123 ,    0 ,    10340         ,
27 ,    3965 ,     m ,    2 ,     11893 ,     23457 ,    0 ,    12402         ,
27 ,    4005 ,     m ,    2 ,     12013 ,     23763 ,    0 ,    10547         ,
27 ,    4045 ,     m ,    2 ,     12133 ,     24100 ,    0 ,    10723         ,
27 ,    4085 ,     m ,    2 ,     12253 ,     24461 ,    0 ,    12812         ,
27 ,    4125 ,     m ,    2 ,     12373 ,     24672 ,    0 ,    10927         ,
27 ,    4165 ,     m ,    2 ,     12493 ,     24847 ,    0 ,    11077         ,
27 ,    4205 ,     m ,    2 ,     12613 ,     25037 ,    0 ,    11094         ,
27 ,    4245 ,     m ,    2 ,     12733 ,     25236 ,    0 ,    11239         ,
27 ,    4285 ,     m ,    2 ,     12853 ,     25450 ,    0 ,    11430         ,
27 ,    4325 ,     m ,    2 ,     12973 ,     25673 ,    0 ,    11647         ,
27 ,    4365 ,     m ,    2 ,     13093 ,     25904 ,    0 ,    11659         ,
27 ,    4405 ,     m ,    2 ,     13213 ,     26105 ,    0 ,    11718         ,
27 ,    4445 ,     m ,    2 ,     13333 ,     26330 ,    0 ,    11981         ,
27 ,    4485 ,     m ,    2 ,     13453 ,     26580 ,    0 ,    12013         ,
27 ,    4525 ,     m ,    2 ,     13573 ,     26810 ,    0 ,    14040         ,
27 ,    4565 ,     m ,    2 ,     13693 ,     27070 ,    0 ,    12430         ,
27 ,    4605 ,     m ,    2 ,     13813 ,     27364 ,    0 ,    12398         ,
27 ,    4645 ,     m ,    2 ,     13933 ,     27556 ,    0 ,    12622         ,
27 ,    4685 ,     m ,    2 ,     14053 ,     27773 ,    0 ,    12747         ,
27 ,    4725 ,     m ,    2 ,     14173 ,     28014 ,    0 ,    12801         ,
27 ,    4765 ,     m ,    2 ,     14293 ,     28250 ,    0 ,    12935         ,
27 ,    4805 ,     m ,    2 ,     14413 ,     28505 ,    0 ,    13018         ,
27 ,    4845 ,     m ,    2 ,     14533 ,     28775 ,    0 ,    13114         ,
27 ,    4885 ,     m ,    2 ,     14653 ,     29033 ,    0 ,    13175         ,
27 ,    4925 ,     m ,    2 ,     14773 ,     29287 ,    0 ,    14139         ,
27 ,    4965 ,     m ,    2 ,     14893 ,     29550 ,    0 ,    13508         ,
27 ,    5 ,     m ,    3 ,     13 ,     8 ,    0 ,    8         ,
27 ,    45 ,     m ,    3 ,     133 ,     182 ,    0 ,    81         ,
27 ,    85 ,     m ,    3 ,     253 ,     395 ,    0 ,    155         ,
27 ,    125 ,     m ,    3 ,     373 ,     583 ,    0 ,    244         ,
27 ,    165 ,     m ,    3 ,     493 ,     847 ,    0 ,    341         ,
27 ,    205 ,     m ,    3 ,     613 ,     1102 ,    0 ,    418         ,
27 ,    245 ,     m ,    3 ,     733 ,     1378 ,    0 ,    511         ,
27 ,    285 ,     m ,    3 ,     853 ,     1690 ,    0 ,    633         ,
27 ,    325 ,     m ,    3 ,     973 ,     1969 ,    0 ,    719         ,
27 ,    365 ,     m ,    3 ,     1093 ,     2210 ,    0 ,    785         ,
27 ,    405 ,     m ,    3 ,     1213 ,     2532 ,    0 ,    879         ,
27 ,    445 ,     m ,    3 ,     1333 ,     2836 ,    0 ,    972         ,
27 ,    485 ,     m ,    3 ,     1453 ,     3071 ,    0 ,    1065         ,
27 ,    525 ,     m ,    3 ,     1573 ,     3359 ,    0 ,    1167         ,
27 ,    565 ,     m ,    3 ,     1693 ,     3697 ,    0 ,    1273         ,
27 ,    605 ,     m ,    3 ,     1813 ,     3994 ,    0 ,    1374         ,
27 ,    645 ,     m ,    3 ,     1933 ,     4340 ,    0 ,    1530         ,
27 ,    685 ,     m ,    3 ,     2053 ,     4681 ,    0 ,    1580         ,
27 ,    725 ,     m ,    3 ,     2173 ,     5012 ,    0 ,    1796         ,
27 ,    765 ,     m ,    3 ,     2293 ,     5287 ,    0 ,    1785         ,
27 ,    805 ,     m ,    3 ,     2413 ,     5532 ,    0 ,    1999         ,
27 ,    845 ,     m ,    3 ,     2533 ,     5948 ,    0 ,    2111         ,
27 ,    885 ,     m ,    3 ,     2653 ,     6147 ,    0 ,    2192         ,
27 ,    925 ,     m ,    3 ,     2773 ,     6561 ,    0 ,    2234         ,
27 ,    965 ,     m ,    3 ,     2893 ,     6792 ,    0 ,    2423         ,
27 ,    1005 ,     m ,    3 ,     3013 ,     7171 ,    0 ,    2400         ,
27 ,    1045 ,     m ,    3 ,     3133 ,     7520 ,    0 ,    2618         ,
27 ,    1085 ,     m ,    3 ,     3253 ,     7899 ,    0 ,    2648         ,
27 ,    1125 ,     m ,    3 ,     3373 ,     8175 ,    0 ,    2761         ,
27 ,    1165 ,     m ,    3 ,     3493 ,     8582 ,    0 ,    2905         ,
27 ,    1205 ,     m ,    3 ,     3613 ,     8879 ,    0 ,    2988         ,
27 ,    1245 ,     m ,    3 ,     3733 ,     9273 ,    0 ,    3090         ,
27 ,    1285 ,     m ,    3 ,     3853 ,     9535 ,    0 ,    3363         ,
27 ,    1325 ,     m ,    3 ,     3973 ,     9955 ,    0 ,    3326         ,
27 ,    1365 ,     m ,    3 ,     4093 ,     10238 ,    0 ,    3413         ,
27 ,    1405 ,     m ,    3 ,     4213 ,     10672 ,    0 ,    3528         ,
27 ,    1445 ,     m ,    3 ,     4333 ,     10816 ,    0 ,    3733         ,
27 ,    1485 ,     m ,    3 ,     4453 ,     11370 ,    0 ,    3964         ,
27 ,    1525 ,     m ,    3 ,     4573 ,     11679 ,    0 ,    4042         ,
27 ,    1565 ,     m ,    3 ,     4693 ,     11932 ,    0 ,    4073         ,
27 ,    1605 ,     m ,    3 ,     4813 ,     12428 ,    0 ,    4187         ,
27 ,    1645 ,     m ,    3 ,     4933 ,     12892 ,    0 ,    4289         ,
27 ,    1685 ,     m ,    3 ,     5053 ,     13127 ,    0 ,    4756         ,
27 ,    1725 ,     m ,    3 ,     5173 ,     13476 ,    0 ,    4446         ,
27 ,    1765 ,     m ,    3 ,     5293 ,     13716 ,    0 ,    4601         ,
27 ,    1805 ,     m ,    3 ,     5413 ,     14165 ,    0 ,    4753         ,
27 ,    1845 ,     m ,    3 ,     5533 ,     14429 ,    0 ,    4744         ,
27 ,    1885 ,     m ,    3 ,     5653 ,     14766 ,    0 ,    4864         ,
27 ,    1925 ,     m ,    3 ,     5773 ,     15103 ,    0 ,    5068         ,
27 ,    1965 ,     m ,    3 ,     5893 ,     15574 ,    0 ,    5068         ,
27 ,    2005 ,     m ,    3 ,     6013 ,     15773 ,    0 ,    5547         ,
27 ,    2045 ,     m ,    3 ,     6133 ,     16194 ,    0 ,    5261         ,
27 ,    2085 ,     m ,    3 ,     6253 ,     16499 ,    0 ,    6148         ,
27 ,    2125 ,     m ,    3 ,     6373 ,     16810 ,    0 ,    5624         ,
27 ,    2165 ,     m ,    3 ,     6493 ,     17240 ,    0 ,    5641         ,
27 ,    2205 ,     m ,    3 ,     6613 ,     17637 ,    0 ,    5860         ,
27 ,    2245 ,     m ,    3 ,     6733 ,     18018 ,    0 ,    7862         ,
27 ,    2285 ,     m ,    3 ,     6853 ,     18302 ,    0 ,    6131         ,
27 ,    2325 ,     m ,    3 ,     6973 ,     18932 ,    0 ,    6262         ,
27 ,    2365 ,     m ,    3 ,     7093 ,     19115 ,    0 ,    6222         ,
27 ,    2405 ,     m ,    3 ,     7213 ,     19460 ,    0 ,    6611         ,
27 ,    2445 ,     m ,    3 ,     7333 ,     19977 ,    0 ,    6949         ,
27 ,    2485 ,     m ,    3 ,     7453 ,     20315 ,    0 ,    6633         ,
27 ,    2525 ,     m ,    3 ,     7573 ,     20770 ,    0 ,    6721         ,
27 ,    2565 ,     m ,    3 ,     7693 ,     20895 ,    0 ,    6923         ,
27 ,    2605 ,     m ,    3 ,     7813 ,     21386 ,    0 ,    7068         ,
27 ,    2645 ,     m ,    3 ,     7933 ,     21811 ,    0 ,    7223         ,
27 ,    2685 ,     m ,    3 ,     8053 ,     22633 ,    0 ,    9151         ,
27 ,    2725 ,     m ,    3 ,     8173 ,     22575 ,    0 ,    7391         ,
27 ,    2765 ,     m ,    3 ,     8293 ,     22965 ,    0 ,    7435         ,
27 ,    2805 ,     m ,    3 ,     8413 ,     23226 ,    0 ,    7666         ,
27 ,    2845 ,     m ,    3 ,     8533 ,     23592 ,    0 ,    8047         ,
27 ,    2885 ,     m ,    3 ,     8653 ,     24346 ,    0 ,    7866         ,
27 ,    2925 ,     m ,    3 ,     8773 ,     24636 ,    0 ,    8016         ,
27 ,    2965 ,     m ,    3 ,     8893 ,     24914 ,    0 ,    8103         ,
27 ,    3005 ,     m ,    3 ,     9013 ,     25182 ,    0 ,    8227         ,
27 ,    3045 ,     m ,    3 ,     9133 ,     25538 ,    0 ,    8327         ,
27 ,    3085 ,     m ,    3 ,     9253 ,     25747 ,    0 ,    8507         ,
27 ,    3125 ,     m ,    3 ,     9373 ,     26407 ,    0 ,    8595         ,
27 ,    3165 ,     m ,    3 ,     9493 ,     26670 ,    0 ,    8752         ,
27 ,    3205 ,     m ,    3 ,     9613 ,     27330 ,    0 ,    8939         ,
27 ,    3245 ,     m ,    3 ,     9733 ,     27460 ,    0 ,    8975         ,
27 ,    3285 ,     m ,    3 ,     9853 ,     27837 ,    0 ,    9153         ,
27 ,    3325 ,     m ,    3 ,     9973 ,     28154 ,    0 ,    9211         ,
27 ,    3365 ,     m ,    3 ,     10093 ,     28513 ,    0 ,    9470         ,
27 ,    3405 ,     m ,    3 ,     10213 ,     29077 ,    0 ,    9515         ,
27 ,    3445 ,     m ,    3 ,     10333 ,     29022 ,    0 ,    9543         ,
27 ,    3485 ,     m ,    3 ,     10453 ,     29925 ,    0 ,    9799         ,
27 ,    3525 ,     m ,    3 ,     10573 ,     30706 ,    0 ,    9819         ,
27 ,    3565 ,     m ,    3 ,     10693 ,     30265 ,    0 ,    9994         ,
27 ,    3605 ,     m ,    3 ,     10813 ,     30906 ,    0 ,    10097         ,
27 ,    3645 ,     m ,    3 ,     10933 ,     30997 ,    0 ,    10199         ,
27 ,    3685 ,     m ,    3 ,     11053 ,     31419 ,    0 ,    10307         ,
27 ,    3725 ,     m ,    3 ,     11173 ,     31874 ,    0 ,    10462         ,
27 ,    3765 ,     m ,    3 ,     11293 ,     32387 ,    0 ,    10676         ,
27 ,    3805 ,     m ,    3 ,     11413 ,     32552 ,    0 ,    10656         ,
27 ,    3845 ,     m ,    3 ,     11533 ,     33089 ,    0 ,    11008         ,
27 ,    3885 ,     m ,    3 ,     11653 ,     33251 ,    0 ,    11009         ,
27 ,    3925 ,     m ,    3 ,     11773 ,     33483 ,    0 ,    11346         ,
27 ,    3965 ,     m ,    3 ,     11893 ,     34364 ,    0 ,    11324         ,
27 ,    4005 ,     m ,    3 ,     12013 ,     34435 ,    0 ,    13072         ,
27 ,    4045 ,     m ,    3 ,     12133 ,     34712 ,    0 ,    11484         ,
27 ,    4085 ,     m ,    3 ,     12253 ,     35054 ,    0 ,    11406         ,
27 ,    4125 ,     m ,    3 ,     12373 ,     35566 ,    0 ,    11630         ,
27 ,    4165 ,     m ,    3 ,     12493 ,     35802 ,    0 ,    11783         ,
27 ,    4205 ,     m ,    3 ,     12613 ,     36292 ,    0 ,    11947         ,
27 ,    4245 ,     m ,    3 ,     12733 ,     36646 ,    0 ,    12117         ,
27 ,    4285 ,     m ,    3 ,     12853 ,     37144 ,    0 ,    12423         ,
27 ,    4325 ,     m ,    3 ,     12973 ,     37646 ,    0 ,    12392         ,
27 ,    4365 ,     m ,    3 ,     13093 ,     38302 ,    0 ,    12508         ,
27 ,    4405 ,     m ,    3 ,     13213 ,     38792 ,    0 ,    12572         ,
27 ,    4445 ,     m ,    3 ,     13333 ,     38979 ,    0 ,    12892         ,
27 ,    4485 ,     m ,    3 ,     13453 ,     39576 ,    0 ,    12967         ,
27 ,    4525 ,     m ,    3 ,     13573 ,     39616 ,    0 ,    13210         ,
27 ,    4565 ,     m ,    3 ,     13693 ,     40504 ,    0 ,    13129         ,
27 ,    4605 ,     m ,    3 ,     13813 ,     40423 ,    0 ,    13136         ,
27 ,    4645 ,     m ,    3 ,     13933 ,     41069 ,    0 ,    13420         ,
27 ,    4685 ,     m ,    3 ,     14053 ,     41462 ,    0 ,    13397         ,
27 ,    4725 ,     m ,    3 ,     14173 ,     41920 ,    0 ,    13683         ,
27 ,    4765 ,     m ,    3 ,     14293 ,     42673 ,    0 ,    13882         ,
27 ,    4805 ,     m ,    3 ,     14413 ,     42415 ,    0 ,    13780         ,
27 ,    4845 ,     m ,    3 ,     14533 ,     43070 ,    0 ,    13994         ,
27 ,    4885 ,     m ,    3 ,     14653 ,     43359 ,    0 ,    14513         ,
27 ,    4925 ,     m ,    3 ,     14773 ,     44468 ,    0 ,    14320         ,
27 ,    4965 ,     m ,    3 ,     14893 ,     44349 ,    0 ,    14464         ,
27 ,    5 ,     m ,    4 ,     13 ,     8 ,    0 ,    6         ,
27 ,    45 ,     m ,    4 ,     133 ,     187 ,    0 ,    81         ,
27 ,    85 ,     m ,    4 ,     253 ,     429 ,    0 ,    159         ,
27 ,    125 ,     m ,    4 ,     373 ,     692 ,    0 ,    248         ,
27 ,    165 ,     m ,    4 ,     493 ,     968 ,    0 ,    336         ,
27 ,    205 ,     m ,    4 ,     613 ,     1261 ,    0 ,    460         ,
27 ,    245 ,     m ,    4 ,     733 ,     1573 ,    0 ,    556         ,
27 ,    285 ,     m ,    4 ,     853 ,     1882 ,    0 ,    655         ,
27 ,    325 ,     m ,    4 ,     973 ,     2209 ,    0 ,    721         ,
27 ,    365 ,     m ,    4 ,     1093 ,     2536 ,    0 ,    838         ,
27 ,    405 ,     m ,    4 ,     1213 ,     2844 ,    0 ,    979         ,
27 ,    445 ,     m ,    4 ,     1333 ,     3194 ,    0 ,    1026         ,
27 ,    485 ,     m ,    4 ,     1453 ,     3508 ,    0 ,    1196         ,
27 ,    525 ,     m ,    4 ,     1573 ,     3899 ,    0 ,    1237         ,
27 ,    565 ,     m ,    4 ,     1693 ,     4243 ,    0 ,    1417         ,
27 ,    605 ,     m ,    4 ,     1813 ,     4562 ,    0 ,    1446         ,
27 ,    645 ,     m ,    4 ,     1933 ,     4976 ,    0 ,    1685         ,
27 ,    685 ,     m ,    4 ,     2053 ,     5361 ,    0 ,    1665         ,
27 ,    725 ,     m ,    4 ,     2173 ,     5687 ,    0 ,    1900         ,
27 ,    765 ,     m ,    4 ,     2293 ,     6061 ,    0 ,    1970         ,
27 ,    805 ,     m ,    4 ,     2413 ,     6399 ,    0 ,    2094         ,
27 ,    845 ,     m ,    4 ,     2533 ,     6783 ,    0 ,    2342         ,
27 ,    885 ,     m ,    4 ,     2653 ,     7116 ,    0 ,    2261         ,
27 ,    925 ,     m ,    4 ,     2773 ,     7559 ,    0 ,    2315         ,
27 ,    965 ,     m ,    4 ,     2893 ,     7937 ,    0 ,    2444         ,
27 ,    1005 ,     m ,    4 ,     3013 ,     8330 ,    0 ,    2543         ,
27 ,    1045 ,     m ,    4 ,     3133 ,     8663 ,    0 ,    2757         ,
27 ,    1085 ,     m ,    4 ,     3253 ,     9015 ,    0 ,    2776         ,
27 ,    1125 ,     m ,    4 ,     3373 ,     9449 ,    0 ,    2900         ,
27 ,    1165 ,     m ,    4 ,     3493 ,     9863 ,    0 ,    2993         ,
27 ,    1205 ,     m ,    4 ,     3613 ,     10119 ,    0 ,    3103         ,
27 ,    1245 ,     m ,    4 ,     3733 ,     10658 ,    0 ,    3234         ,
27 ,    1285 ,     m ,    4 ,     3853 ,     10987 ,    0 ,    3369         ,
27 ,    1325 ,     m ,    4 ,     3973 ,     11384 ,    0 ,    3519         ,
27 ,    1365 ,     m ,    4 ,     4093 ,     11719 ,    0 ,    3668         ,
27 ,    1405 ,     m ,    4 ,     4213 ,     12345 ,    0 ,    3695         ,
27 ,    1445 ,     m ,    4 ,     4333 ,     12654 ,    0 ,    3808         ,
27 ,    1485 ,     m ,    4 ,     4453 ,     12999 ,    0 ,    3925         ,
27 ,    1525 ,     m ,    4 ,     4573 ,     13376 ,    0 ,    4138         ,
27 ,    1565 ,     m ,    4 ,     4693 ,     13859 ,    0 ,    4264         ,
27 ,    1605 ,     m ,    4 ,     4813 ,     14153 ,    0 ,    4390         ,
27 ,    1645 ,     m ,    4 ,     4933 ,     14523 ,    0 ,    4506         ,
27 ,    1685 ,     m ,    4 ,     5053 ,     15044 ,    0 ,    7105         ,
27 ,    1725 ,     m ,    4 ,     5173 ,     15531 ,    0 ,    4952         ,
27 ,    1765 ,     m ,    4 ,     5293 ,     15772 ,    0 ,    4741         ,
27 ,    1805 ,     m ,    4 ,     5413 ,     16138 ,    0 ,    4864         ,
27 ,    1845 ,     m ,    4 ,     5533 ,     16735 ,    0 ,    5215         ,
27 ,    1885 ,     m ,    4 ,     5653 ,     16986 ,    0 ,    5281         ,
27 ,    1925 ,     m ,    4 ,     5773 ,     17476 ,    0 ,    5215         ,
27 ,    1965 ,     m ,    4 ,     5893 ,     17835 ,    0 ,    5497         ,
27 ,    2005 ,     m ,    4 ,     6013 ,     18255 ,    0 ,    5715         ,
27 ,    2045 ,     m ,    4 ,     6133 ,     18679 ,    0 ,    5601         ,
27 ,    2085 ,     m ,    4 ,     6253 ,     19223 ,    0 ,    5820         ,
27 ,    2125 ,     m ,    4 ,     6373 ,     19471 ,    0 ,    6087         ,
27 ,    2165 ,     m ,    4 ,     6493 ,     19925 ,    0 ,    6117         ,
27 ,    2205 ,     m ,    4 ,     6613 ,     20514 ,    0 ,    6186         ,
27 ,    2245 ,     m ,    4 ,     6733 ,     20954 ,    0 ,    6535         ,
27 ,    2285 ,     m ,    4 ,     6853 ,     21222 ,    0 ,    6409         ,
27 ,    2325 ,     m ,    4 ,     6973 ,     21755 ,    0 ,    6629         ,
27 ,    2365 ,     m ,    4 ,     7093 ,     22159 ,    0 ,    6692         ,
27 ,    2405 ,     m ,    4 ,     7213 ,     22593 ,    0 ,    6788         ,
27 ,    2445 ,     m ,    4 ,     7333 ,     22902 ,    0 ,    7186         ,
27 ,    2485 ,     m ,    4 ,     7453 ,     23517 ,    0 ,    7124         ,
27 ,    2525 ,     m ,    4 ,     7573 ,     23881 ,    0 ,    7171         ,
27 ,    2565 ,     m ,    4 ,     7693 ,     24163 ,    0 ,    7269         ,
27 ,    2605 ,     m ,    4 ,     7813 ,     24700 ,    0 ,    7452         ,
27 ,    2645 ,     m ,    4 ,     7933 ,     25194 ,    0 ,    7713         ,
27 ,    2685 ,     m ,    4 ,     8053 ,     25476 ,    0 ,    8006         ,
27 ,    2725 ,     m ,    4 ,     8173 ,     25891 ,    0 ,    7853         ,
27 ,    2765 ,     m ,    4 ,     8293 ,     26543 ,    0 ,    7971         ,
27 ,    2805 ,     m ,    4 ,     8413 ,     26842 ,    0 ,    8645         ,
27 ,    2845 ,     m ,    4 ,     8533 ,     27141 ,    0 ,    8251         ,
27 ,    2885 ,     m ,    4 ,     8653 ,     27631 ,    0 ,    8235         ,
27 ,    2925 ,     m ,    4 ,     8773 ,     28092 ,    0 ,    8439         ,
27 ,    2965 ,     m ,    4 ,     8893 ,     28383 ,    0 ,    8818         ,
27 ,    3005 ,     m ,    4 ,     9013 ,     29097 ,    0 ,    8800         ,
27 ,    3045 ,     m ,    4 ,     9133 ,     29588 ,    0 ,    8970         ,
27 ,    3085 ,     m ,    4 ,     9253 ,     29918 ,    0 ,    9122         ,
27 ,    3125 ,     m ,    4 ,     9373 ,     30536 ,    0 ,    9163         ,
27 ,    3165 ,     m ,    4 ,     9493 ,     30701 ,    0 ,    9271         ,
27 ,    3205 ,     m ,    4 ,     9613 ,     31138 ,    0 ,    9483         ,
27 ,    3245 ,     m ,    4 ,     9733 ,     31677 ,    0 ,    9666         ,
27 ,    3285 ,     m ,    4 ,     9853 ,     32087 ,    0 ,    9778         ,
27 ,    3325 ,     m ,    4 ,     9973 ,     32492 ,    0 ,    9736         ,
27 ,    3365 ,     m ,    4 ,     10093 ,     33063 ,    0 ,    10032         ,
27 ,    3405 ,     m ,    4 ,     10213 ,     33414 ,    0 ,    10226         ,
27 ,    3445 ,     m ,    4 ,     10333 ,     33774 ,    0 ,    10183         ,
27 ,    3485 ,     m ,    4 ,     10453 ,     34413 ,    0 ,    11008         ,
27 ,    3525 ,     m ,    4 ,     10573 ,     34723 ,    0 ,    10325         ,
27 ,    3565 ,     m ,    4 ,     10693 ,     35209 ,    0 ,    10614         ,
27 ,    3605 ,     m ,    4 ,     10813 ,     35639 ,    0 ,    10691         ,
27 ,    3645 ,     m ,    4 ,     10933 ,     35904 ,    0 ,    10722         ,
27 ,    3685 ,     m ,    4 ,     11053 ,     36355 ,    0 ,    10876         ,
27 ,    3725 ,     m ,    4 ,     11173 ,     37151 ,    0 ,    11237         ,
27 ,    3765 ,     m ,    4 ,     11293 ,     37366 ,    0 ,    11285         ,
27 ,    3805 ,     m ,    4 ,     11413 ,     37890 ,    0 ,    11360         ,
27 ,    3845 ,     m ,    4 ,     11533 ,     38176 ,    0 ,    11396         ,
27 ,    3885 ,     m ,    4 ,     11653 ,     38847 ,    0 ,    11629         ,
27 ,    3925 ,     m ,    4 ,     11773 ,     39189 ,    0 ,    11623         ,
27 ,    3965 ,     m ,    4 ,     11893 ,     39547 ,    0 ,    11866         ,
27 ,    4005 ,     m ,    4 ,     12013 ,     39958 ,    0 ,    11890         ,
27 ,    4045 ,     m ,    4 ,     12133 ,     40446 ,    0 ,    12173         ,
27 ,    4085 ,     m ,    4 ,     12253 ,     41211 ,    0 ,    12044         ,
27 ,    4125 ,     m ,    4 ,     12373 ,     41400 ,    0 ,    12513         ,
27 ,    4165 ,     m ,    4 ,     12493 ,     41933 ,    0 ,    12449         ,
27 ,    4205 ,     m ,    4 ,     12613 ,     42184 ,    0 ,    12557         ,
27 ,    4245 ,     m ,    4 ,     12733 ,     42778 ,    0 ,    12672         ,
27 ,    4285 ,     m ,    4 ,     12853 ,     43196 ,    0 ,    12761         ,
27 ,    4325 ,     m ,    4 ,     12973 ,     43781 ,    0 ,    12965         ,
27 ,    4365 ,     m ,    4 ,     13093 ,     44292 ,    0 ,    13268         ,
27 ,    4405 ,     m ,    4 ,     13213 ,     44616 ,    0 ,    13425         ,
27 ,    4445 ,     m ,    4 ,     13333 ,     45183 ,    0 ,    13479         ,
27 ,    4485 ,     m ,    4 ,     13453 ,     45613 ,    0 ,    13681         ,
27 ,    4525 ,     m ,    4 ,     13573 ,     46075 ,    0 ,    13563         ,
27 ,    4565 ,     m ,    4 ,     13693 ,     46487 ,    0 ,    13723         ,
27 ,    4605 ,     m ,    4 ,     13813 ,     47131 ,    0 ,    13745         ,
27 ,    4645 ,     m ,    4 ,     13933 ,     47406 ,    0 ,    13983         ,
27 ,    4685 ,     m ,    4 ,     14053 ,     47754 ,    0 ,    14227         ,
27 ,    4725 ,     m ,    4 ,     14173 ,     48418 ,    0 ,    14360         ,
27 ,    4765 ,     m ,    4 ,     14293 ,     48756 ,    0 ,    14426         ,
27 ,    4805 ,     m ,    4 ,     14413 ,     49302 ,    0 ,    14458         ,
27 ,    4845 ,     m ,    4 ,     14533 ,     49960 ,    0 ,    14626         ,
27 ,    4885 ,     m ,    4 ,     14653 ,     50300 ,    0 ,    14928         ,
27 ,    4925 ,     m ,    4 ,     14773 ,     50918 ,    0 ,    15009         ,
27 ,    4965 ,     m ,    4 ,     14893 ,     51332 ,    0 ,    19106         ,


