SEED ,  SIZE ,  ALG ,  TYPE ,  CALLS ,  CMP ,     MOVE ,    TIME              ,
27 ,    5 ,     q3 ,    0 ,     8 ,     14 ,    15 ,    9         ,
27 ,    45 ,     q3 ,    0 ,     82 ,     289 ,    228 ,    58         ,
27 ,    85 ,     q3 ,    0 ,     140 ,     627 ,    477 ,    114         ,
27 ,    125 ,     q3 ,    0 ,     220 ,     1087 ,    774 ,    179         ,
27 ,    165 ,     q3 ,    0 ,     284 ,     1466 ,    1095 ,    243         ,
27 ,    205 ,     q3 ,    0 ,     352 ,     1876 ,    1389 ,    299         ,
27 ,    245 ,     q3 ,    0 ,     414 ,     2281 ,    1707 ,    364         ,
27 ,    285 ,     q3 ,    0 ,     490 ,     2889 ,    1998 ,    438         ,
27 ,    325 ,     q3 ,    0 ,     562 ,     3287 ,    2295 ,    506         ,
27 ,    365 ,     q3 ,    0 ,     638 ,     3709 ,    2649 ,    577         ,
27 ,    405 ,     q3 ,    0 ,     702 ,     4186 ,    3006 ,    656         ,
27 ,    445 ,     q3 ,    0 ,     778 ,     4728 ,    3324 ,    722         ,
27 ,    485 ,     q3 ,    0 ,     850 ,     5250 ,    3690 ,    794         ,
27 ,    525 ,     q3 ,    0 ,     888 ,     5458 ,    4056 ,    869         ,
27 ,    565 ,     q3 ,    0 ,     984 ,     6138 ,    4365 ,    934         ,
27 ,    605 ,     q3 ,    0 ,     1038 ,     6470 ,    4797 ,    1021         ,
27 ,    645 ,     q3 ,    0 ,     1146 ,     7859 ,    5025 ,    1129         ,
27 ,    685 ,     q3 ,    0 ,     1194 ,     7655 ,    5403 ,    1193         ,
27 ,    725 ,     q3 ,    0 ,     1248 ,     8232 ,    5787 ,    1266         ,
27 ,    765 ,     q3 ,    0 ,     1320 ,     8738 ,    6156 ,    1349         ,
27 ,    805 ,     q3 ,    0 ,     1426 ,     9250 ,    6726 ,    1620         ,
27 ,    845 ,     q3 ,    0 ,     1476 ,     9523 ,    6990 ,    1570         ,
27 ,    885 ,     q3 ,    0 ,     1562 ,     10515 ,    7236 ,    1658         ,
27 ,    925 ,     q3 ,    0 ,     1620 ,     10635 ,    7746 ,    1848         ,
27 ,    965 ,     q3 ,    0 ,     1654 ,     11762 ,    7968 ,    1751         ,
27 ,    1005 ,     q3 ,    0 ,     1732 ,     12142 ,    8322 ,    2156         ,
27 ,    1045 ,     q3 ,    0 ,     1806 ,     12594 ,    8814 ,    2048         ,
27 ,    1085 ,     q3 ,    0 ,     1876 ,     13443 ,    8991 ,    1951         ,
27 ,    1125 ,     q3 ,    0 ,     1942 ,     14276 ,    9393 ,    2146         ,
27 ,    1165 ,     q3 ,    0 ,     2040 ,     14061 ,    9792 ,    2118         ,
27 ,    1205 ,     q3 ,    0 ,     2084 ,     15175 ,    10137 ,    2190         ,
27 ,    1245 ,     q3 ,    0 ,     2164 ,     15398 ,    10686 ,    2515         ,
27 ,    1285 ,     q3 ,    0 ,     2268 ,     16260 ,    10980 ,    2546         ,
27 ,    1325 ,     q3 ,    0 ,     2332 ,     16715 ,    11412 ,    2638         ,
27 ,    1365 ,     q3 ,    0 ,     2386 ,     16948 ,    11811 ,    2594         ,
27 ,    1405 ,     q3 ,    0 ,     2456 ,     17437 ,    12201 ,    2683         ,
27 ,    1445 ,     q3 ,    0 ,     2526 ,     17540 ,    12636 ,    2773         ,
27 ,    1485 ,     q3 ,    0 ,     2586 ,     19238 ,    12930 ,    2833         ,
27 ,    1525 ,     q3 ,    0 ,     2674 ,     19088 ,    13377 ,    3046         ,
27 ,    1565 ,     q3 ,    0 ,     2772 ,     20844 ,    13713 ,    3008         ,
27 ,    1605 ,     q3 ,    0 ,     2796 ,     20904 ,    14016 ,    3211         ,
27 ,    1645 ,     q3 ,    0 ,     2858 ,     20984 ,    14577 ,    3285         ,
27 ,    1685 ,     q3 ,    0 ,     2978 ,     21708 ,    15054 ,    3438         ,
27 ,    1725 ,     q3 ,    0 ,     2996 ,     21647 ,    15333 ,    3298         ,
27 ,    1765 ,     q3 ,    0 ,     3062 ,     22176 ,    15870 ,    3486         ,
27 ,    1805 ,     q3 ,    0 ,     3176 ,     23608 ,    16215 ,    3473         ,
27 ,    1845 ,     q3 ,    0 ,     3182 ,     24185 ,    16461 ,    3623         ,
27 ,    1885 ,     q3 ,    0 ,     3264 ,     24318 ,    16947 ,    3605         ,
27 ,    1925 ,     q3 ,    0 ,     3356 ,     25913 ,    17133 ,    3682         ,
27 ,    1965 ,     q3 ,    0 ,     3436 ,     26664 ,    17583 ,    3747         ,
27 ,    2005 ,     q3 ,    0 ,     3482 ,     26888 ,    17988 ,    3871         ,
27 ,    2045 ,     q3 ,    0 ,     3584 ,     27340 ,    18570 ,    4088         ,
27 ,    2085 ,     q3 ,    0 ,     3664 ,     29850 ,    18441 ,    3992         ,
27 ,    2125 ,     q3 ,    0 ,     3712 ,     28184 ,    19365 ,    4224         ,
27 ,    2165 ,     q3 ,    0 ,     3812 ,     28589 ,    19809 ,    4337         ,
27 ,    2205 ,     q3 ,    0 ,     3808 ,     30524 ,    19851 ,    4265         ,
27 ,    2245 ,     q3 ,    0 ,     3932 ,     29369 ,    20448 ,    4490         ,
27 ,    2285 ,     q3 ,    0 ,     3942 ,     30862 ,    20778 ,    4553         ,
27 ,    2325 ,     q3 ,    0 ,     4134 ,     32776 ,    21120 ,    4644         ,
27 ,    2365 ,     q3 ,    0 ,     4106 ,     31796 ,    21723 ,    4916         ,
27 ,    2405 ,     q3 ,    0 ,     4240 ,     33744 ,    21936 ,    4897         ,
27 ,    2445 ,     q3 ,    0 ,     4240 ,     34219 ,    22140 ,    4828         ,
27 ,    2485 ,     q3 ,    0 ,     4414 ,     33184 ,    23205 ,    5027         ,
27 ,    2525 ,     q3 ,    0 ,     4402 ,     36236 ,    23097 ,    5092         ,
27 ,    2565 ,     q3 ,    0 ,     4484 ,     36602 ,    23679 ,    5199         ,
27 ,    2605 ,     q3 ,    0 ,     4512 ,     35331 ,    24231 ,    5177         ,
27 ,    2645 ,     q3 ,    0 ,     4602 ,     37940 ,    24357 ,    5400         ,
27 ,    2685 ,     q3 ,    0 ,     4718 ,     36277 ,    25017 ,    5462         ,
27 ,    2725 ,     q3 ,    0 ,     4760 ,     37379 ,    25506 ,    5514         ,
27 ,    2765 ,     q3 ,    0 ,     4908 ,     38453 ,    26085 ,    5683         ,
27 ,    2805 ,     q3 ,    0 ,     4894 ,     39540 ,    26316 ,    5637         ,
27 ,    2845 ,     q3 ,    0 ,     4996 ,     37764 ,    26955 ,    5750         ,
27 ,    2885 ,     q3 ,    0 ,     5016 ,     40447 ,    27330 ,    5932         ,
27 ,    2925 ,     q3 ,    0 ,     5006 ,     41168 ,    27306 ,    5939         ,
27 ,    2965 ,     q3 ,    0 ,     5196 ,     40382 ,    28098 ,    6101         ,
27 ,    3005 ,     q3 ,    0 ,     5248 ,     42098 ,    28521 ,    6175         ,
27 ,    3045 ,     q3 ,    0 ,     5274 ,     41996 ,    28905 ,    6275         ,
27 ,    3085 ,     q3 ,    0 ,     5354 ,     43003 ,    29103 ,    6221         ,
27 ,    3125 ,     q3 ,    0 ,     5500 ,     46357 ,    29472 ,    6421         ,
27 ,    3165 ,     q3 ,    0 ,     5550 ,     43527 ,    30288 ,    6482         ,
27 ,    3205 ,     q3 ,    0 ,     5634 ,     45753 ,    30420 ,    6494         ,
27 ,    3245 ,     q3 ,    0 ,     5670 ,     46577 ,    31026 ,    6668         ,
27 ,    3285 ,     q3 ,    0 ,     5802 ,     46712 ,    31251 ,    6833         ,
27 ,    3325 ,     q3 ,    0 ,     5800 ,     47826 ,    31488 ,    6724         ,
27 ,    3365 ,     q3 ,    0 ,     5876 ,     49985 ,    31815 ,    7194         ,
27 ,    3405 ,     q3 ,    0 ,     5944 ,     47625 ,    32553 ,    7071         ,
27 ,    3445 ,     q3 ,    0 ,     6022 ,     49920 ,    32766 ,    7087         ,
27 ,    3485 ,     q3 ,    0 ,     6034 ,     49443 ,    33195 ,    7096         ,
27 ,    3525 ,     q3 ,    0 ,     6244 ,     50486 ,    33774 ,    7195         ,
27 ,    3565 ,     q3 ,    0 ,     6190 ,     52807 ,    33867 ,    7315         ,
27 ,    3605 ,     q3 ,    0 ,     6336 ,     49948 ,    35214 ,    7621         ,
27 ,    3645 ,     q3 ,    0 ,     6342 ,     51790 ,    35160 ,    7585         ,
27 ,    3685 ,     q3 ,    0 ,     6474 ,     52082 ,    35676 ,    7713         ,
27 ,    3725 ,     q3 ,    0 ,     6482 ,     54645 ,    35604 ,    7976         ,
27 ,    3765 ,     q3 ,    0 ,     6550 ,     55503 ,    36090 ,    7850         ,
27 ,    3805 ,     q3 ,    0 ,     6626 ,     54692 ,    36687 ,    7958         ,
27 ,    3845 ,     q3 ,    0 ,     6696 ,     55052 ,    36978 ,    8017         ,
27 ,    3885 ,     q3 ,    0 ,     6788 ,     54252 ,    37734 ,    8278         ,
27 ,    3925 ,     q3 ,    0 ,     6896 ,     56359 ,    37929 ,    8249         ,
27 ,    3965 ,     q3 ,    0 ,     6992 ,     55818 ,    38619 ,    8331         ,
27 ,    4005 ,     q3 ,    0 ,     6934 ,     56705 ,    39138 ,    8437         ,
27 ,    4045 ,     q3 ,    0 ,     7120 ,     58467 ,    39414 ,    8523         ,
27 ,    4085 ,     q3 ,    0 ,     7148 ,     58566 ,    39978 ,    8648         ,
27 ,    4125 ,     q3 ,    0 ,     7164 ,     58237 ,    40368 ,    8748         ,
27 ,    4165 ,     q3 ,    0 ,     7324 ,     60766 ,    40755 ,    8809         ,
27 ,    4205 ,     q3 ,    0 ,     7372 ,     63184 ,    40758 ,    8842         ,
27 ,    4245 ,     q3 ,    0 ,     7492 ,     63808 ,    41448 ,    9490         ,
27 ,    4285 ,     q3 ,    0 ,     7498 ,     63630 ,    41805 ,    9101         ,
27 ,    4325 ,     q3 ,    0 ,     7544 ,     69546 ,    41496 ,    9254         ,
27 ,    4365 ,     q3 ,    0 ,     7638 ,     66536 ,    42744 ,    9386         ,
27 ,    4405 ,     q3 ,    0 ,     7708 ,     64243 ,    43326 ,    9329         ,
27 ,    4445 ,     q3 ,    0 ,     7810 ,     62952 ,    44061 ,    9510         ,
27 ,    4485 ,     q3 ,    0 ,     7816 ,     63798 ,    44703 ,    9594         ,
27 ,    4525 ,     q3 ,    0 ,     7966 ,     68772 ,    44328 ,    9653         ,
27 ,    4565 ,     q3 ,    0 ,     8002 ,     66596 ,    45105 ,    9770         ,
27 ,    4605 ,     q3 ,    0 ,     8052 ,     66142 ,    45813 ,    9854         ,
27 ,    4645 ,     q3 ,    0 ,     8110 ,     66725 ,    46266 ,    10489         ,
27 ,    4685 ,     q3 ,    0 ,     8188 ,     71855 ,    46032 ,    10109         ,
27 ,    4725 ,     q3 ,    0 ,     8220 ,     70808 ,    46500 ,    10149         ,
27 ,    4765 ,     q3 ,    0 ,     8402 ,     73521 ,    46659 ,    10319         ,
27 ,    4805 ,     q3 ,    0 ,     8354 ,     70021 ,    47751 ,    10320         ,
27 ,    4845 ,     q3 ,    0 ,     8466 ,     70989 ,    48048 ,    10299         ,
27 ,    4885 ,     q3 ,    0 ,     8470 ,     70033 ,    49023 ,    10521         ,
27 ,    4925 ,     q3 ,    0 ,     8596 ,     74245 ,    48861 ,    10550         ,
27 ,    4965 ,     q3 ,    0 ,     8666 ,     72688 ,    49377 ,    10675         ,
27 ,    5 ,     q3 ,    1 ,     6 ,     12 ,    9 ,    4         ,
27 ,    45 ,     q3 ,    1 ,     58 ,     226 ,    87 ,    25         ,
27 ,    85 ,     q3 ,    1 ,     106 ,     496 ,    159 ,    42         ,
27 ,    125 ,     q3 ,    1 ,     126 ,     756 ,    189 ,    56         ,
27 ,    165 ,     q3 ,    1 ,     202 ,     1110 ,    303 ,    81         ,
27 ,    205 ,     q3 ,    1 ,     254 ,     1442 ,    381 ,    102         ,
27 ,    245 ,     q3 ,    1 ,     254 ,     1722 ,    381 ,    108         ,
27 ,    285 ,     q3 ,    1 ,     314 ,     2092 ,    471 ,    136         ,
27 ,    325 ,     q3 ,    1 ,     394 ,     2492 ,    591 ,    165         ,
27 ,    365 ,     q3 ,    1 ,     474 ,     2892 ,    711 ,    194         ,
27 ,    405 ,     q3 ,    1 ,     510 ,     3248 ,    765 ,    214         ,
27 ,    445 ,     q3 ,    1 ,     510 ,     3568 ,    765 ,    222         ,
27 ,    485 ,     q3 ,    1 ,     510 ,     3888 ,    765 ,    231         ,
27 ,    525 ,     q3 ,    1 ,     538 ,     4250 ,    807 ,    250         ,
27 ,    565 ,     q3 ,    1 ,     618 ,     4690 ,    927 ,    285         ,
27 ,    605 ,     q3 ,    1 ,     698 ,     5130 ,    1047 ,    312         ,
27 ,    645 ,     q3 ,    1 ,     778 ,     5570 ,    1167 ,    344         ,
27 ,    685 ,     q3 ,    1 ,     858 ,     6010 ,    1287 ,    375         ,
27 ,    725 ,     q3 ,    1 ,     938 ,     6450 ,    1407 ,    404         ,
27 ,    765 ,     q3 ,    1 ,     1018 ,     6890 ,    1527 ,    431         ,
27 ,    805 ,     q3 ,    1 ,     1022 ,     7254 ,    1533 ,    446         ,
27 ,    845 ,     q3 ,    1 ,     1022 ,     7614 ,    1533 ,    461         ,
27 ,    885 ,     q3 ,    1 ,     1022 ,     7974 ,    1533 ,    469         ,
27 ,    925 ,     q3 ,    1 ,     1022 ,     8334 ,    1533 ,    483         ,
27 ,    965 ,     q3 ,    1 ,     1022 ,     8694 ,    1533 ,    490         ,
27 ,    1005 ,     q3 ,    1 ,     1022 ,     9054 ,    1533 ,    498         ,
27 ,    1045 ,     q3 ,    1 ,     1066 ,     9480 ,    1599 ,    526         ,
27 ,    1085 ,     q3 ,    1 ,     1146 ,     9960 ,    1719 ,    552         ,
27 ,    1125 ,     q3 ,    1 ,     1226 ,     10440 ,    1839 ,    692         ,
27 ,    1165 ,     q3 ,    1 ,     1306 ,     10920 ,    1959 ,    623         ,
27 ,    1205 ,     q3 ,    1 ,     1386 ,     11400 ,    2079 ,    654         ,
27 ,    1245 ,     q3 ,    1 ,     1466 ,     11880 ,    2199 ,    683         ,
27 ,    1285 ,     q3 ,    1 ,     1546 ,     12360 ,    2319 ,    716         ,
27 ,    1325 ,     q3 ,    1 ,     1626 ,     12840 ,    2439 ,    753         ,
27 ,    1365 ,     q3 ,    1 ,     1706 ,     13320 ,    2559 ,    787         ,
27 ,    1405 ,     q3 ,    1 ,     1786 ,     13800 ,    2679 ,    807         ,
27 ,    1445 ,     q3 ,    1 ,     1866 ,     14280 ,    2799 ,    847         ,
27 ,    1485 ,     q3 ,    1 ,     1946 ,     14760 ,    2919 ,    868         ,
27 ,    1525 ,     q3 ,    1 ,     2026 ,     15240 ,    3039 ,    899         ,
27 ,    1565 ,     q3 ,    1 ,     2046 ,     15660 ,    3069 ,    924         ,
27 ,    1605 ,     q3 ,    1 ,     2046 ,     16060 ,    3069 ,    939         ,
27 ,    1645 ,     q3 ,    1 ,     2046 ,     16460 ,    3069 ,    944         ,
27 ,    1685 ,     q3 ,    1 ,     2046 ,     16860 ,    3069 ,    1184         ,
27 ,    1725 ,     q3 ,    1 ,     2046 ,     17260 ,    3069 ,    966         ,
27 ,    1765 ,     q3 ,    1 ,     2046 ,     17660 ,    3069 ,    985         ,
27 ,    1805 ,     q3 ,    1 ,     2046 ,     18060 ,    3069 ,    998         ,
27 ,    1845 ,     q3 ,    1 ,     2046 ,     18460 ,    3069 ,    1126         ,
27 ,    1885 ,     q3 ,    1 ,     2046 ,     18860 ,    3069 ,    1025         ,
27 ,    1925 ,     q3 ,    1 ,     2046 ,     19260 ,    3069 ,    1033         ,
27 ,    1965 ,     q3 ,    1 ,     2046 ,     19660 ,    3069 ,    1042         ,
27 ,    2005 ,     q3 ,    1 ,     2046 ,     20060 ,    3069 ,    1164         ,
27 ,    2045 ,     q3 ,    1 ,     2046 ,     20460 ,    3069 ,    1073         ,
27 ,    2085 ,     q3 ,    1 ,     2122 ,     20974 ,    3183 ,    1111         ,
27 ,    2125 ,     q3 ,    1 ,     2202 ,     21494 ,    3303 ,    1149         ,
27 ,    2165 ,     q3 ,    1 ,     2282 ,     22014 ,    3423 ,    1179         ,
27 ,    2205 ,     q3 ,    1 ,     2362 ,     22534 ,    3543 ,    1213         ,
27 ,    2245 ,     q3 ,    1 ,     2442 ,     23054 ,    3663 ,    1239         ,
27 ,    2285 ,     q3 ,    1 ,     2522 ,     23574 ,    3783 ,    1277         ,
27 ,    2325 ,     q3 ,    1 ,     2602 ,     24094 ,    3903 ,    1312         ,
27 ,    2365 ,     q3 ,    1 ,     2682 ,     24614 ,    4023 ,    1348         ,
27 ,    2405 ,     q3 ,    1 ,     2762 ,     25134 ,    4143 ,    1383         ,
27 ,    2445 ,     q3 ,    1 ,     2842 ,     25654 ,    4263 ,    1404         ,
27 ,    2485 ,     q3 ,    1 ,     2922 ,     26174 ,    4383 ,    1446         ,
27 ,    2525 ,     q3 ,    1 ,     3002 ,     26694 ,    4503 ,    1468         ,
27 ,    2565 ,     q3 ,    1 ,     3082 ,     27214 ,    4623 ,    1502         ,
27 ,    2605 ,     q3 ,    1 ,     3162 ,     27734 ,    4743 ,    1652         ,
27 ,    2645 ,     q3 ,    1 ,     3242 ,     28254 ,    4863 ,    1591         ,
27 ,    2685 ,     q3 ,    1 ,     3322 ,     28774 ,    4983 ,    1615         ,
27 ,    2725 ,     q3 ,    1 ,     3402 ,     29294 ,    5103 ,    1651         ,
27 ,    2765 ,     q3 ,    1 ,     3482 ,     29814 ,    5223 ,    1681         ,
27 ,    2805 ,     q3 ,    1 ,     3562 ,     30334 ,    5343 ,    1802         ,
27 ,    2845 ,     q3 ,    1 ,     3642 ,     30854 ,    5463 ,    1735         ,
27 ,    2885 ,     q3 ,    1 ,     3722 ,     31374 ,    5583 ,    1770         ,
27 ,    2925 ,     q3 ,    1 ,     3802 ,     31894 ,    5703 ,    1906         ,
27 ,    2965 ,     q3 ,    1 ,     3882 ,     32414 ,    5823 ,    1831         ,
27 ,    3005 ,     q3 ,    1 ,     3962 ,     32934 ,    5943 ,    1873         ,
27 ,    3045 ,     q3 ,    1 ,     4042 ,     33454 ,    6063 ,    1921         ,
27 ,    3085 ,     q3 ,    1 ,     4094 ,     33946 ,    6141 ,    1929         ,
27 ,    3125 ,     q3 ,    1 ,     4094 ,     34386 ,    6141 ,    2047         ,
27 ,    3165 ,     q3 ,    1 ,     4094 ,     34826 ,    6141 ,    1968         ,
27 ,    3205 ,     q3 ,    1 ,     4094 ,     35266 ,    6141 ,    2087         ,
27 ,    3245 ,     q3 ,    1 ,     4094 ,     35706 ,    6141 ,    1998         ,
27 ,    3285 ,     q3 ,    1 ,     4094 ,     36146 ,    6141 ,    2000         ,
27 ,    3325 ,     q3 ,    1 ,     4094 ,     36586 ,    6141 ,    2018         ,
27 ,    3365 ,     q3 ,    1 ,     4094 ,     37026 ,    6141 ,    2029         ,
27 ,    3405 ,     q3 ,    1 ,     4094 ,     37466 ,    6141 ,    2145         ,
27 ,    3445 ,     q3 ,    1 ,     4094 ,     37906 ,    6141 ,    2054         ,
27 ,    3485 ,     q3 ,    1 ,     4094 ,     38346 ,    6141 ,    2075         ,
27 ,    3525 ,     q3 ,    1 ,     4094 ,     38786 ,    6141 ,    2090         ,
27 ,    3565 ,     q3 ,    1 ,     4094 ,     39226 ,    6141 ,    2092         ,
27 ,    3605 ,     q3 ,    1 ,     4094 ,     39666 ,    6141 ,    2125         ,
27 ,    3645 ,     q3 ,    1 ,     4094 ,     40106 ,    6141 ,    2148         ,
27 ,    3685 ,     q3 ,    1 ,     4094 ,     40546 ,    6141 ,    2262         ,
27 ,    3725 ,     q3 ,    1 ,     4094 ,     40986 ,    6141 ,    2174         ,
27 ,    3765 ,     q3 ,    1 ,     4094 ,     41426 ,    6141 ,    2296         ,
27 ,    3805 ,     q3 ,    1 ,     4094 ,     41866 ,    6141 ,    2188         ,
27 ,    3845 ,     q3 ,    1 ,     4094 ,     42306 ,    6141 ,    2357         ,
27 ,    3885 ,     q3 ,    1 ,     4094 ,     42746 ,    6141 ,    2208         ,
27 ,    3925 ,     q3 ,    1 ,     4094 ,     43186 ,    6141 ,    2335         ,
27 ,    3965 ,     q3 ,    1 ,     4094 ,     43626 ,    6141 ,    2226         ,
27 ,    4005 ,     q3 ,    1 ,     4094 ,     44066 ,    6141 ,    2250         ,
27 ,    4045 ,     q3 ,    1 ,     4094 ,     44506 ,    6141 ,    2279         ,
27 ,    4085 ,     q3 ,    1 ,     4094 ,     44946 ,    6141 ,    2279         ,
27 ,    4125 ,     q3 ,    1 ,     4154 ,     45476 ,    6231 ,    2326         ,
27 ,    4165 ,     q3 ,    1 ,     4234 ,     46036 ,    6351 ,    2361         ,
27 ,    4205 ,     q3 ,    1 ,     4314 ,     46596 ,    6471 ,    2410         ,
27 ,    4245 ,     q3 ,    1 ,     4394 ,     47156 ,    6591 ,    2443         ,
27 ,    4285 ,     q3 ,    1 ,     4474 ,     47716 ,    6711 ,    2477         ,
27 ,    4325 ,     q3 ,    1 ,     4554 ,     48276 ,    6831 ,    2493         ,
27 ,    4365 ,     q3 ,    1 ,     4634 ,     48836 ,    6951 ,    2527         ,
27 ,    4405 ,     q3 ,    1 ,     4714 ,     49396 ,    7071 ,    2562         ,
27 ,    4445 ,     q3 ,    1 ,     4794 ,     49956 ,    7191 ,    2600         ,
27 ,    4485 ,     q3 ,    1 ,     4874 ,     50516 ,    7311 ,    2627         ,
27 ,    4525 ,     q3 ,    1 ,     4954 ,     51076 ,    7431 ,    2682         ,
27 ,    4565 ,     q3 ,    1 ,     5034 ,     51636 ,    7551 ,    2833         ,
27 ,    4605 ,     q3 ,    1 ,     5114 ,     52196 ,    7671 ,    2757         ,
27 ,    4645 ,     q3 ,    1 ,     5194 ,     52756 ,    7791 ,    2906         ,
27 ,    4685 ,     q3 ,    1 ,     5274 ,     53316 ,    7911 ,    2844         ,
27 ,    4725 ,     q3 ,    1 ,     5354 ,     53876 ,    8031 ,    2903         ,
27 ,    4765 ,     q3 ,    1 ,     5434 ,     54436 ,    8151 ,    2913         ,
27 ,    4805 ,     q3 ,    1 ,     5514 ,     54996 ,    8271 ,    2941         ,
27 ,    4845 ,     q3 ,    1 ,     5594 ,     55556 ,    8391 ,    3065         ,
27 ,    4885 ,     q3 ,    1 ,     5674 ,     56116 ,    8511 ,    2980         ,
27 ,    4925 ,     q3 ,    1 ,     5754 ,     56676 ,    8631 ,    3042         ,
27 ,    4965 ,     q3 ,    1 ,     5834 ,     57236 ,    8751 ,    3048         ,
27 ,    5 ,     q3 ,    2 ,     6 ,     12 ,    15 ,    5         ,
27 ,    45 ,     q3 ,    2 ,     58 ,     226 ,    153 ,    28         ,
27 ,    85 ,     q3 ,    2 ,     106 ,     496 ,    285 ,    50         ,
27 ,    125 ,     q3 ,    2 ,     126 ,     756 ,    375 ,    67         ,
27 ,    165 ,     q3 ,    2 ,     202 ,     1110 ,    549 ,    98         ,
27 ,    205 ,     q3 ,    2 ,     254 ,     1442 ,    687 ,    123         ,
27 ,    245 ,     q3 ,    2 ,     254 ,     1722 ,    747 ,    133         ,
27 ,    285 ,     q3 ,    2 ,     314 ,     2092 ,    897 ,    164         ,
27 ,    325 ,     q3 ,    2 ,     394 ,     2492 ,    1077 ,    199         ,
27 ,    365 ,     q3 ,    2 ,     474 ,     2892 ,    1257 ,    232         ,
27 ,    405 ,     q3 ,    2 ,     510 ,     3248 ,    1371 ,    257         ,
27 ,    445 ,     q3 ,    2 ,     510 ,     3568 ,    1431 ,    269         ,
27 ,    485 ,     q3 ,    2 ,     510 ,     3888 ,    1491 ,    286         ,
27 ,    525 ,     q3 ,    2 ,     538 ,     4250 ,    1593 ,    308         ,
27 ,    565 ,     q3 ,    2 ,     618 ,     4690 ,    1773 ,    345         ,
27 ,    605 ,     q3 ,    2 ,     698 ,     5130 ,    1953 ,    379         ,
27 ,    645 ,     q3 ,    2 ,     778 ,     5570 ,    2133 ,    412         ,
27 ,    685 ,     q3 ,    2 ,     858 ,     6010 ,    2313 ,    456         ,
27 ,    725 ,     q3 ,    2 ,     938 ,     6450 ,    2493 ,    487         ,
27 ,    765 ,     q3 ,    2 ,     1018 ,     6890 ,    2673 ,    625         ,
27 ,    805 ,     q3 ,    2 ,     1022 ,     7254 ,    2739 ,    540         ,
27 ,    845 ,     q3 ,    2 ,     1022 ,     7614 ,    2799 ,    549         ,
27 ,    885 ,     q3 ,    2 ,     1022 ,     7974 ,    2859 ,    570         ,
27 ,    925 ,     q3 ,    2 ,     1022 ,     8334 ,    2919 ,    583         ,
27 ,    965 ,     q3 ,    2 ,     1022 ,     8694 ,    2979 ,    600         ,
27 ,    1005 ,     q3 ,    2 ,     1022 ,     9054 ,    3039 ,    715         ,
27 ,    1045 ,     q3 ,    2 ,     1066 ,     9480 ,    3165 ,    646         ,
27 ,    1085 ,     q3 ,    2 ,     1146 ,     9960 ,    3345 ,    677         ,
27 ,    1125 ,     q3 ,    2 ,     1226 ,     10440 ,    3525 ,    720         ,
27 ,    1165 ,     q3 ,    2 ,     1306 ,     10920 ,    3705 ,    758         ,
27 ,    1205 ,     q3 ,    2 ,     1386 ,     11400 ,    3885 ,    790         ,
27 ,    1245 ,     q3 ,    2 ,     1466 ,     11880 ,    4065 ,    985         ,
27 ,    1285 ,     q3 ,    2 ,     1546 ,     12360 ,    4245 ,    858         ,
27 ,    1325 ,     q3 ,    2 ,     1626 ,     12840 ,    4425 ,    904         ,
27 ,    1365 ,     q3 ,    2 ,     1706 ,     13320 ,    4605 ,    939         ,
27 ,    1405 ,     q3 ,    2 ,     1786 ,     13800 ,    4785 ,    965         ,
27 ,    1445 ,     q3 ,    2 ,     1866 ,     14280 ,    4965 ,    1012         ,
27 ,    1485 ,     q3 ,    2 ,     1946 ,     14760 ,    5145 ,    1037         ,
27 ,    1525 ,     q3 ,    2 ,     2026 ,     15240 ,    5325 ,    1074         ,
27 ,    1565 ,     q3 ,    2 ,     2046 ,     15660 ,    5415 ,    1104         ,
27 ,    1605 ,     q3 ,    2 ,     2046 ,     16060 ,    5475 ,    1223         ,
27 ,    1645 ,     q3 ,    2 ,     2046 ,     16460 ,    5535 ,    1135         ,
27 ,    1685 ,     q3 ,    2 ,     2046 ,     16860 ,    5595 ,    1190         ,
27 ,    1725 ,     q3 ,    2 ,     2046 ,     17260 ,    5655 ,    1272         ,
27 ,    1765 ,     q3 ,    2 ,     2046 ,     17660 ,    5715 ,    1183         ,
27 ,    1805 ,     q3 ,    2 ,     2046 ,     18060 ,    5775 ,    1202         ,
27 ,    1845 ,     q3 ,    2 ,     2046 ,     18460 ,    5835 ,    1224         ,
27 ,    1885 ,     q3 ,    2 ,     2046 ,     18860 ,    5895 ,    1240         ,
27 ,    1925 ,     q3 ,    2 ,     2046 ,     19260 ,    5955 ,    1249         ,
27 ,    1965 ,     q3 ,    2 ,     2046 ,     19660 ,    6015 ,    1265         ,
27 ,    2005 ,     q3 ,    2 ,     2046 ,     20060 ,    6075 ,    1285         ,
27 ,    2045 ,     q3 ,    2 ,     2046 ,     20460 ,    6135 ,    1306         ,
27 ,    2085 ,     q3 ,    2 ,     2122 ,     20974 ,    6309 ,    1350         ,
27 ,    2125 ,     q3 ,    2 ,     2202 ,     21494 ,    6489 ,    1391         ,
27 ,    2165 ,     q3 ,    2 ,     2282 ,     22014 ,    6669 ,    1432         ,
27 ,    2205 ,     q3 ,    2 ,     2362 ,     22534 ,    6849 ,    1465         ,
27 ,    2245 ,     q3 ,    2 ,     2442 ,     23054 ,    7029 ,    1608         ,
27 ,    2285 ,     q3 ,    2 ,     2522 ,     23574 ,    7209 ,    1539         ,
27 ,    2325 ,     q3 ,    2 ,     2602 ,     24094 ,    7389 ,    1580         ,
27 ,    2365 ,     q3 ,    2 ,     2682 ,     24614 ,    7569 ,    1723         ,
27 ,    2405 ,     q3 ,    2 ,     2762 ,     25134 ,    7749 ,    1653         ,
27 ,    2445 ,     q3 ,    2 ,     2842 ,     25654 ,    7929 ,    1719         ,
27 ,    2485 ,     q3 ,    2 ,     2922 ,     26174 ,    8109 ,    2042         ,
27 ,    2525 ,     q3 ,    2 ,     3002 ,     26694 ,    8289 ,    1750         ,
27 ,    2565 ,     q3 ,    2 ,     3082 ,     27214 ,    8469 ,    1791         ,
27 ,    2605 ,     q3 ,    2 ,     3162 ,     27734 ,    8649 ,    2061         ,
27 ,    2645 ,     q3 ,    2 ,     3242 ,     28254 ,    8829 ,    1887         ,
27 ,    2685 ,     q3 ,    2 ,     3322 ,     28774 ,    9009 ,    1920         ,
27 ,    2725 ,     q3 ,    2 ,     3402 ,     29294 ,    9189 ,    1962         ,
27 ,    2765 ,     q3 ,    2 ,     3482 ,     29814 ,    9369 ,    1991         ,
27 ,    2805 ,     q3 ,    2 ,     3562 ,     30334 ,    9549 ,    2023         ,
27 ,    2845 ,     q3 ,    2 ,     3642 ,     30854 ,    9729 ,    2063         ,
27 ,    2885 ,     q3 ,    2 ,     3722 ,     31374 ,    9909 ,    2208         ,
27 ,    2925 ,     q3 ,    2 ,     3802 ,     31894 ,    10089 ,    2133         ,
27 ,    2965 ,     q3 ,    2 ,     3882 ,     32414 ,    10269 ,    2171         ,
27 ,    3005 ,     q3 ,    2 ,     3962 ,     32934 ,    10449 ,    2222         ,
27 ,    3045 ,     q3 ,    2 ,     4042 ,     33454 ,    10629 ,    2245         ,
27 ,    3085 ,     q3 ,    2 ,     4094 ,     33946 ,    10767 ,    2276         ,
27 ,    3125 ,     q3 ,    2 ,     4094 ,     34386 ,    10827 ,    2299         ,
27 ,    3165 ,     q3 ,    2 ,     4094 ,     34826 ,    10887 ,    2441         ,
27 ,    3205 ,     q3 ,    2 ,     4094 ,     35266 ,    10947 ,    2354         ,
27 ,    3245 ,     q3 ,    2 ,     4094 ,     35706 ,    11007 ,    2466         ,
27 ,    3285 ,     q3 ,    2 ,     4094 ,     36146 ,    11067 ,    2375         ,
27 ,    3325 ,     q3 ,    2 ,     4094 ,     36586 ,    11127 ,    2386         ,
27 ,    3365 ,     q3 ,    2 ,     4094 ,     37026 ,    11187 ,    2416         ,
27 ,    3405 ,     q3 ,    2 ,     4094 ,     37466 ,    11247 ,    2433         ,
27 ,    3445 ,     q3 ,    2 ,     4094 ,     37906 ,    11307 ,    2458         ,
27 ,    3485 ,     q3 ,    2 ,     4094 ,     38346 ,    11367 ,    2576         ,
27 ,    3525 ,     q3 ,    2 ,     4094 ,     38786 ,    11427 ,    2793         ,
27 ,    3565 ,     q3 ,    2 ,     4094 ,     39226 ,    11487 ,    2683         ,
27 ,    3605 ,     q3 ,    2 ,     4094 ,     39666 ,    11547 ,    2527         ,
27 ,    3645 ,     q3 ,    2 ,     4094 ,     40106 ,    11607 ,    2570         ,
27 ,    3685 ,     q3 ,    2 ,     4094 ,     40546 ,    11667 ,    2575         ,
27 ,    3725 ,     q3 ,    2 ,     4094 ,     40986 ,    11727 ,    2599         ,
27 ,    3765 ,     q3 ,    2 ,     4094 ,     41426 ,    11787 ,    2610         ,
27 ,    3805 ,     q3 ,    2 ,     4094 ,     41866 ,    11847 ,    2920         ,
27 ,    3845 ,     q3 ,    2 ,     4094 ,     42306 ,    11907 ,    2623         ,
27 ,    3885 ,     q3 ,    2 ,     4094 ,     42746 ,    11967 ,    2884         ,
27 ,    3925 ,     q3 ,    2 ,     4094 ,     43186 ,    12027 ,    2672         ,
27 ,    3965 ,     q3 ,    2 ,     4094 ,     43626 ,    12087 ,    2780         ,
27 ,    4005 ,     q3 ,    2 ,     4094 ,     44066 ,    12147 ,    2711         ,
27 ,    4045 ,     q3 ,    2 ,     4094 ,     44506 ,    12207 ,    2731         ,
27 ,    4085 ,     q3 ,    2 ,     4094 ,     44946 ,    12267 ,    2848         ,
27 ,    4125 ,     q3 ,    2 ,     4154 ,     45476 ,    12417 ,    2794         ,
27 ,    4165 ,     q3 ,    2 ,     4234 ,     46036 ,    12597 ,    2940         ,
27 ,    4205 ,     q3 ,    2 ,     4314 ,     46596 ,    12777 ,    2875         ,
27 ,    4245 ,     q3 ,    2 ,     4394 ,     47156 ,    12957 ,    3031         ,
27 ,    4285 ,     q3 ,    2 ,     4474 ,     47716 ,    13137 ,    2949         ,
27 ,    4325 ,     q3 ,    2 ,     4554 ,     48276 ,    13317 ,    3226         ,
27 ,    4365 ,     q3 ,    2 ,     4634 ,     48836 ,    13497 ,    3126         ,
27 ,    4405 ,     q3 ,    2 ,     4714 ,     49396 ,    13677 ,    3067         ,
27 ,    4445 ,     q3 ,    2 ,     4794 ,     49956 ,    13857 ,    3217         ,
27 ,    4485 ,     q3 ,    2 ,     4874 ,     50516 ,    14037 ,    3147         ,
27 ,    4525 ,     q3 ,    2 ,     4954 ,     51076 ,    14217 ,    3304         ,
27 ,    4565 ,     q3 ,    2 ,     5034 ,     51636 ,    14397 ,    3237         ,
27 ,    4605 ,     q3 ,    2 ,     5114 ,     52196 ,    14577 ,    3293         ,
27 ,    4645 ,     q3 ,    2 ,     5194 ,     52756 ,    14757 ,    3440         ,
27 ,    4685 ,     q3 ,    2 ,     5274 ,     53316 ,    14937 ,    3378         ,
27 ,    4725 ,     q3 ,    2 ,     5354 ,     53876 ,    15117 ,    3441         ,
27 ,    4765 ,     q3 ,    2 ,     5434 ,     54436 ,    15297 ,    3557         ,
27 ,    4805 ,     q3 ,    2 ,     5514 ,     54996 ,    15477 ,    3482         ,
27 ,    4845 ,     q3 ,    2 ,     5594 ,     55556 ,    15657 ,    3854         ,
27 ,    4885 ,     q3 ,    2 ,     5674 ,     56116 ,    15837 ,    3664         ,
27 ,    4925 ,     q3 ,    2 ,     5754 ,     56676 ,    16017 ,    3576         ,
27 ,    4965 ,     q3 ,    2 ,     5834 ,     57236 ,    16197 ,    3647         ,
27 ,    5 ,     q3 ,    3 ,     6 ,     12 ,    12 ,    5         ,
27 ,    45 ,     q3 ,    3 ,     58 ,     236 ,    300 ,    49         ,
27 ,    85 ,     q3 ,    3 ,     112 ,     520 ,    693 ,    97         ,
27 ,    125 ,     q3 ,    3 ,     146 ,     801 ,    1065 ,    139         ,
27 ,    165 ,     q3 ,    3 ,     224 ,     1143 ,    1530 ,    196         ,
27 ,    205 ,     q3 ,    3 ,     294 ,     1512 ,    2058 ,    257         ,
27 ,    245 ,     q3 ,    3 ,     404 ,     1885 ,    2571 ,    322         ,
27 ,    285 ,     q3 ,    3 ,     426 ,     2216 ,    3009 ,    374         ,
27 ,    325 ,     q3 ,    3 ,     466 ,     2592 ,    3483 ,    429         ,
27 ,    365 ,     q3 ,    3 ,     458 ,     2944 ,    4023 ,    485         ,
27 ,    405 ,     q3 ,    3 ,     588 ,     3431 ,    4701 ,    564         ,
27 ,    445 ,     q3 ,    3 ,     582 ,     3744 ,    5070 ,    605         ,
27 ,    485 ,     q3 ,    3 ,     786 ,     4252 ,    5868 ,    711         ,
27 ,    525 ,     q3 ,    3 ,     674 ,     4491 ,    6153 ,    728         ,
27 ,    565 ,     q3 ,    3 ,     902 ,     4964 ,    6897 ,    828         ,
27 ,    605 ,     q3 ,    3 ,     818 ,     5395 ,    7407 ,    874         ,
27 ,    645 ,     q3 ,    3 ,     882 ,     5740 ,    7947 ,    942         ,
27 ,    685 ,     q3 ,    3 ,     850 ,     6191 ,    8550 ,    1002         ,
27 ,    725 ,     q3 ,    3 ,     930 ,     6577 ,    8985 ,    1057         ,
27 ,    765 ,     q3 ,    3 ,     1198 ,     7158 ,    9906 ,    1169         ,
27 ,    805 ,     q3 ,    3 ,     1188 ,     7704 ,    10458 ,    1230         ,
27 ,    845 ,     q3 ,    3 ,     1192 ,     7905 ,    10908 ,    1279         ,
27 ,    885 ,     q3 ,    3 ,     1480 ,     8496 ,    11805 ,    1395         ,
27 ,    925 ,     q3 ,    3 ,     1456 ,     8848 ,    12315 ,    1443         ,
27 ,    965 ,     q3 ,    3 ,     1634 ,     9528 ,    12978 ,    1518         ,
27 ,    1005 ,     q3 ,    3 ,     1620 ,     9757 ,    13461 ,    1584         ,
27 ,    1045 ,     q3 ,    3 ,     1586 ,     10126 ,    14070 ,    1745         ,
27 ,    1085 ,     q3 ,    3 ,     1612 ,     10502 ,    14604 ,    1705         ,
27 ,    1125 ,     q3 ,    3 ,     1680 ,     11121 ,    15498 ,    1801         ,
27 ,    1165 ,     q3 ,    3 ,     1750 ,     11560 ,    16173 ,    1984         ,
27 ,    1205 ,     q3 ,    3 ,     1848 ,     11971 ,    16710 ,    1948         ,
27 ,    1245 ,     q3 ,    3 ,     1862 ,     12420 ,    17250 ,    2012         ,
27 ,    1285 ,     q3 ,    3 ,     1768 ,     12707 ,    17703 ,    2368         ,
27 ,    1325 ,     q3 ,    3 ,     1826 ,     13472 ,    18240 ,    2102         ,
27 ,    1365 ,     q3 ,    3 ,     1862 ,     13809 ,    19233 ,    2233         ,
27 ,    1405 ,     q3 ,    3 ,     1864 ,     14220 ,    19806 ,    2282         ,
27 ,    1445 ,     q3 ,    3 ,     1832 ,     14550 ,    20307 ,    2327         ,
27 ,    1485 ,     q3 ,    3 ,     1870 ,     15145 ,    20520 ,    2463         ,
27 ,    1525 ,     q3 ,    3 ,     2384 ,     15695 ,    21954 ,    2532         ,
27 ,    1565 ,     q3 ,    3 ,     2412 ,     16281 ,    22803 ,    2658         ,
27 ,    1605 ,     q3 ,    3 ,     2448 ,     16476 ,    23076 ,    2664         ,
27 ,    1645 ,     q3 ,    3 ,     2380 ,     17095 ,    23892 ,    2918         ,
27 ,    1685 ,     q3 ,    3 ,     2422 ,     17333 ,    24372 ,    2837         ,
27 ,    1725 ,     q3 ,    3 ,     2450 ,     17835 ,    24870 ,    2861         ,
27 ,    1765 ,     q3 ,    3 ,     2392 ,     18570 ,    25611 ,    2922         ,
27 ,    1805 ,     q3 ,    3 ,     2918 ,     18926 ,    26628 ,    3076         ,
27 ,    1845 ,     q3 ,    3 ,     2898 ,     19466 ,    27300 ,    3153         ,
27 ,    1885 ,     q3 ,    3 ,     2982 ,     20001 ,    27909 ,    3213         ,
27 ,    1925 ,     q3 ,    3 ,     2384 ,     20222 ,    27585 ,    3133         ,
27 ,    1965 ,     q3 ,    3 ,     2896 ,     20780 ,    29115 ,    3349         ,
27 ,    2005 ,     q3 ,    3 ,     3246 ,     21340 ,    29907 ,    3456         ,
27 ,    2045 ,     q3 ,    3 ,     3608 ,     22461 ,    30969 ,    3596         ,
27 ,    2085 ,     q3 ,    3 ,     2918 ,     21966 ,    30756 ,    3533         ,
27 ,    2125 ,     q3 ,    3 ,     3260 ,     22654 ,    31782 ,    3654         ,
27 ,    2165 ,     q3 ,    3 ,     3268 ,     23087 ,    32376 ,    3844         ,
27 ,    2205 ,     q3 ,    3 ,     3240 ,     23417 ,    32850 ,    3874         ,
27 ,    2245 ,     q3 ,    3 ,     3554 ,     24274 ,    34092 ,    3933         ,
27 ,    2285 ,     q3 ,    3 ,     3558 ,     25250 ,    35052 ,    3993         ,
27 ,    2325 ,     q3 ,    3 ,     3568 ,     25766 ,    35673 ,    4077         ,
27 ,    2365 ,     q3 ,    3 ,     3370 ,     25830 ,    36207 ,    4232         ,
27 ,    2405 ,     q3 ,    3 ,     3658 ,     26469 ,    36546 ,    4282         ,
27 ,    2445 ,     q3 ,    3 ,     3630 ,     26894 ,    37236 ,    4282         ,
27 ,    2485 ,     q3 ,    3 ,     3674 ,     27037 ,    38028 ,    4458         ,
27 ,    2525 ,     q3 ,    3 ,     3690 ,     27640 ,    38613 ,    4520         ,
27 ,    2565 ,     q3 ,    3 ,     3626 ,     28385 ,    39375 ,    4501         ,
27 ,    2605 ,     q3 ,    3 ,     3410 ,     28210 ,    39495 ,    4615         ,
27 ,    2645 ,     q3 ,    3 ,     3280 ,     28482 ,    39951 ,    4647         ,
27 ,    2685 ,     q3 ,    3 ,     3666 ,     29353 ,    41208 ,    4686         ,
27 ,    2725 ,     q3 ,    3 ,     3694 ,     30031 ,    42012 ,    4905         ,
27 ,    2765 ,     q3 ,    3 ,     3632 ,     30728 ,    42630 ,    4847         ,
27 ,    2805 ,     q3 ,    3 ,     3722 ,     31203 ,    43554 ,    5045         ,
27 ,    2845 ,     q3 ,    3 ,     3372 ,     31387 ,    43983 ,    4997         ,
27 ,    2885 ,     q3 ,    3 ,     3682 ,     31914 ,    44931 ,    5211         ,
27 ,    2925 ,     q3 ,    3 ,     3728 ,     33075 ,    45489 ,    5430         ,
27 ,    2965 ,     q3 ,    3 ,     3684 ,     32768 ,    46080 ,    5363         ,
27 ,    3005 ,     q3 ,    3 ,     3698 ,     33178 ,    46482 ,    5247         ,
27 ,    3045 ,     q3 ,    3 ,     4810 ,     34679 ,    48684 ,    5607         ,
27 ,    3085 ,     q3 ,    3 ,     4754 ,     35824 ,    49128 ,    5687         ,
27 ,    3125 ,     q3 ,    3 ,     4838 ,     35289 ,    49710 ,    5813         ,
27 ,    3165 ,     q3 ,    3 ,     4774 ,     35796 ,    50355 ,    5815         ,
27 ,    3205 ,     q3 ,    3 ,     4826 ,     36400 ,    51096 ,    6059         ,
27 ,    3245 ,     q3 ,    3 ,     4894 ,     37618 ,    51882 ,    6042         ,
27 ,    3285 ,     q3 ,    3 ,     4800 ,     37117 ,    52179 ,    6190         ,
27 ,    3325 ,     q3 ,    3 ,     4692 ,     37615 ,    52797 ,    6152         ,
27 ,    3365 ,     q3 ,    3 ,     4780 ,     38053 ,    53694 ,    6105         ,
27 ,    3405 ,     q3 ,    3 ,     4754 ,     38501 ,    54183 ,    6261         ,
27 ,    3445 ,     q3 ,    3 ,     4922 ,     39261 ,    55059 ,    6388         ,
27 ,    3485 ,     q3 ,    3 ,     4768 ,     40257 ,    56034 ,    6483         ,
27 ,    3525 ,     q3 ,    3 ,     5908 ,     40651 ,    57291 ,    7184         ,
27 ,    3565 ,     q3 ,    3 ,     4776 ,     41209 ,    57027 ,    6517         ,
27 ,    3605 ,     q3 ,    3 ,     5958 ,     42002 ,    58914 ,    6828         ,
27 ,    3645 ,     q3 ,    3 ,     5906 ,     42041 ,    59145 ,    6842         ,
27 ,    3685 ,     q3 ,    3 ,     4772 ,     42298 ,    58791 ,    6725         ,
27 ,    3725 ,     q3 ,    3 ,     4770 ,     42663 ,    59307 ,    6736         ,
27 ,    3765 ,     q3 ,    3 ,     5288 ,     43460 ,    60423 ,    6842         ,
27 ,    3805 ,     q3 ,    3 ,     5838 ,     43828 ,    61803 ,    7122         ,
27 ,    3845 ,     q3 ,    3 ,     5830 ,     44242 ,    62286 ,    7910         ,
27 ,    3885 ,     q3 ,    3 ,     4758 ,     44905 ,    62145 ,    6959         ,
27 ,    3925 ,     q3 ,    3 ,     5960 ,     45598 ,    64272 ,    7313         ,
27 ,    3965 ,     q3 ,    3 ,     5930 ,     46320 ,    64680 ,    7511         ,
27 ,    4005 ,     q3 ,    3 ,     6536 ,     46897 ,    66171 ,    7708         ,
27 ,    4045 ,     q3 ,    3 ,     7082 ,     48417 ,    67461 ,    7829         ,
27 ,    4085 ,     q3 ,    3 ,     6730 ,     47900 ,    67485 ,    7863         ,
27 ,    4125 ,     q3 ,    3 ,     6494 ,     48037 ,    67623 ,    7873         ,
27 ,    4165 ,     q3 ,    3 ,     7106 ,     49655 ,    69087 ,    7958         ,
27 ,    4205 ,     q3 ,    3 ,     6822 ,     50025 ,    69525 ,    8130         ,
27 ,    4245 ,     q3 ,    3 ,     7114 ,     50525 ,    70479 ,    8038         ,
27 ,    4285 ,     q3 ,    3 ,     7088 ,     51072 ,    71031 ,    8032         ,
27 ,    4325 ,     q3 ,    3 ,     7318 ,     52215 ,    71955 ,    8347         ,
27 ,    4365 ,     q3 ,    3 ,     6534 ,     50703 ,    71544 ,    8109         ,
27 ,    4405 ,     q3 ,    3 ,     5922 ,     51217 ,    71457 ,    8170         ,
27 ,    4445 ,     q3 ,    3 ,     6986 ,     52139 ,    73479 ,    8466         ,
27 ,    4485 ,     q3 ,    3 ,     7268 ,     53036 ,    74739 ,    8712         ,
27 ,    4525 ,     q3 ,    3 ,     6442 ,     53475 ,    75372 ,    10433         ,
27 ,    4565 ,     q3 ,    3 ,     6538 ,     53256 ,    75207 ,    8642         ,
27 ,    4605 ,     q3 ,    3 ,     6538 ,     53945 ,    76197 ,    8727         ,
27 ,    4645 ,     q3 ,    3 ,     7240 ,     56021 ,    78270 ,    9048         ,
27 ,    4685 ,     q3 ,    3 ,     6546 ,     55535 ,    78516 ,    9021         ,
27 ,    4725 ,     q3 ,    3 ,     7172 ,     56848 ,    79128 ,    9069         ,
27 ,    4765 ,     q3 ,    3 ,     6990 ,     57175 ,    79941 ,    9166         ,
27 ,    4805 ,     q3 ,    3 ,     7440 ,     57929 ,    81087 ,    9303         ,
27 ,    4845 ,     q3 ,    3 ,     6548 ,     57281 ,    81036 ,    9274         ,
27 ,    4885 ,     q3 ,    3 ,     7242 ,     58564 ,    81654 ,    9335         ,
27 ,    4925 ,     q3 ,    3 ,     7206 ,     59048 ,    82488 ,    9614         ,
27 ,    4965 ,     q3 ,    3 ,     7380 ,     59188 ,    83421 ,    9653         ,
27 ,    5 ,     q3 ,    4 ,     6 ,     17 ,    12 ,    6         ,
27 ,    45 ,     q3 ,    4 ,     66 ,     257 ,    276 ,    51         ,
27 ,    85 ,     q3 ,    4 ,     126 ,     535 ,    612 ,    101         ,
27 ,    125 ,     q3 ,    4 ,     178 ,     871 ,    1017 ,    156         ,
27 ,    165 ,     q3 ,    4 ,     236 ,     1181 ,    1440 ,    208         ,
27 ,    205 ,     q3 ,    4 ,     312 ,     1541 ,    1881 ,    268         ,
27 ,    245 ,     q3 ,    4 ,     370 ,     1979 ,    2289 ,    331         ,
27 ,    285 ,     q3 ,    4 ,     440 ,     2468 ,    2784 ,    388         ,
27 ,    325 ,     q3 ,    4 ,     430 ,     2870 ,    3150 ,    443         ,
27 ,    365 ,     q3 ,    4 ,     524 ,     3302 ,    3663 ,    507         ,
27 ,    405 ,     q3 ,    4 ,     534 ,     3685 ,    4182 ,    652         ,
27 ,    445 ,     q3 ,    4 ,     704 ,     4326 ,    4797 ,    643         ,
27 ,    485 ,     q3 ,    4 ,     744 ,     4358 ,    5220 ,    700         ,
27 ,    525 ,     q3 ,    4 ,     752 ,     4656 ,    5775 ,    765         ,
27 ,    565 ,     q3 ,    4 ,     800 ,     5304 ,    6273 ,    830         ,
27 ,    605 ,     q3 ,    4 ,     888 ,     5554 ,    6822 ,    907         ,
27 ,    645 ,     q3 ,    4 ,     920 ,     6067 ,    7308 ,    1115         ,
27 ,    685 ,     q3 ,    4 ,     984 ,     6278 ,    7839 ,    1031         ,
27 ,    725 ,     q3 ,    4 ,     1042 ,     6796 ,    8460 ,    1104         ,
27 ,    765 ,     q3 ,    4 ,     1070 ,     7325 ,    8850 ,    1156         ,
27 ,    805 ,     q3 ,    4 ,     1176 ,     7636 ,    9555 ,    1236         ,
27 ,    845 ,     q3 ,    4 ,     1188 ,     8007 ,    10071 ,    1307         ,
27 ,    885 ,     q3 ,    4 ,     1276 ,     8457 ,    10680 ,    1384         ,
27 ,    925 ,     q3 ,    4 ,     1366 ,     9129 ,    11328 ,    1456         ,
27 ,    965 ,     q3 ,    4 ,     1410 ,     9429 ,    11874 ,    1674         ,
27 ,    1005 ,     q3 ,    4 ,     1490 ,     9949 ,    12417 ,    1584         ,
27 ,    1045 ,     q3 ,    4 ,     1456 ,     10284 ,    12825 ,    1645         ,
27 ,    1085 ,     q3 ,    4 ,     1568 ,     10744 ,    13626 ,    1747         ,
27 ,    1125 ,     q3 ,    4 ,     1692 ,     11209 ,    14049 ,    1803         ,
27 ,    1165 ,     q3 ,    4 ,     1798 ,     11619 ,    14766 ,    1883         ,
27 ,    1205 ,     q3 ,    4 ,     1870 ,     12350 ,    15444 ,    2146         ,
27 ,    1245 ,     q3 ,    4 ,     1894 ,     12598 ,    15903 ,    2019         ,
27 ,    1285 ,     q3 ,    4 ,     1914 ,     13440 ,    16602 ,    2095         ,
27 ,    1325 ,     q3 ,    4 ,     1986 ,     13642 ,    17157 ,    2186         ,
27 ,    1365 ,     q3 ,    4 ,     2082 ,     13906 ,    17676 ,    2246         ,
27 ,    1405 ,     q3 ,    4 ,     2042 ,     14543 ,    18399 ,    2534         ,
27 ,    1445 ,     q3 ,    4 ,     1936 ,     15041 ,    18741 ,    2510         ,
27 ,    1485 ,     q3 ,    4 ,     2160 ,     15263 ,    19551 ,    2467         ,
27 ,    1525 ,     q3 ,    4 ,     2046 ,     15716 ,    19995 ,    2973         ,
27 ,    1565 ,     q3 ,    4 ,     2370 ,     16317 ,    20712 ,    3518         ,
27 ,    1605 ,     q3 ,    4 ,     2304 ,     17611 ,    21384 ,    2814         ,
27 ,    1645 ,     q3 ,    4 ,     2422 ,     17323 ,    21975 ,    2763         ,
27 ,    1685 ,     q3 ,    4 ,     2214 ,     17660 ,    22419 ,    2840         ,
27 ,    1725 ,     q3 ,    4 ,     2548 ,     18877 ,    23355 ,    2925         ,
27 ,    1765 ,     q3 ,    4 ,     2272 ,     18292 ,    23769 ,    2940         ,
27 ,    1805 ,     q3 ,    4 ,     2616 ,     19194 ,    24441 ,    3064         ,
27 ,    1845 ,     q3 ,    4 ,     2594 ,     19639 ,    25146 ,    3136         ,
27 ,    1885 ,     q3 ,    4 ,     2660 ,     19938 ,    25917 ,    3216         ,
27 ,    1925 ,     q3 ,    4 ,     2566 ,     20210 ,    26412 ,    3269         ,
27 ,    1965 ,     q3 ,    4 ,     3026 ,     21806 ,    27201 ,    3495         ,
27 ,    2005 ,     q3 ,    4 ,     2644 ,     21961 ,    27498 ,    3802         ,
27 ,    2045 ,     q3 ,    4 ,     2872 ,     22250 ,    28272 ,    3620         ,
27 ,    2085 ,     q3 ,    4 ,     3414 ,     22870 ,    29424 ,    3775         ,
27 ,    2125 ,     q3 ,    4 ,     3016 ,     23891 ,    29373 ,    3654         ,
27 ,    2165 ,     q3 ,    4 ,     3074 ,     23861 ,    30198 ,    3907         ,
27 ,    2205 ,     q3 ,    4 ,     3482 ,     24067 ,    31131 ,    3974         ,
27 ,    2245 ,     q3 ,    4 ,     3266 ,     24434 ,    31536 ,    3898         ,
27 ,    2285 ,     q3 ,    4 ,     3008 ,     25644 ,    31893 ,    3923         ,
27 ,    2325 ,     q3 ,    4 ,     3650 ,     25550 ,    33222 ,    4238         ,
27 ,    2365 ,     q3 ,    4 ,     3726 ,     26549 ,    33735 ,    4302         ,
27 ,    2405 ,     q3 ,    4 ,     3732 ,     26456 ,    34380 ,    4257         ,
27 ,    2445 ,     q3 ,    4 ,     3568 ,     27242 ,    34818 ,    4389         ,
27 ,    2485 ,     q3 ,    4 ,     3656 ,     29709 ,    35163 ,    4468         ,
27 ,    2525 ,     q3 ,    4 ,     3998 ,     27903 ,    36450 ,    4633         ,
27 ,    2565 ,     q3 ,    4 ,     4050 ,     28306 ,    36966 ,    4571         ,
27 ,    2605 ,     q3 ,    4 ,     3904 ,     30206 ,    37098 ,    4733         ,
27 ,    2645 ,     q3 ,    4 ,     3964 ,     29562 ,    38250 ,    4843         ,
27 ,    2685 ,     q3 ,    4 ,     3932 ,     29621 ,    38970 ,    4793         ,
27 ,    2725 ,     q3 ,    4 ,     4334 ,     31837 ,    39768 ,    5013         ,
27 ,    2765 ,     q3 ,    4 ,     4010 ,     31154 ,    39870 ,    4930         ,
27 ,    2805 ,     q3 ,    4 ,     4072 ,     32379 ,    40680 ,    5022         ,
27 ,    2845 ,     q3 ,    4 ,     4266 ,     32822 ,    41355 ,    5195         ,
27 ,    2885 ,     q3 ,    4 ,     4172 ,     32521 ,    41961 ,    5173         ,
27 ,    2925 ,     q3 ,    4 ,     4020 ,     33227 ,    42609 ,    5566         ,
27 ,    2965 ,     q3 ,    4 ,     4126 ,     33558 ,    43050 ,    5298         ,
27 ,    3005 ,     q3 ,    4 ,     4440 ,     34762 ,    43764 ,    5487         ,
27 ,    3045 ,     q3 ,    4 ,     4030 ,     35387 ,    44631 ,    5578         ,
27 ,    3085 ,     q3 ,    4 ,     3942 ,     35112 ,    45102 ,    5620         ,
27 ,    3125 ,     q3 ,    4 ,     4650 ,     36007 ,    46278 ,    5676         ,
27 ,    3165 ,     q3 ,    4 ,     4878 ,     36640 ,    46977 ,    5784         ,
27 ,    3205 ,     q3 ,    4 ,     4590 ,     36683 ,    47709 ,    5917         ,
27 ,    3245 ,     q3 ,    4 ,     4634 ,     37206 ,    48258 ,    5993         ,
27 ,    3285 ,     q3 ,    4 ,     4640 ,     37283 ,    49125 ,    6001         ,
27 ,    3325 ,     q3 ,    4 ,     4380 ,     37701 ,    49128 ,    6120         ,
27 ,    3365 ,     q3 ,    4 ,     4228 ,     39009 ,    49491 ,    5989         ,
27 ,    3405 ,     q3 ,    4 ,     4462 ,     38527 ,    50604 ,    6513         ,
27 ,    3445 ,     q3 ,    4 ,     4558 ,     40154 ,    51054 ,    6566         ,
27 ,    3485 ,     q3 ,    4 ,     5068 ,     39951 ,    51864 ,    6597         ,
27 ,    3525 ,     q3 ,    4 ,     4588 ,     40618 ,    52524 ,    6504         ,
27 ,    3565 ,     q3 ,    4 ,     4596 ,     41174 ,    52947 ,    6573         ,
27 ,    3605 ,     q3 ,    4 ,     5230 ,     41884 ,    54288 ,    6752         ,
27 ,    3645 ,     q3 ,    4 ,     5328 ,     42359 ,    55608 ,    6879         ,
27 ,    3685 ,     q3 ,    4 ,     5412 ,     44617 ,    55212 ,    7097         ,
27 ,    3725 ,     q3 ,    4 ,     5356 ,     43667 ,    56949 ,    7275         ,
27 ,    3765 ,     q3 ,    4 ,     5660 ,     45710 ,    56616 ,    7158         ,
27 ,    3805 ,     q3 ,    4 ,     5806 ,     44967 ,    57957 ,    7346         ,
27 ,    3845 ,     q3 ,    4 ,     5368 ,     46279 ,    58008 ,    7274         ,
27 ,    3885 ,     q3 ,    4 ,     5288 ,     46365 ,    58785 ,    7241         ,
27 ,    3925 ,     q3 ,    4 ,     5570 ,     45936 ,    60117 ,    7541         ,
27 ,    3965 ,     q3 ,    4 ,     5764 ,     47109 ,    60897 ,    8104         ,
27 ,    4005 ,     q3 ,    4 ,     4820 ,     47417 ,    60600 ,    7427         ,
27 ,    4045 ,     q3 ,    4 ,     5546 ,     47517 ,    61410 ,    7669         ,
27 ,    4085 ,     q3 ,    4 ,     5784 ,     49062 ,    63105 ,    7905         ,
27 ,    4125 ,     q3 ,    4 ,     5438 ,     48212 ,    63282 ,    8046         ,
27 ,    4165 ,     q3 ,    4 ,     6460 ,     49503 ,    64269 ,    8760         ,
27 ,    4205 ,     q3 ,    4 ,     5598 ,     49725 ,    64350 ,    8077         ,
27 ,    4245 ,     q3 ,    4 ,     6356 ,     51395 ,    65691 ,    8087         ,
27 ,    4285 ,     q3 ,    4 ,     5800 ,     50079 ,    65892 ,    8286         ,
27 ,    4325 ,     q3 ,    4 ,     6858 ,     51966 ,    67380 ,    8692         ,
27 ,    4365 ,     q3 ,    4 ,     5820 ,     51641 ,    67155 ,    8290         ,
27 ,    4405 ,     q3 ,    4 ,     7086 ,     53561 ,    69000 ,    8529         ,
27 ,    4445 ,     q3 ,    4 ,     6514 ,     53955 ,    69075 ,    8539         ,
27 ,    4485 ,     q3 ,    4 ,     6750 ,     53999 ,    70149 ,    8643         ,
27 ,    4525 ,     q3 ,    4 ,     7436 ,     53975 ,    71589 ,    8854         ,
27 ,    4565 ,     q3 ,    4 ,     7358 ,     54822 ,    71625 ,    8865         ,
27 ,    4605 ,     q3 ,    4 ,     7118 ,     58339 ,    71652 ,    8819         ,
27 ,    4645 ,     q3 ,    4 ,     6922 ,     55213 ,    72546 ,    8931         ,
27 ,    4685 ,     q3 ,    4 ,     7230 ,     58550 ,    73299 ,    9087         ,
27 ,    4725 ,     q3 ,    4 ,     6314 ,     57315 ,    72960 ,    9042         ,
27 ,    4765 ,     q3 ,    4 ,     7136 ,     62260 ,    74577 ,    9189         ,
27 ,    4805 ,     q3 ,    4 ,     7766 ,     57114 ,    75738 ,    9309         ,
27 ,    4845 ,     q3 ,    4 ,     7502 ,     60190 ,    75513 ,    9334         ,
27 ,    4885 ,     q3 ,    4 ,     7664 ,     59462 ,    77292 ,    9547         ,
27 ,    4925 ,     q3 ,    4 ,     7866 ,     60049 ,    78231 ,    9612         ,
27 ,    4965 ,     q3 ,    4 ,     7834 ,     61542 ,    77697 ,    9839         ,


