SEED ,  SIZE ,  ALG ,  TYPE ,  CALLS ,  CMP ,     MOVE ,    TIME              ,
27 ,    5 ,     q3i ,    0 ,     4 ,     10 ,    14 ,    6         ,
27 ,    45 ,     q3i ,    0 ,     4 ,     351 ,    377 ,    58         ,
27 ,    85 ,     q3i ,    0 ,     7 ,     851 ,    884 ,    132         ,
27 ,    125 ,     q3i ,    0 ,     10 ,     1466 ,    1461 ,    207         ,
27 ,    165 ,     q3i ,    0 ,     13 ,     2131 ,    2121 ,    314         ,
27 ,    205 ,     q3i ,    0 ,     16 ,     2544 ,    2539 ,    376         ,
27 ,    245 ,     q3i ,    0 ,     25 ,     2912 ,    2840 ,    438         ,
27 ,    285 ,     q3i ,    0 ,     34 ,     3634 ,    3280 ,    511         ,
27 ,    325 ,     q3i ,    0 ,     34 ,     4234 ,    3977 ,    612         ,
27 ,    365 ,     q3i ,    0 ,     31 ,     4850 ,    4701 ,    712         ,
27 ,    405 ,     q3i ,    0 ,     43 ,     5096 ,    4833 ,    760         ,
27 ,    445 ,     q3i ,    0 ,     43 ,     6028 ,    5678 ,    873         ,
27 ,    485 ,     q3i ,    0 ,     46 ,     6943 ,    6498 ,    987         ,
27 ,    525 ,     q3i ,    0 ,     52 ,     6866 ,    6607 ,    1011         ,
27 ,    565 ,     q3i ,    0 ,     49 ,     7772 ,    7301 ,    1217         ,
27 ,    605 ,     q3i ,    0 ,     58 ,     8599 ,    8148 ,    1229         ,
27 ,    645 ,     q3i ,    0 ,     75 ,     9472 ,    8070 ,    3208         ,
27 ,    685 ,     q3i ,    0 ,     73 ,     9412 ,    8647 ,    1348         ,
27 ,    725 ,     q3i ,    0 ,     67 ,     11186 ,    10372 ,    1567         ,
27 ,    765 ,     q3i ,    0 ,     73 ,     11593 ,    10659 ,    1724         ,
27 ,    805 ,     q3i ,    0 ,     82 ,     11675 ,    10751 ,    1658         ,
27 ,    845 ,     q3i ,    0 ,     88 ,     12157 ,    11541 ,    1777         ,
27 ,    885 ,     q3i ,    0 ,     88 ,     12515 ,    11282 ,    1755         ,
27 ,    925 ,     q3i ,    0 ,     94 ,     13630 ,    12732 ,    2060         ,
27 ,    965 ,     q3i ,    0 ,     109 ,     14526 ,    12772 ,    2001         ,
27 ,    1005 ,     q3i ,    0 ,     97 ,     15650 ,    14039 ,    2177         ,
27 ,    1045 ,     q3i ,    0 ,     106 ,     16187 ,    14573 ,    2349         ,
27 ,    1085 ,     q3i ,    0 ,     97 ,     17084 ,    15209 ,    2342         ,
27 ,    1125 ,     q3i ,    0 ,     115 ,     17954 ,    15454 ,    2409         ,
27 ,    1165 ,     q3i ,    0 ,     106 ,     18129 ,    16525 ,    2551         ,
27 ,    1205 ,     q3i ,    0 ,     103 ,     19671 ,    17499 ,    2682         ,
27 ,    1245 ,     q3i ,    0 ,     127 ,     19151 ,    17239 ,    2676         ,
27 ,    1285 ,     q3i ,    0 ,     145 ,     19994 ,    17501 ,    2781         ,
27 ,    1325 ,     q3i ,    0 ,     136 ,     20839 ,    18541 ,    2967         ,
27 ,    1365 ,     q3i ,    0 ,     160 ,     20654 ,    18279 ,    2877         ,
27 ,    1405 ,     q3i ,    0 ,     132 ,     22271 ,    20375 ,    3145         ,
27 ,    1445 ,     q3i ,    0 ,     144 ,     22104 ,    20340 ,    3174         ,
27 ,    1485 ,     q3i ,    0 ,     145 ,     24463 ,    21537 ,    3338         ,
27 ,    1525 ,     q3i ,    0 ,     151 ,     23863 ,    21585 ,    3342         ,
27 ,    1565 ,     q3i ,    0 ,     151 ,     26545 ,    23007 ,    4088         ,
27 ,    1605 ,     q3i ,    0 ,     157 ,     26152 ,    22895 ,    3581         ,
27 ,    1645 ,     q3i ,    0 ,     166 ,     26237 ,    23478 ,    3740         ,
27 ,    1685 ,     q3i ,    0 ,     190 ,     26707 ,    23870 ,    4548         ,
27 ,    1725 ,     q3i ,    0 ,     175 ,     26876 ,    24429 ,    4162         ,
27 ,    1765 ,     q3i ,    0 ,     181 ,     27509 ,    25287 ,    3927         ,
27 ,    1805 ,     q3i ,    0 ,     199 ,     28892 ,    25386 ,    4102         ,
27 ,    1845 ,     q3i ,    0 ,     184 ,     30176 ,    26511 ,    4135         ,
27 ,    1885 ,     q3i ,    0 ,     190 ,     30906 ,    27662 ,    4333         ,
27 ,    1925 ,     q3i ,    0 ,     196 ,     32672 ,    28096 ,    4484         ,
27 ,    1965 ,     q3i ,    0 ,     214 ,     32583 ,    27741 ,    4335         ,
27 ,    2005 ,     q3i ,    0 ,     199 ,     33633 ,    29027 ,    4683         ,
27 ,    2045 ,     q3i ,    0 ,     210 ,     33659 ,    29487 ,    4621         ,
27 ,    2085 ,     q3i ,    0 ,     214 ,     36587 ,    30101 ,    4702         ,
27 ,    2125 ,     q3i ,    0 ,     223 ,     34250 ,    30247 ,    4764         ,
27 ,    2165 ,     q3i ,    0 ,     214 ,     35795 ,    31925 ,    5085         ,
27 ,    2205 ,     q3i ,    0 ,     220 ,     37838 ,    32218 ,    5147         ,
27 ,    2245 ,     q3i ,    0 ,     220 ,     37075 ,    33287 ,    5200         ,
27 ,    2285 ,     q3i ,    0 ,     237 ,     37573 ,    32793 ,    5254         ,
27 ,    2325 ,     q3i ,    0 ,     250 ,     39277 ,    32990 ,    5314         ,
27 ,    2365 ,     q3i ,    0 ,     232 ,     39689 ,    34909 ,    5445         ,
27 ,    2405 ,     q3i ,    0 ,     259 ,     40519 ,    33811 ,    5555         ,
27 ,    2445 ,     q3i ,    0 ,     247 ,     41457 ,    34958 ,    5653         ,
27 ,    2485 ,     q3i ,    0 ,     247 ,     41620 ,    37260 ,    5902         ,
27 ,    2525 ,     q3i ,    0 ,     271 ,     43819 ,    36250 ,    5780         ,
27 ,    2565 ,     q3i ,    0 ,     259 ,     44614 ,    37450 ,    5963         ,
27 ,    2605 ,     q3i ,    0 ,     259 ,     44132 ,    38986 ,    7284         ,
27 ,    2645 ,     q3i ,    0 ,     274 ,     45747 ,    37911 ,    6196         ,
27 ,    2685 ,     q3i ,    0 ,     268 ,     44468 ,    39298 ,    6314         ,
27 ,    2725 ,     q3i ,    0 ,     287 ,     45497 ,    39594 ,    6333         ,
27 ,    2765 ,     q3i ,    0 ,     298 ,     47698 ,    41594 ,    6651         ,
27 ,    2805 ,     q3i ,    0 ,     301 ,     48595 ,    41524 ,    6594         ,
27 ,    2845 ,     q3i ,    0 ,     283 ,     47672 ,    43007 ,    6813         ,
27 ,    2885 ,     q3i ,    0 ,     301 ,     49169 ,    42576 ,    6798         ,
27 ,    2925 ,     q3i ,    0 ,     300 ,     50679 ,    43639 ,    6985         ,
27 ,    2965 ,     q3i ,    0 ,     301 ,     49966 ,    44279 ,    7045         ,
27 ,    3005 ,     q3i ,    0 ,     295 ,     52470 ,    45507 ,    7224         ,
27 ,    3045 ,     q3i ,    0 ,     312 ,     51554 ,    45417 ,    7296         ,
27 ,    3085 ,     q3i ,    0 ,     295 ,     53322 ,    46488 ,    7409         ,
27 ,    3125 ,     q3i ,    0 ,     304 ,     57196 ,    47283 ,    7627         ,
27 ,    3165 ,     q3i ,    0 ,     311 ,     54835 ,    48615 ,    7706         ,
27 ,    3205 ,     q3i ,    0 ,     343 ,     55332 ,    47042 ,    9637         ,
27 ,    3245 ,     q3i ,    0 ,     325 ,     56698 ,    48549 ,    7805         ,
27 ,    3285 ,     q3i ,    0 ,     328 ,     56704 ,    49159 ,    7889         ,
27 ,    3325 ,     q3i ,    0 ,     340 ,     58182 ,    49286 ,    7878         ,
27 ,    3365 ,     q3i ,    0 ,     349 ,     60585 ,    50026 ,    8075         ,
27 ,    3405 ,     q3i ,    0 ,     328 ,     58490 ,    51210 ,    8214         ,
27 ,    3445 ,     q3i ,    0 ,     370 ,     59989 ,    50533 ,    8140         ,
27 ,    3485 ,     q3i ,    0 ,     357 ,     60879 ,    52341 ,    8283         ,
27 ,    3525 ,     q3i ,    0 ,     352 ,     62685 ,    53878 ,    8575         ,
27 ,    3565 ,     q3i ,    0 ,     363 ,     64883 ,    54180 ,    8736         ,
27 ,    3605 ,     q3i ,    0 ,     363 ,     61751 ,    55042 ,    9321         ,
27 ,    3645 ,     q3i ,    0 ,     370 ,     63869 ,    55527 ,    8903         ,
27 ,    3685 ,     q3i ,    0 ,     382 ,     63859 ,    55813 ,    9000         ,
27 ,    3725 ,     q3i ,    0 ,     400 ,     64829 ,    54011 ,    8749         ,
27 ,    3765 ,     q3i ,    0 ,     394 ,     66133 ,    55322 ,    9250         ,
27 ,    3805 ,     q3i ,    0 ,     391 ,     67439 ,    58002 ,    9341         ,
27 ,    3845 ,     q3i ,    0 ,     391 ,     66817 ,    57317 ,    9208         ,
27 ,    3885 ,     q3i ,    0 ,     406 ,     66122 ,    58579 ,    9399         ,
27 ,    3925 ,     q3i ,    0 ,     388 ,     69331 ,    59724 ,    9758         ,
27 ,    3965 ,     q3i ,    0 ,     423 ,     67499 ,    59174 ,    9444         ,
27 ,    4005 ,     q3i ,    0 ,     388 ,     70555 ,    62195 ,    9918         ,
27 ,    4045 ,     q3i ,    0 ,     378 ,     71671 ,    62145 ,    9925         ,
27 ,    4085 ,     q3i ,    0 ,     418 ,     71560 ,    62136 ,    10079         ,
27 ,    4125 ,     q3i ,    0 ,     430 ,     71248 ,    62520 ,    10114         ,
27 ,    4165 ,     q3i ,    0 ,     418 ,     72909 ,    62259 ,    9979         ,
27 ,    4205 ,     q3i ,    0 ,     421 ,     76523 ,    63509 ,    10520         ,
27 ,    4245 ,     q3i ,    0 ,     426 ,     77208 ,    64632 ,    10961         ,
27 ,    4285 ,     q3i ,    0 ,     435 ,     77170 ,    65140 ,    10495         ,
27 ,    4325 ,     q3i ,    0 ,     433 ,     83136 ,    64621 ,    10576         ,
27 ,    4365 ,     q3i ,    0 ,     435 ,     79567 ,    65769 ,    10818         ,
27 ,    4405 ,     q3i ,    0 ,     439 ,     78976 ,    68486 ,    10917         ,
27 ,    4445 ,     q3i ,    0 ,     466 ,     76985 ,    67988 ,    11051         ,
27 ,    4485 ,     q3i ,    0 ,     454 ,     78973 ,    69627 ,    11231         ,
27 ,    4525 ,     q3i ,    0 ,     451 ,     84057 ,    69888 ,    11614         ,
27 ,    4565 ,     q3i ,    0 ,     507 ,     78851 ,    67361 ,    10997         ,
27 ,    4605 ,     q3i ,    0 ,     454 ,     81730 ,    71964 ,    11636         ,
27 ,    4645 ,     q3i ,    0 ,     471 ,     82763 ,    72780 ,    11943         ,
27 ,    4685 ,     q3i ,    0 ,     502 ,     86505 ,    71107 ,    11627         ,
27 ,    4725 ,     q3i ,    0 ,     504 ,     86206 ,    72218 ,    13820         ,
27 ,    4765 ,     q3i ,    0 ,     496 ,     87628 ,    71739 ,    11692         ,
27 ,    4805 ,     q3i ,    0 ,     490 ,     86210 ,    74589 ,    14259         ,
27 ,    4845 ,     q3i ,    0 ,     490 ,     85674 ,    73641 ,    11924         ,
27 ,    4885 ,     q3i ,    0 ,     487 ,     86285 ,    75931 ,    12197         ,
27 ,    4925 ,     q3i ,    0 ,     520 ,     90016 ,    75323 ,    12194         ,
27 ,    4965 ,     q3i ,    0 ,     523 ,     88968 ,    76694 ,    12340         ,
27 ,    5 ,     q3i ,    1 ,     4 ,     8 ,    7 ,    5         ,
27 ,    45 ,     q3i ,    1 ,     4 ,     88 ,    87 ,    14         ,
27 ,    85 ,     q3i ,    1 ,     4 ,     168 ,    167 ,    24         ,
27 ,    125 ,     q3i ,    1 ,     10 ,     370 ,    245 ,    40         ,
27 ,    165 ,     q3i ,    1 ,     10 ,     490 ,    325 ,    52         ,
27 ,    205 ,     q3i ,    1 ,     10 ,     610 ,    405 ,    76         ,
27 ,    245 ,     q3i ,    1 ,     22 ,     968 ,    481 ,    87         ,
27 ,    285 ,     q3i ,    1 ,     22 ,     1128 ,    561 ,    98         ,
27 ,    325 ,     q3i ,    1 ,     22 ,     1288 ,    641 ,    111         ,
27 ,    365 ,     q3i ,    1 ,     22 ,     1448 ,    721 ,    125         ,
27 ,    405 ,     q3i ,    1 ,     22 ,     1608 ,    801 ,    139         ,
27 ,    445 ,     q3i ,    1 ,     46 ,     2198 ,    873 ,    168         ,
27 ,    485 ,     q3i ,    1 ,     46 ,     2398 ,    953 ,    183         ,
27 ,    525 ,     q3i ,    1 ,     46 ,     2598 ,    1033 ,    200         ,
27 ,    565 ,     q3i ,    1 ,     46 ,     2798 ,    1113 ,    212         ,
27 ,    605 ,     q3i ,    1 ,     46 ,     2998 ,    1193 ,    228         ,
27 ,    645 ,     q3i ,    1 ,     46 ,     3198 ,    1273 ,    241         ,
27 ,    685 ,     q3i ,    1 ,     46 ,     3398 ,    1353 ,    255         ,
27 ,    725 ,     q3i ,    1 ,     46 ,     3598 ,    1433 ,    271         ,
27 ,    765 ,     q3i ,    1 ,     46 ,     3798 ,    1513 ,    288         ,
27 ,    805 ,     q3i ,    1 ,     46 ,     3998 ,    1593 ,    299         ,
27 ,    845 ,     q3i ,    1 ,     88 ,     4912 ,    1659 ,    344         ,
27 ,    885 ,     q3i ,    1 ,     94 ,     5252 ,    1737 ,    361         ,
27 ,    925 ,     q3i ,    1 ,     94 ,     5492 ,    1817 ,    377         ,
27 ,    965 ,     q3i ,    1 ,     94 ,     5732 ,    1897 ,    396         ,
27 ,    1005 ,     q3i ,    1 ,     94 ,     5972 ,    1977 ,    409         ,
27 ,    1045 ,     q3i ,    1 ,     94 ,     6212 ,    2057 ,    428         ,
27 ,    1085 ,     q3i ,    1 ,     94 ,     6452 ,    2137 ,    441         ,
27 ,    1125 ,     q3i ,    1 ,     94 ,     6692 ,    2217 ,    460         ,
27 ,    1165 ,     q3i ,    1 ,     94 ,     6932 ,    2297 ,    769         ,
27 ,    1205 ,     q3i ,    1 ,     94 ,     7172 ,    2377 ,    490         ,
27 ,    1245 ,     q3i ,    1 ,     94 ,     7412 ,    2457 ,    505         ,
27 ,    1285 ,     q3i ,    1 ,     94 ,     7652 ,    2537 ,    525         ,
27 ,    1325 ,     q3i ,    1 ,     94 ,     7892 ,    2617 ,    534         ,
27 ,    1365 ,     q3i ,    1 ,     94 ,     8132 ,    2697 ,    555         ,
27 ,    1405 ,     q3i ,    1 ,     94 ,     8372 ,    2777 ,    568         ,
27 ,    1445 ,     q3i ,    1 ,     94 ,     8612 ,    2857 ,    585         ,
27 ,    1485 ,     q3i ,    1 ,     94 ,     8852 ,    2937 ,    604         ,
27 ,    1525 ,     q3i ,    1 ,     94 ,     9092 ,    3017 ,    846         ,
27 ,    1565 ,     q3i ,    1 ,     94 ,     9332 ,    3097 ,    630         ,
27 ,    1605 ,     q3i ,    1 ,     94 ,     9572 ,    3177 ,    648         ,
27 ,    1645 ,     q3i ,    1 ,     94 ,     9812 ,    3257 ,    4035         ,
27 ,    1685 ,     q3i ,    1 ,     160 ,     11174 ,    3315 ,    768         ,
27 ,    1725 ,     q3i ,    1 ,     190 ,     11954 ,    3385 ,    761         ,
27 ,    1765 ,     q3i ,    1 ,     190 ,     12234 ,    3465 ,    779         ,
27 ,    1805 ,     q3i ,    1 ,     190 ,     12514 ,    3545 ,    794         ,
27 ,    1845 ,     q3i ,    1 ,     190 ,     12794 ,    3625 ,    815         ,
27 ,    1885 ,     q3i ,    1 ,     190 ,     13074 ,    3705 ,    829         ,
27 ,    1925 ,     q3i ,    1 ,     190 ,     13354 ,    3785 ,    850         ,
27 ,    1965 ,     q3i ,    1 ,     190 ,     13634 ,    3865 ,    868         ,
27 ,    2005 ,     q3i ,    1 ,     190 ,     13914 ,    3945 ,    988         ,
27 ,    2045 ,     q3i ,    1 ,     190 ,     14194 ,    4025 ,    901         ,
27 ,    2085 ,     q3i ,    1 ,     190 ,     14474 ,    4105 ,    914         ,
27 ,    2125 ,     q3i ,    1 ,     190 ,     14754 ,    4185 ,    936         ,
27 ,    2165 ,     q3i ,    1 ,     190 ,     15034 ,    4265 ,    1067         ,
27 ,    2205 ,     q3i ,    1 ,     190 ,     15314 ,    4345 ,    969         ,
27 ,    2245 ,     q3i ,    1 ,     190 ,     15594 ,    4425 ,    983         ,
27 ,    2285 ,     q3i ,    1 ,     190 ,     15874 ,    4505 ,    1003         ,
27 ,    2325 ,     q3i ,    1 ,     190 ,     16154 ,    4585 ,    1030         ,
27 ,    2365 ,     q3i ,    1 ,     190 ,     16434 ,    4665 ,    1037         ,
27 ,    2405 ,     q3i ,    1 ,     190 ,     16714 ,    4745 ,    1055         ,
27 ,    2445 ,     q3i ,    1 ,     190 ,     16994 ,    4825 ,    1142         ,
27 ,    2485 ,     q3i ,    1 ,     190 ,     17274 ,    4905 ,    1090         ,
27 ,    2525 ,     q3i ,    1 ,     190 ,     17554 ,    4985 ,    1106         ,
27 ,    2565 ,     q3i ,    1 ,     190 ,     17834 ,    5065 ,    1230         ,
27 ,    2605 ,     q3i ,    1 ,     190 ,     18114 ,    5145 ,    1142         ,
27 ,    2645 ,     q3i ,    1 ,     190 ,     18394 ,    5225 ,    1159         ,
27 ,    2685 ,     q3i ,    1 ,     190 ,     18674 ,    5305 ,    1179         ,
27 ,    2725 ,     q3i ,    1 ,     190 ,     18954 ,    5385 ,    1199         ,
27 ,    2765 ,     q3i ,    1 ,     190 ,     19234 ,    5465 ,    1213         ,
27 ,    2805 ,     q3i ,    1 ,     190 ,     19514 ,    5545 ,    1234         ,
27 ,    2845 ,     q3i ,    1 ,     190 ,     19794 ,    5625 ,    1354         ,
27 ,    2885 ,     q3i ,    1 ,     190 ,     20074 ,    5705 ,    1263         ,
27 ,    2925 ,     q3i ,    1 ,     190 ,     20354 ,    5785 ,    1281         ,
27 ,    2965 ,     q3i ,    1 ,     190 ,     20634 ,    5865 ,    1299         ,
27 ,    3005 ,     q3i ,    1 ,     190 ,     20914 ,    5945 ,    2011         ,
27 ,    3045 ,     q3i ,    1 ,     190 ,     21194 ,    6025 ,    1335         ,
27 ,    3085 ,     q3i ,    1 ,     190 ,     21474 ,    6105 ,    1354         ,
27 ,    3125 ,     q3i ,    1 ,     190 ,     21754 ,    6185 ,    1481         ,
27 ,    3165 ,     q3i ,    1 ,     190 ,     22034 ,    6265 ,    1390         ,
27 ,    3205 ,     q3i ,    1 ,     190 ,     22314 ,    6345 ,    1402         ,
27 ,    3245 ,     q3i ,    1 ,     190 ,     22594 ,    6425 ,    1436         ,
27 ,    3285 ,     q3i ,    1 ,     190 ,     22874 ,    6505 ,    1438         ,
27 ,    3325 ,     q3i ,    1 ,     190 ,     23154 ,    6585 ,    1457         ,
27 ,    3365 ,     q3i ,    1 ,     304 ,     25372 ,    6627 ,    1542         ,
27 ,    3405 ,     q3i ,    1 ,     382 ,     26992 ,    6681 ,    1614         ,
27 ,    3445 ,     q3i ,    1 ,     382 ,     27312 ,    6761 ,    1740         ,
27 ,    3485 ,     q3i ,    1 ,     382 ,     27632 ,    6841 ,    1654         ,
27 ,    3525 ,     q3i ,    1 ,     382 ,     27952 ,    6921 ,    1666         ,
27 ,    3565 ,     q3i ,    1 ,     382 ,     28272 ,    7001 ,    1701         ,
27 ,    3605 ,     q3i ,    1 ,     382 ,     28592 ,    7081 ,    1710         ,
27 ,    3645 ,     q3i ,    1 ,     382 ,     28912 ,    7161 ,    1840         ,
27 ,    3685 ,     q3i ,    1 ,     382 ,     29232 ,    7241 ,    1750         ,
27 ,    3725 ,     q3i ,    1 ,     382 ,     29552 ,    7321 ,    1766         ,
27 ,    3765 ,     q3i ,    1 ,     382 ,     29872 ,    7401 ,    1794         ,
27 ,    3805 ,     q3i ,    1 ,     382 ,     30192 ,    7481 ,    1816         ,
27 ,    3845 ,     q3i ,    1 ,     382 ,     30512 ,    7561 ,    1834         ,
27 ,    3885 ,     q3i ,    1 ,     382 ,     30832 ,    7641 ,    1848         ,
27 ,    3925 ,     q3i ,    1 ,     382 ,     31152 ,    7721 ,    1979         ,
27 ,    3965 ,     q3i ,    1 ,     382 ,     31472 ,    7801 ,    1901         ,
27 ,    4005 ,     q3i ,    1 ,     382 ,     31792 ,    7881 ,    2085         ,
27 ,    4045 ,     q3i ,    1 ,     382 ,     32112 ,    7961 ,    1928         ,
27 ,    4085 ,     q3i ,    1 ,     382 ,     32432 ,    8041 ,    1943         ,
27 ,    4125 ,     q3i ,    1 ,     382 ,     32752 ,    8121 ,    1968         ,
27 ,    4165 ,     q3i ,    1 ,     382 ,     33072 ,    8201 ,    1982         ,
27 ,    4205 ,     q3i ,    1 ,     382 ,     33392 ,    8281 ,    1998         ,
27 ,    4245 ,     q3i ,    1 ,     382 ,     33712 ,    8361 ,    2019         ,
27 ,    4285 ,     q3i ,    1 ,     382 ,     34032 ,    8441 ,    2041         ,
27 ,    4325 ,     q3i ,    1 ,     382 ,     34352 ,    8521 ,    2072         ,
27 ,    4365 ,     q3i ,    1 ,     382 ,     34672 ,    8601 ,    2067         ,
27 ,    4405 ,     q3i ,    1 ,     382 ,     34992 ,    8681 ,    2209         ,
27 ,    4445 ,     q3i ,    1 ,     382 ,     35312 ,    8761 ,    2133         ,
27 ,    4485 ,     q3i ,    1 ,     382 ,     35632 ,    8841 ,    2193         ,
27 ,    4525 ,     q3i ,    1 ,     382 ,     35952 ,    8921 ,    2149         ,
27 ,    4565 ,     q3i ,    1 ,     382 ,     36272 ,    9001 ,    2176         ,
27 ,    4605 ,     q3i ,    1 ,     382 ,     36592 ,    9081 ,    2183         ,
27 ,    4645 ,     q3i ,    1 ,     382 ,     36912 ,    9161 ,    2302         ,
27 ,    4685 ,     q3i ,    1 ,     382 ,     37232 ,    9241 ,    2224         ,
27 ,    4725 ,     q3i ,    1 ,     382 ,     37552 ,    9321 ,    2569         ,
27 ,    4765 ,     q3i ,    1 ,     382 ,     37872 ,    9401 ,    2259         ,
27 ,    4805 ,     q3i ,    1 ,     382 ,     38192 ,    9481 ,    2308         ,
27 ,    4845 ,     q3i ,    1 ,     382 ,     38512 ,    9561 ,    2310         ,
27 ,    4885 ,     q3i ,    1 ,     382 ,     38832 ,    9641 ,    2332         ,
27 ,    4925 ,     q3i ,    1 ,     382 ,     39152 ,    9721 ,    2374         ,
27 ,    4965 ,     q3i ,    1 ,     382 ,     39472 ,    9801 ,    2366         ,
27 ,    5 ,     q3i ,    2 ,     4 ,     8 ,    13 ,    6         ,
27 ,    45 ,     q3i ,    2 ,     4 ,     88 ,    153 ,    18         ,
27 ,    85 ,     q3i ,    2 ,     4 ,     168 ,    293 ,    35         ,
27 ,    125 ,     q3i ,    2 ,     10 ,     370 ,    431 ,    53         ,
27 ,    165 ,     q3i ,    2 ,     10 ,     490 ,    571 ,    70         ,
27 ,    205 ,     q3i ,    2 ,     10 ,     610 ,    711 ,    86         ,
27 ,    245 ,     q3i ,    2 ,     22 ,     968 ,    847 ,    111         ,
27 ,    285 ,     q3i ,    2 ,     22 ,     1128 ,    987 ,    131         ,
27 ,    325 ,     q3i ,    2 ,     22 ,     1288 ,    1127 ,    147         ,
27 ,    365 ,     q3i ,    2 ,     22 ,     1448 ,    1267 ,    165         ,
27 ,    405 ,     q3i ,    2 ,     22 ,     1608 ,    1407 ,    184         ,
27 ,    445 ,     q3i ,    2 ,     46 ,     2198 ,    1539 ,    219         ,
27 ,    485 ,     q3i ,    2 ,     46 ,     2398 ,    1679 ,    239         ,
27 ,    525 ,     q3i ,    2 ,     46 ,     2598 ,    1819 ,    259         ,
27 ,    565 ,     q3i ,    2 ,     46 ,     2798 ,    1959 ,    275         ,
27 ,    605 ,     q3i ,    2 ,     46 ,     2998 ,    2099 ,    295         ,
27 ,    645 ,     q3i ,    2 ,     46 ,     3198 ,    2239 ,    316         ,
27 ,    685 ,     q3i ,    2 ,     46 ,     3398 ,    2379 ,    331         ,
27 ,    725 ,     q3i ,    2 ,     46 ,     3598 ,    2519 ,    353         ,
27 ,    765 ,     q3i ,    2 ,     46 ,     3798 ,    2659 ,    372         ,
27 ,    805 ,     q3i ,    2 ,     46 ,     3998 ,    2799 ,    391         ,
27 ,    845 ,     q3i ,    2 ,     88 ,     4912 ,    2925 ,    440         ,
27 ,    885 ,     q3i ,    2 ,     94 ,     5252 ,    3063 ,    460         ,
27 ,    925 ,     q3i ,    2 ,     94 ,     5492 ,    3203 ,    486         ,
27 ,    965 ,     q3i ,    2 ,     94 ,     5732 ,    3343 ,    503         ,
27 ,    1005 ,     q3i ,    2 ,     94 ,     5972 ,    3483 ,    524         ,
27 ,    1045 ,     q3i ,    2 ,     94 ,     6212 ,    3623 ,    547         ,
27 ,    1085 ,     q3i ,    2 ,     94 ,     6452 ,    3763 ,    564         ,
27 ,    1125 ,     q3i ,    2 ,     94 ,     6692 ,    3903 ,    587         ,
27 ,    1165 ,     q3i ,    2 ,     94 ,     6932 ,    4043 ,    603         ,
27 ,    1205 ,     q3i ,    2 ,     94 ,     7172 ,    4183 ,    628         ,
27 ,    1245 ,     q3i ,    2 ,     94 ,     7412 ,    4323 ,    646         ,
27 ,    1285 ,     q3i ,    2 ,     94 ,     7652 ,    4463 ,    669         ,
27 ,    1325 ,     q3i ,    2 ,     94 ,     7892 ,    4603 ,    689         ,
27 ,    1365 ,     q3i ,    2 ,     94 ,     8132 ,    4743 ,    709         ,
27 ,    1405 ,     q3i ,    2 ,     94 ,     8372 ,    4883 ,    729         ,
27 ,    1445 ,     q3i ,    2 ,     94 ,     8612 ,    5023 ,    747         ,
27 ,    1485 ,     q3i ,    2 ,     94 ,     8852 ,    5163 ,    770         ,
27 ,    1525 ,     q3i ,    2 ,     94 ,     9092 ,    5303 ,    792         ,
27 ,    1565 ,     q3i ,    2 ,     94 ,     9332 ,    5443 ,    810         ,
27 ,    1605 ,     q3i ,    2 ,     94 ,     9572 ,    5583 ,    829         ,
27 ,    1645 ,     q3i ,    2 ,     94 ,     9812 ,    5723 ,    850         ,
27 ,    1685 ,     q3i ,    2 ,     160 ,     11174 ,    5841 ,    966         ,
27 ,    1725 ,     q3i ,    2 ,     190 ,     11954 ,    5971 ,    1064         ,
27 ,    1765 ,     q3i ,    2 ,     190 ,     12234 ,    6111 ,    976         ,
27 ,    1805 ,     q3i ,    2 ,     190 ,     12514 ,    6251 ,    999         ,
27 ,    1845 ,     q3i ,    2 ,     190 ,     12794 ,    6391 ,    1019         ,
27 ,    1885 ,     q3i ,    2 ,     190 ,     13074 ,    6531 ,    1045         ,
27 ,    1925 ,     q3i ,    2 ,     190 ,     13354 ,    6671 ,    1065         ,
27 ,    1965 ,     q3i ,    2 ,     190 ,     13634 ,    6811 ,    1089         ,
27 ,    2005 ,     q3i ,    2 ,     190 ,     13914 ,    6951 ,    1216         ,
27 ,    2045 ,     q3i ,    2 ,     190 ,     14194 ,    7091 ,    1131         ,
27 ,    2085 ,     q3i ,    2 ,     190 ,     14474 ,    7231 ,    1150         ,
27 ,    2125 ,     q3i ,    2 ,     190 ,     14754 ,    7371 ,    1175         ,
27 ,    2165 ,     q3i ,    2 ,     190 ,     15034 ,    7511 ,    1203         ,
27 ,    2205 ,     q3i ,    2 ,     190 ,     15314 ,    7651 ,    1220         ,
27 ,    2245 ,     q3i ,    2 ,     190 ,     15594 ,    7791 ,    1246         ,
27 ,    2285 ,     q3i ,    2 ,     190 ,     15874 ,    7931 ,    1372         ,
27 ,    2325 ,     q3i ,    2 ,     190 ,     16154 ,    8071 ,    1282         ,
27 ,    2365 ,     q3i ,    2 ,     190 ,     16434 ,    8211 ,    1307         ,
27 ,    2405 ,     q3i ,    2 ,     190 ,     16714 ,    8351 ,    1328         ,
27 ,    2445 ,     q3i ,    2 ,     190 ,     16994 ,    8491 ,    1387         ,
27 ,    2485 ,     q3i ,    2 ,     190 ,     17274 ,    8631 ,    1374         ,
27 ,    2525 ,     q3i ,    2 ,     190 ,     17554 ,    8771 ,    1398         ,
27 ,    2565 ,     q3i ,    2 ,     190 ,     17834 ,    8911 ,    1413         ,
27 ,    2605 ,     q3i ,    2 ,     190 ,     18114 ,    9051 ,    1463         ,
27 ,    2645 ,     q3i ,    2 ,     190 ,     18394 ,    9191 ,    1460         ,
27 ,    2685 ,     q3i ,    2 ,     190 ,     18674 ,    9331 ,    1483         ,
27 ,    2725 ,     q3i ,    2 ,     190 ,     18954 ,    9471 ,    1509         ,
27 ,    2765 ,     q3i ,    2 ,     190 ,     19234 ,    9611 ,    1526         ,
27 ,    2805 ,     q3i ,    2 ,     190 ,     19514 ,    9751 ,    1549         ,
27 ,    2845 ,     q3i ,    2 ,     190 ,     19794 ,    9891 ,    1573         ,
27 ,    2885 ,     q3i ,    2 ,     190 ,     20074 ,    10031 ,    1590         ,
27 ,    2925 ,     q3i ,    2 ,     190 ,     20354 ,    10171 ,    1720         ,
27 ,    2965 ,     q3i ,    2 ,     190 ,     20634 ,    10311 ,    1637         ,
27 ,    3005 ,     q3i ,    2 ,     190 ,     20914 ,    10451 ,    1657         ,
27 ,    3045 ,     q3i ,    2 ,     190 ,     21194 ,    10591 ,    1824         ,
27 ,    3085 ,     q3i ,    2 ,     190 ,     21474 ,    10731 ,    1705         ,
27 ,    3125 ,     q3i ,    2 ,     190 ,     21754 ,    10871 ,    1726         ,
27 ,    3165 ,     q3i ,    2 ,     190 ,     22034 ,    11011 ,    1747         ,
27 ,    3205 ,     q3i ,    2 ,     190 ,     22314 ,    11151 ,    1770         ,
27 ,    3245 ,     q3i ,    2 ,     190 ,     22594 ,    11291 ,    1904         ,
27 ,    3285 ,     q3i ,    2 ,     190 ,     22874 ,    11431 ,    1812         ,
27 ,    3325 ,     q3i ,    2 ,     190 ,     23154 ,    11571 ,    1942         ,
27 ,    3365 ,     q3i ,    2 ,     304 ,     25372 ,    11673 ,    1929         ,
27 ,    3405 ,     q3i ,    2 ,     382 ,     26992 ,    11787 ,    2001         ,
27 ,    3445 ,     q3i ,    2 ,     382 ,     27312 ,    11927 ,    2044         ,
27 ,    3485 ,     q3i ,    2 ,     382 ,     27632 ,    12067 ,    2727         ,
27 ,    3525 ,     q3i ,    2 ,     382 ,     27952 ,    12207 ,    2074         ,
27 ,    3565 ,     q3i ,    2 ,     382 ,     28272 ,    12347 ,    2197         ,
27 ,    3605 ,     q3i ,    2 ,     382 ,     28592 ,    12487 ,    2127         ,
27 ,    3645 ,     q3i ,    2 ,     382 ,     28912 ,    12627 ,    2142         ,
27 ,    3685 ,     q3i ,    2 ,     382 ,     29232 ,    12767 ,    2332         ,
27 ,    3725 ,     q3i ,    2 ,     382 ,     29552 ,    12907 ,    2299         ,
27 ,    3765 ,     q3i ,    2 ,     382 ,     29872 ,    13047 ,    2220         ,
27 ,    3805 ,     q3i ,    2 ,     382 ,     30192 ,    13187 ,    2352         ,
27 ,    3845 ,     q3i ,    2 ,     382 ,     30512 ,    13327 ,    2276         ,
27 ,    3885 ,     q3i ,    2 ,     382 ,     30832 ,    13467 ,    2423         ,
27 ,    3925 ,     q3i ,    2 ,     382 ,     31152 ,    13607 ,    2319         ,
27 ,    3965 ,     q3i ,    2 ,     382 ,     31472 ,    13747 ,    2341         ,
27 ,    4005 ,     q3i ,    2 ,     382 ,     31792 ,    13887 ,    2355         ,
27 ,    4045 ,     q3i ,    2 ,     382 ,     32112 ,    14027 ,    2719         ,
27 ,    4085 ,     q3i ,    2 ,     382 ,     32432 ,    14167 ,    2414         ,
27 ,    4125 ,     q3i ,    2 ,     382 ,     32752 ,    14307 ,    2532         ,
27 ,    4165 ,     q3i ,    2 ,     382 ,     33072 ,    14447 ,    2455         ,
27 ,    4205 ,     q3i ,    2 ,     382 ,     33392 ,    14587 ,    2590         ,
27 ,    4245 ,     q3i ,    2 ,     382 ,     33712 ,    14727 ,    2504         ,
27 ,    4285 ,     q3i ,    2 ,     382 ,     34032 ,    14867 ,    2630         ,
27 ,    4325 ,     q3i ,    2 ,     382 ,     34352 ,    15007 ,    2821         ,
27 ,    4365 ,     q3i ,    2 ,     382 ,     34672 ,    15147 ,    2575         ,
27 ,    4405 ,     q3i ,    2 ,     382 ,     34992 ,    15287 ,    2710         ,
27 ,    4445 ,     q3i ,    2 ,     382 ,     35312 ,    15427 ,    2616         ,
27 ,    4485 ,     q3i ,    2 ,     382 ,     35632 ,    15567 ,    2749         ,
27 ,    4525 ,     q3i ,    2 ,     382 ,     35952 ,    15707 ,    2676         ,
27 ,    4565 ,     q3i ,    2 ,     382 ,     36272 ,    15847 ,    2701         ,
27 ,    4605 ,     q3i ,    2 ,     382 ,     36592 ,    15987 ,    2713         ,
27 ,    4645 ,     q3i ,    2 ,     382 ,     36912 ,    16127 ,    2736         ,
27 ,    4685 ,     q3i ,    2 ,     382 ,     37232 ,    16267 ,    2865         ,
27 ,    4725 ,     q3i ,    2 ,     382 ,     37552 ,    16407 ,    2777         ,
27 ,    4765 ,     q3i ,    2 ,     382 ,     37872 ,    16547 ,    2920         ,
27 ,    4805 ,     q3i ,    2 ,     382 ,     38192 ,    16687 ,    2832         ,
27 ,    4845 ,     q3i ,    2 ,     382 ,     38512 ,    16827 ,    2858         ,
27 ,    4885 ,     q3i ,    2 ,     382 ,     38832 ,    16967 ,    2881         ,
27 ,    4925 ,     q3i ,    2 ,     382 ,     39152 ,    17107 ,    2901         ,
27 ,    4965 ,     q3i ,    2 ,     382 ,     39472 ,    17247 ,    3021         ,
27 ,    5 ,     q3i ,    3 ,     3 ,     13 ,    12 ,    6         ,
27 ,    45 ,     q3i ,    3 ,     4 ,     136 ,    188 ,    32         ,
27 ,    85 ,     q3i ,    3 ,     7 ,     295 ,    342 ,    55         ,
27 ,    125 ,     q3i ,    3 ,     13 ,     470 ,    514 ,    76         ,
27 ,    165 ,     q3i ,    3 ,     13 ,     663 ,    911 ,    124         ,
27 ,    205 ,     q3i ,    3 ,     19 ,     995 ,    1243 ,    165         ,
27 ,    245 ,     q3i ,    3 ,     19 ,     1070 ,    1415 ,    185         ,
27 ,    285 ,     q3i ,    3 ,     19 ,     1268 ,    1716 ,    411         ,
27 ,    325 ,     q3i ,    3 ,     28 ,     1488 ,    2059 ,    259         ,
27 ,    365 ,     q3i ,    3 ,     34 ,     1891 ,    2550 ,    321         ,
27 ,    405 ,     q3i ,    3 ,     34 ,     2068 ,    2811 ,    355         ,
27 ,    445 ,     q3i ,    3 ,     37 ,     2307 ,    3106 ,    387         ,
27 ,    485 ,     q3i ,    3 ,     37 ,     2495 ,    3454 ,    421         ,
27 ,    525 ,     q3i ,    3 ,     40 ,     2963 ,    3856 ,    476         ,
27 ,    565 ,     q3i ,    3 ,     43 ,     2946 ,    4076 ,    497         ,
27 ,    605 ,     q3i ,    3 ,     55 ,     3351 ,    4647 ,    566         ,
27 ,    645 ,     q3i ,    3 ,     55 ,     3560 ,    4922 ,    697         ,
27 ,    685 ,     q3i ,    3 ,     55 ,     3730 ,    5235 ,    635         ,
27 ,    725 ,     q3i ,    3 ,     55 ,     3969 ,    5547 ,    668         ,
27 ,    765 ,     q3i ,    3 ,     73 ,     4654 ,    6457 ,    775         ,
27 ,    805 ,     q3i ,    3 ,     67 ,     4739 ,    6604 ,    783         ,
27 ,    845 ,     q3i ,    3 ,     82 ,     5240 ,    7161 ,    950         ,
27 ,    885 ,     q3i ,    3 ,     82 ,     5582 ,    7577 ,    903         ,
27 ,    925 ,     q3i ,    3 ,     85 ,     5682 ,    7797 ,    915         ,
27 ,    965 ,     q3i ,    3 ,     79 ,     5688 ,    7869 ,    937         ,
27 ,    1005 ,     q3i ,    3 ,     79 ,     5954 ,    8278 ,    986         ,
27 ,    1045 ,     q3i ,    3 ,     82 ,     6270 ,    8806 ,    1041         ,
27 ,    1085 ,     q3i ,    3 ,     85 ,     6584 ,    9221 ,    1098         ,
27 ,    1125 ,     q3i ,    3 ,     85 ,     6928 ,    9549 ,    1123         ,
27 ,    1165 ,     q3i ,    3 ,     85 ,     7060 ,    9917 ,    1168         ,
27 ,    1205 ,     q3i ,    3 ,     85 ,     7423 ,    10306 ,    1318         ,
27 ,    1245 ,     q3i ,    3 ,     109 ,     7973 ,    11280 ,    1320         ,
27 ,    1285 ,     q3i ,    3 ,     103 ,     8084 ,    11240 ,    1305         ,
27 ,    1325 ,     q3i ,    3 ,     109 ,     8772 ,    11888 ,    1397         ,
27 ,    1365 ,     q3i ,    3 ,     115 ,     8729 ,    12312 ,    1538         ,
27 ,    1405 ,     q3i ,    3 ,     115 ,     9024 ,    12680 ,    1469         ,
27 ,    1445 ,     q3i ,    3 ,     115 ,     9432 ,    12938 ,    1510         ,
27 ,    1485 ,     q3i ,    3 ,     109 ,     9780 ,    13174 ,    1531         ,
27 ,    1525 ,     q3i ,    3 ,     148 ,     10388 ,    14735 ,    1808         ,
27 ,    1565 ,     q3i ,    3 ,     139 ,     10537 ,    14876 ,    1723         ,
27 ,    1605 ,     q3i ,    3 ,     151 ,     10967 ,    15541 ,    1796         ,
27 ,    1645 ,     q3i ,    3 ,     151 ,     11269 ,    15943 ,    1841         ,
27 ,    1685 ,     q3i ,    3 ,     151 ,     11617 ,    16376 ,    1936         ,
27 ,    1725 ,     q3i ,    3 ,     151 ,     11779 ,    16732 ,    2038         ,
27 ,    1765 ,     q3i ,    3 ,     172 ,     13094 ,    17344 ,    2002         ,
27 ,    1805 ,     q3i ,    3 ,     157 ,     12437 ,    17588 ,    2027         ,
27 ,    1845 ,     q3i ,    3 ,     169 ,     13131 ,    18212 ,    2188         ,
27 ,    1885 ,     q3i ,    3 ,     151 ,     12840 ,    18222 ,    2201         ,
27 ,    1925 ,     q3i ,    3 ,     169 ,     13541 ,    19140 ,    2205         ,
27 ,    1965 ,     q3i ,    3 ,     172 ,     13824 ,    19567 ,    2257         ,
27 ,    2005 ,     q3i ,    3 ,     172 ,     14561 ,    19818 ,    2263         ,
27 ,    2045 ,     q3i ,    3 ,     169 ,     14543 ,    20313 ,    2316         ,
27 ,    2085 ,     q3i ,    3 ,     151 ,     14308 ,    20355 ,    2331         ,
27 ,    2125 ,     q3i ,    3 ,     169 ,     15236 ,    21144 ,    2424         ,
27 ,    2165 ,     q3i ,    3 ,     169 ,     15294 ,    21615 ,    2492         ,
27 ,    2205 ,     q3i ,    3 ,     172 ,     15456 ,    21728 ,    2626         ,
27 ,    2245 ,     q3i ,    3 ,     172 ,     15850 ,    22363 ,    3383         ,
27 ,    2285 ,     q3i ,    3 ,     172 ,     16002 ,    22643 ,    2704         ,
27 ,    2325 ,     q3i ,    3 ,     181 ,     16558 ,    23210 ,    2750         ,
27 ,    2365 ,     q3i ,    3 ,     181 ,     16855 ,    23538 ,    2700         ,
27 ,    2405 ,     q3i ,    3 ,     169 ,     16899 ,    23987 ,    2755         ,
27 ,    2445 ,     q3i ,    3 ,     169 ,     17151 ,    24402 ,    2829         ,
27 ,    2485 ,     q3i ,    3 ,     220 ,     18722 ,    26052 ,    2962         ,
27 ,    2525 ,     q3i ,    3 ,     172 ,     18319 ,    24929 ,    2843         ,
27 ,    2565 ,     q3i ,    3 ,     223 ,     18866 ,    26697 ,    3149         ,
27 ,    2605 ,     q3i ,    3 ,     223 ,     19114 ,    27162 ,    3189         ,
27 ,    2645 ,     q3i ,    3 ,     229 ,     19635 ,    27749 ,    3274         ,
27 ,    2685 ,     q3i ,    3 ,     229 ,     20176 ,    27984 ,    3285         ,
27 ,    2725 ,     q3i ,    3 ,     226 ,     20483 ,    28660 ,    3280         ,
27 ,    2765 ,     q3i ,    3 ,     232 ,     20313 ,    28923 ,    3298         ,
27 ,    2805 ,     q3i ,    3 ,     229 ,     20844 ,    29355 ,    3449         ,
27 ,    2845 ,     q3i ,    3 ,     223 ,     20912 ,    29694 ,    3398         ,
27 ,    2885 ,     q3i ,    3 ,     229 ,     21312 ,    30334 ,    3470         ,
27 ,    2925 ,     q3i ,    3 ,     277 ,     22491 ,    31985 ,    3748         ,
27 ,    2965 ,     q3i ,    3 ,     223 ,     22206 ,    30916 ,    3520         ,
27 ,    3005 ,     q3i ,    3 ,     220 ,     22700 ,    31576 ,    3676         ,
27 ,    3045 ,     q3i ,    3 ,     280 ,     23324 ,    33300 ,    3783         ,
27 ,    3085 ,     q3i ,    3 ,     220 ,     22993 ,    32002 ,    3728         ,
27 ,    3125 ,     q3i ,    3 ,     277 ,     24004 ,    34042 ,    3876         ,
27 ,    3165 ,     q3i ,    3 ,     220 ,     23840 ,    33188 ,    3829         ,
27 ,    3205 ,     q3i ,    3 ,     277 ,     24674 ,    35008 ,    3999         ,
27 ,    3245 ,     q3i ,    3 ,     280 ,     24846 ,    35397 ,    4027         ,
27 ,    3285 ,     q3i ,    3 ,     331 ,     26555 ,    37130 ,    4284         ,
27 ,    3325 ,     q3i ,    3 ,     313 ,     26180 ,    37161 ,    4210         ,
27 ,    3365 ,     q3i ,    3 ,     277 ,     25953 ,    36799 ,    4283         ,
27 ,    3405 ,     q3i ,    3 ,     304 ,     27072 ,    37882 ,    4295         ,
27 ,    3445 ,     q3i ,    3 ,     301 ,     27063 ,    38493 ,    4448         ,
27 ,    3485 ,     q3i ,    3 ,     304 ,     27192 ,    38893 ,    4394         ,
27 ,    3525 ,     q3i ,    3 ,     307 ,     27741 ,    39478 ,    4457         ,
27 ,    3565 ,     q3i ,    3 ,     304 ,     27940 ,    39815 ,    4528         ,
27 ,    3605 ,     q3i ,    3 ,     301 ,     28121 ,    40157 ,    4874         ,
27 ,    3645 ,     q3i ,    3 ,     301 ,     28569 ,    40484 ,    4591         ,
27 ,    3685 ,     q3i ,    3 ,     328 ,     29203 ,    41480 ,    4695         ,
27 ,    3725 ,     q3i ,    3 ,     307 ,     29095 ,    41473 ,    4794         ,
27 ,    3765 ,     q3i ,    3 ,     331 ,     30447 ,    42665 ,    4997         ,
27 ,    3805 ,     q3i ,    3 ,     334 ,     30688 ,    43006 ,    4966         ,
27 ,    3845 ,     q3i ,    3 ,     343 ,     30581 ,    43662 ,    4932         ,
27 ,    3885 ,     q3i ,    3 ,     340 ,     31017 ,    44242 ,    4970         ,
27 ,    3925 ,     q3i ,    3 ,     337 ,     31397 ,    44501 ,    5137         ,
27 ,    3965 ,     q3i ,    3 ,     316 ,     31385 ,    44386 ,    5138         ,
27 ,    4005 ,     q3i ,    3 ,     337 ,     31931 ,    45618 ,    5379         ,
27 ,    4045 ,     q3i ,    3 ,     346 ,     32318 ,    46007 ,    5295         ,
27 ,    4085 ,     q3i ,    3 ,     304 ,     32089 ,    45874 ,    5279         ,
27 ,    4125 ,     q3i ,    3 ,     304 ,     32407 ,    46125 ,    5331         ,
27 ,    4165 ,     q3i ,    3 ,     346 ,     33194 ,    47267 ,    5345         ,
27 ,    4205 ,     q3i ,    3 ,     346 ,     33571 ,    47919 ,    5389         ,
27 ,    4245 ,     q3i ,    3 ,     340 ,     33792 ,    48324 ,    5554         ,
27 ,    4285 ,     q3i ,    3 ,     337 ,     34762 ,    48782 ,    5773         ,
27 ,    4325 ,     q3i ,    3 ,     340 ,     34396 ,    49154 ,    5655         ,
27 ,    4365 ,     q3i ,    3 ,     340 ,     34694 ,    49680 ,    5609         ,
27 ,    4405 ,     q3i ,    3 ,     346 ,     35095 ,    50158 ,    5651         ,
27 ,    4445 ,     q3i ,    3 ,     343 ,     36097 ,    50417 ,    5677         ,
27 ,    4485 ,     q3i ,    3 ,     340 ,     36219 ,    50841 ,    5834         ,
27 ,    4525 ,     q3i ,    3 ,     337 ,     36647 ,    51505 ,    5784         ,
27 ,    4565 ,     q3i ,    3 ,     349 ,     36501 ,    52168 ,    6012         ,
27 ,    4605 ,     q3i ,    3 ,     343 ,     37191 ,    52176 ,    6046         ,
27 ,    4645 ,     q3i ,    3 ,     343 ,     37723 ,    52790 ,    6035         ,
27 ,    4685 ,     q3i ,    3 ,     349 ,     37605 ,    53642 ,    6171         ,
27 ,    4725 ,     q3i ,    3 ,     346 ,     38330 ,    53790 ,    6145         ,
27 ,    4765 ,     q3i ,    3 ,     343 ,     38551 ,    54174 ,    6159         ,
27 ,    4805 ,     q3i ,    3 ,     349 ,     38611 ,    55013 ,    6211         ,
27 ,    4845 ,     q3i ,    3 ,     346 ,     38795 ,    55293 ,    6198         ,
27 ,    4885 ,     q3i ,    3 ,     349 ,     39143 ,    55793 ,    6640         ,
27 ,    4925 ,     q3i ,    3 ,     349 ,     39422 ,    56349 ,    6445         ,
27 ,    4965 ,     q3i ,    3 ,     349 ,     39828 ,    56902 ,    6574         ,
27 ,    5 ,     q3i ,    4 ,     4 ,     10 ,    14 ,    6         ,
27 ,    45 ,     q3i ,    4 ,     4 ,     318 ,    350 ,    63         ,
27 ,    85 ,     q3i ,    4 ,     7 ,     635 ,    701 ,    118         ,
27 ,    125 ,     q3i ,    4 ,     13 ,     764 ,    860 ,    153         ,
27 ,    165 ,     q3i ,    4 ,     16 ,     1059 ,    1111 ,    199         ,
27 ,    205 ,     q3i ,    4 ,     16 ,     1464 ,    1587 ,    277         ,
27 ,    245 ,     q3i ,    4 ,     19 ,     1652 ,    1724 ,    391         ,
27 ,    285 ,     q3i ,    4 ,     19 ,     2206 ,    2315 ,    343         ,
27 ,    325 ,     q3i ,    4 ,     25 ,     2117 ,    2335 ,    350         ,
27 ,    365 ,     q3i ,    4 ,     34 ,     2169 ,    2381 ,    345         ,
27 ,    405 ,     q3i ,    4 ,     34 ,     2533 ,    2936 ,    428         ,
27 ,    445 ,     q3i ,    4 ,     37 ,     3142 ,    3233 ,    467         ,
27 ,    485 ,     q3i ,    4 ,     40 ,     3071 ,    3472 ,    507         ,
27 ,    525 ,     q3i ,    4 ,     49 ,     3312 ,    3749 ,    535         ,
27 ,    565 ,     q3i ,    4 ,     46 ,     3708 ,    3971 ,    577         ,
27 ,    605 ,     q3i ,    4 ,     49 ,     3827 ,    4579 ,    647         ,
27 ,    645 ,     q3i ,    4 ,     55 ,     3965 ,    4554 ,    643         ,
27 ,    685 ,     q3i ,    4 ,     58 ,     4685 ,    5237 ,    741         ,
27 ,    725 ,     q3i ,    4 ,     58 ,     4430 ,    5233 ,    735         ,
27 ,    765 ,     q3i ,    4 ,     67 ,     4938 ,    5695 ,    789         ,
27 ,    805 ,     q3i ,    4 ,     70 ,     5291 ,    6094 ,    850         ,
27 ,    845 ,     q3i ,    4 ,     70 ,     5620 ,    6322 ,    868         ,
27 ,    885 ,     q3i ,    4 ,     79 ,     5816 ,    6943 ,    1058         ,
27 ,    925 ,     q3i ,    4 ,     88 ,     6139 ,    7569 ,    1028         ,
27 ,    965 ,     q3i ,    4 ,     79 ,     6265 ,    7260 ,    1110         ,
27 ,    1005 ,     q3i ,    4 ,     88 ,     6837 ,    8195 ,    1113         ,
27 ,    1045 ,     q3i ,    4 ,     94 ,     7182 ,    8524 ,    1167         ,
27 ,    1085 ,     q3i ,    4 ,     94 ,     7388 ,    8939 ,    1210         ,
27 ,    1125 ,     q3i ,    4 ,     94 ,     7988 ,    8860 ,    1212         ,
27 ,    1165 ,     q3i ,    4 ,     94 ,     8081 ,    9884 ,    1429         ,
27 ,    1205 ,     q3i ,    4 ,     100 ,     8698 ,    9924 ,    1336         ,
27 ,    1245 ,     q3i ,    4 ,     112 ,     9031 ,    10878 ,    1452         ,
27 ,    1285 ,     q3i ,    4 ,     103 ,     9610 ,    9957 ,    1343         ,
27 ,    1325 ,     q3i ,    4 ,     106 ,     8959 ,    11098 ,    1483         ,
27 ,    1365 ,     q3i ,    4 ,     106 ,     9504 ,    11411 ,    1533         ,
27 ,    1405 ,     q3i ,    4 ,     121 ,     9795 ,    11966 ,    1619         ,
27 ,    1445 ,     q3i ,    4 ,     121 ,     10121 ,    12287 ,    1631         ,
27 ,    1485 ,     q3i ,    4 ,     115 ,     9981 ,    12328 ,    1636         ,
27 ,    1525 ,     q3i ,    4 ,     118 ,     11048 ,    13003 ,    1723         ,
27 ,    1565 ,     q3i ,    4 ,     133 ,     11498 ,    13636 ,    1820         ,
27 ,    1605 ,     q3i ,    4 ,     127 ,     11258 ,    13967 ,    1954         ,
27 ,    1645 ,     q3i ,    4 ,     136 ,     12456 ,    13993 ,    1856         ,
27 ,    1685 ,     q3i ,    4 ,     136 ,     11829 ,    14753 ,    1976         ,
27 ,    1725 ,     q3i ,    4 ,     145 ,     13155 ,    15104 ,    1977         ,
27 ,    1765 ,     q3i ,    4 ,     142 ,     12472 ,    15412 ,    2016         ,
27 ,    1805 ,     q3i ,    4 ,     157 ,     13632 ,    16213 ,    2104         ,
27 ,    1845 ,     q3i ,    4 ,     151 ,     13561 ,    16587 ,    2262         ,
27 ,    1885 ,     q3i ,    4 ,     151 ,     13565 ,    17009 ,    2201         ,
27 ,    1925 ,     q3i ,    4 ,     172 ,     14076 ,    17604 ,    2360         ,
27 ,    1965 ,     q3i ,    4 ,     169 ,     14494 ,    17691 ,    2463         ,
27 ,    2005 ,     q3i ,    4 ,     160 ,     14644 ,    17967 ,    2448         ,
27 ,    2045 ,     q3i ,    4 ,     175 ,     15622 ,    18910 ,    2567         ,
27 ,    2085 ,     q3i ,    4 ,     181 ,     15107 ,    19028 ,    2559         ,
27 ,    2125 ,     q3i ,    4 ,     187 ,     15923 ,    19590 ,    2649         ,
27 ,    2165 ,     q3i ,    4 ,     196 ,     16135 ,    20292 ,    2724         ,
27 ,    2205 ,     q3i ,    4 ,     187 ,     16674 ,    20346 ,    2747         ,
27 ,    2245 ,     q3i ,    4 ,     196 ,     17256 ,    21069 ,    2728         ,
27 ,    2285 ,     q3i ,    4 ,     184 ,     17507 ,    20999 ,    2742         ,
27 ,    2325 ,     q3i ,    4 ,     196 ,     17290 ,    21781 ,    2782         ,
27 ,    2365 ,     q3i ,    4 ,     196 ,     18306 ,    22276 ,    2881         ,
27 ,    2405 ,     q3i ,    4 ,     196 ,     19140 ,    22152 ,    2848         ,
27 ,    2445 ,     q3i ,    4 ,     208 ,     18725 ,    23216 ,    3116         ,
27 ,    2485 ,     q3i ,    4 ,     199 ,     18656 ,    23113 ,    3370         ,
27 ,    2525 ,     q3i ,    4 ,     202 ,     19048 ,    23986 ,    3074         ,
27 ,    2565 ,     q3i ,    4 ,     217 ,     20309 ,    24023 ,    3104         ,
27 ,    2605 ,     q3i ,    4 ,     217 ,     20995 ,    25082 ,    3216         ,
27 ,    2645 ,     q3i ,    4 ,     205 ,     19851 ,    25167 ,    3342         ,
27 ,    2685 ,     q3i ,    4 ,     217 ,     20022 ,    25627 ,    3275         ,
27 ,    2725 ,     q3i ,    4 ,     214 ,     21755 ,    25990 ,    3343         ,
27 ,    2765 ,     q3i ,    4 ,     220 ,     21712 ,    26372 ,    3522         ,
27 ,    2805 ,     q3i ,    4 ,     244 ,     21630 ,    27289 ,    3582         ,
27 ,    2845 ,     q3i ,    4 ,     229 ,     21546 ,    27401 ,    3511         ,
27 ,    2885 ,     q3i ,    4 ,     244 ,     22861 ,    28546 ,    3627         ,
27 ,    2925 ,     q3i ,    4 ,     229 ,     22150 ,    28256 ,    3705         ,
27 ,    2965 ,     q3i ,    4 ,     250 ,     23760 ,    29084 ,    3718         ,
27 ,    3005 ,     q3i ,    4 ,     229 ,     23045 ,    29078 ,    3875         ,
27 ,    3045 ,     q3i ,    4 ,     226 ,     23490 ,    29656 ,    3785         ,
27 ,    3085 ,     q3i ,    4 ,     265 ,     24351 ,    30666 ,    3895         ,
27 ,    3125 ,     q3i ,    4 ,     238 ,     24996 ,    30208 ,    3885         ,
27 ,    3165 ,     q3i ,    4 ,     223 ,     24702 ,    30733 ,    3899         ,
27 ,    3205 ,     q3i ,    4 ,     262 ,     25319 ,    31536 ,    4091         ,
27 ,    3245 ,     q3i ,    4 ,     262 ,     26772 ,    31797 ,    4050         ,
27 ,    3285 ,     q3i ,    4 ,     262 ,     26390 ,    32349 ,    4116         ,
27 ,    3325 ,     q3i ,    4 ,     271 ,     25956 ,    33179 ,    4203         ,
27 ,    3365 ,     q3i ,    4 ,     274 ,     26591 ,    33646 ,    4276         ,
27 ,    3405 ,     q3i ,    4 ,     286 ,     28400 ,    33721 ,    4390         ,
27 ,    3445 ,     q3i ,    4 ,     289 ,     28570 ,    34627 ,    4385         ,
27 ,    3485 ,     q3i ,    4 ,     295 ,     27988 ,    35159 ,    4570         ,
27 ,    3525 ,     q3i ,    4 ,     262 ,     27852 ,    34595 ,    4377         ,
27 ,    3565 ,     q3i ,    4 ,     328 ,     29476 ,    36879 ,    4638         ,
27 ,    3605 ,     q3i ,    4 ,     289 ,     28940 ,    36335 ,    4701         ,
27 ,    3645 ,     q3i ,    4 ,     307 ,     29725 ,    36758 ,    4723         ,
27 ,    3685 ,     q3i ,    4 ,     307 ,     30046 ,    37738 ,    4792         ,
27 ,    3725 ,     q3i ,    4 ,     304 ,     31036 ,    37858 ,    4823         ,
27 ,    3765 ,     q3i ,    4 ,     307 ,     30360 ,    38369 ,    4924         ,
27 ,    3805 ,     q3i ,    4 ,     343 ,     30927 ,    39855 ,    5132         ,
27 ,    3845 ,     q3i ,    4 ,     340 ,     31898 ,    40070 ,    5130         ,
27 ,    3885 ,     q3i ,    4 ,     352 ,     32024 ,    40524 ,    5104         ,
27 ,    3925 ,     q3i ,    4 ,     346 ,     32117 ,    41190 ,    5169         ,
27 ,    3965 ,     q3i ,    4 ,     331 ,     33611 ,    41015 ,    5264         ,
27 ,    4005 ,     q3i ,    4 ,     337 ,     33382 ,    41811 ,    5335         ,
27 ,    4045 ,     q3i ,    4 ,     346 ,     33928 ,    42207 ,    5375         ,
27 ,    4085 ,     q3i ,    4 ,     373 ,     33660 ,    43480 ,    6116         ,
27 ,    4125 ,     q3i ,    4 ,     355 ,     33632 ,    43456 ,    5413         ,
27 ,    4165 ,     q3i ,    4 ,     355 ,     34625 ,    43751 ,    5508         ,
27 ,    4205 ,     q3i ,    4 ,     343 ,     37038 ,    43520 ,    5472         ,
27 ,    4245 ,     q3i ,    4 ,     379 ,     35887 ,    45032 ,    5650         ,
27 ,    4285 ,     q3i ,    4 ,     367 ,     35928 ,    45368 ,    5689         ,
27 ,    4325 ,     q3i ,    4 ,     355 ,     35933 ,    45360 ,    5728         ,
27 ,    4365 ,     q3i ,    4 ,     346 ,     36124 ,    45689 ,    5753         ,
27 ,    4405 ,     q3i ,    4 ,     355 ,     36646 ,    46633 ,    5867         ,
27 ,    4445 ,     q3i ,    4 ,     382 ,     38894 ,    47220 ,    6004         ,
27 ,    4485 ,     q3i ,    4 ,     370 ,     37687 ,    47689 ,    6069         ,
27 ,    4525 ,     q3i ,    4 ,     385 ,     39261 ,    48009 ,    6127         ,
27 ,    4565 ,     q3i ,    4 ,     400 ,     38765 ,    49028 ,    6246         ,
27 ,    4605 ,     q3i ,    4 ,     382 ,     38931 ,    49206 ,    6227         ,
27 ,    4645 ,     q3i ,    4 ,     397 ,     40084 ,    49880 ,    6319         ,
27 ,    4685 ,     q3i ,    4 ,     430 ,     40021 ,    51108 ,    6347         ,
27 ,    4725 ,     q3i ,    4 ,     430 ,     40715 ,    51754 ,    6429         ,
27 ,    4765 ,     q3i ,    4 ,     382 ,     40560 ,    50639 ,    6321         ,
27 ,    4805 ,     q3i ,    4 ,     400 ,     40596 ,    51439 ,    6537         ,
27 ,    4845 ,     q3i ,    4 ,     397 ,     40907 ,    52302 ,    6613         ,
27 ,    4885 ,     q3i ,    4 ,     430 ,     41701 ,    53207 ,    6706         ,
27 ,    4925 ,     q3i ,    4 ,     421 ,     42136 ,    53206 ,    6591         ,
27 ,    4965 ,     q3i ,    4 ,     403 ,     41286 ,    53425 ,    6762         ,


