SEED ,  SIZE ,  ALG ,  TYPE ,  CALLS ,  CMP ,     MOVE ,    TIME              ,
27 ,    5 ,     q ,    0 ,     8 ,     4 ,    15 ,    7         ,
27 ,    45 ,     q ,    0 ,     78 ,     190 ,    204 ,    49         ,
27 ,    85 ,     q ,    0 ,     142 ,     360 ,    468 ,    96         ,
27 ,    125 ,     q ,    0 ,     218 ,     581 ,    744 ,    155         ,
27 ,    165 ,     q ,    0 ,     278 ,     701 ,    1053 ,    209         ,
27 ,    205 ,     q ,    0 ,     354 ,     1355 ,    1281 ,    275         ,
27 ,    245 ,     q ,    0 ,     416 ,     1465 ,    1605 ,    334         ,
27 ,    285 ,     q ,    0 ,     488 ,     1420 ,    1959 ,    392         ,
27 ,    325 ,     q ,    0 ,     576 ,     1669 ,    2301 ,    450         ,
27 ,    365 ,     q ,    0 ,     618 ,     2027 ,    2589 ,    514         ,
27 ,    405 ,     q ,    0 ,     688 ,     2469 ,    2970 ,    586         ,
27 ,    445 ,     q ,    0 ,     768 ,     2402 ,    3318 ,    637         ,
27 ,    485 ,     q ,    0 ,     850 ,     2939 ,    3606 ,    706         ,
27 ,    525 ,     q ,    0 ,     908 ,     3118 ,    3894 ,    770         ,
27 ,    565 ,     q ,    0 ,     952 ,     3328 ,    4284 ,    839         ,
27 ,    605 ,     q ,    0 ,     1042 ,     3365 ,    4665 ,    1127         ,
27 ,    645 ,     q ,    0 ,     1116 ,     5411 ,    4902 ,    988         ,
27 ,    685 ,     q ,    0 ,     1168 ,     4264 ,    5289 ,    1038         ,
27 ,    725 ,     q ,    0 ,     1242 ,     5050 ,    5526 ,    1108         ,
27 ,    765 ,     q ,    0 ,     1292 ,     5075 ,    5910 ,    1174         ,
27 ,    805 ,     q ,    0 ,     1404 ,     5938 ,    6297 ,    1255         ,
27 ,    845 ,     q ,    0 ,     1460 ,     5082 ,    6810 ,    1313         ,
27 ,    885 ,     q ,    0 ,     1534 ,     6316 ,    6999 ,    1387         ,
27 ,    925 ,     q ,    0 ,     1592 ,     5995 ,    7419 ,    1464         ,
27 ,    965 ,     q ,    0 ,     1670 ,     7362 ,    7830 ,    1566         ,
27 ,    1005 ,     q ,    0 ,     1740 ,     8694 ,    8013 ,    1619         ,
27 ,    1045 ,     q ,    0 ,     1768 ,     6518 ,    8565 ,    1648         ,
27 ,    1085 ,     q ,    0 ,     1838 ,     8918 ,    8700 ,    1837         ,
27 ,    1125 ,     q ,    0 ,     1920 ,     9015 ,    9024 ,    1812         ,
27 ,    1165 ,     q ,    0 ,     2022 ,     8238 ,    9591 ,    1884         ,
27 ,    1205 ,     q ,    0 ,     2072 ,     7603 ,    9912 ,    1950         ,
27 ,    1245 ,     q ,    0 ,     2164 ,     10317 ,    10089 ,    2045         ,
27 ,    1285 ,     q ,    0 ,     2208 ,     9785 ,    10530 ,    2119         ,
27 ,    1325 ,     q ,    0 ,     2298 ,     9896 ,    10998 ,    2174         ,
27 ,    1365 ,     q ,    0 ,     2348 ,     10518 ,    11412 ,    2270         ,
27 ,    1405 ,     q ,    0 ,     2416 ,     10599 ,    11841 ,    2448         ,
27 ,    1445 ,     q ,    0 ,     2482 ,     11759 ,    12258 ,    2414         ,
27 ,    1485 ,     q ,    0 ,     2608 ,     11219 ,    12567 ,    2482         ,
27 ,    1525 ,     q ,    0 ,     2608 ,     11251 ,    12930 ,    2647         ,
27 ,    1565 ,     q ,    0 ,     2704 ,     12342 ,    13266 ,    2610         ,
27 ,    1605 ,     q ,    0 ,     2764 ,     13399 ,    13737 ,    2719         ,
27 ,    1645 ,     q ,    0 ,     2838 ,     12552 ,    14241 ,    2783         ,
27 ,    1685 ,     q ,    0 ,     2928 ,     11483 ,    14691 ,    3014         ,
27 ,    1725 ,     q ,    0 ,     2972 ,     12014 ,    15054 ,    2939         ,
27 ,    1765 ,     q ,    0 ,     3032 ,     14904 ,    15102 ,    3146         ,
27 ,    1805 ,     q ,    0 ,     3158 ,     17763 ,    15195 ,    3237         ,
27 ,    1845 ,     q ,    0 ,     3206 ,     13983 ,    16113 ,    3151         ,
27 ,    1885 ,     q ,    0 ,     3240 ,     16602 ,    16245 ,    3360         ,
27 ,    1925 ,     q ,    0 ,     3344 ,     17290 ,    16329 ,    3278         ,
27 ,    1965 ,     q ,    0 ,     3438 ,     15780 ,    17076 ,    3370         ,
27 ,    2005 ,     q ,    0 ,     3474 ,     15899 ,    17613 ,    3587         ,
27 ,    2045 ,     q ,    0 ,     3496 ,     16362 ,    17970 ,    3570         ,
27 ,    2085 ,     q ,    0 ,     3602 ,     16678 ,    18246 ,    3749         ,
27 ,    2125 ,     q ,    0 ,     3686 ,     18572 ,    18540 ,    3696         ,
27 ,    2165 ,     q ,    0 ,     3722 ,     16217 ,    19224 ,    3862         ,
27 ,    2205 ,     q ,    0 ,     3768 ,     20363 ,    19407 ,    4014         ,
27 ,    2245 ,     q ,    0 ,     3910 ,     19383 ,    19773 ,    3962         ,
27 ,    2285 ,     q ,    0 ,     3920 ,     17599 ,    20442 ,    4107         ,
27 ,    2325 ,     q ,    0 ,     4022 ,     18770 ,    20814 ,    4148         ,
27 ,    2365 ,     q ,    0 ,     4086 ,     20753 ,    20760 ,    4265         ,
27 ,    2405 ,     q ,    0 ,     4158 ,     19520 ,    21603 ,    4404         ,
27 ,    2445 ,     q ,    0 ,     4192 ,     20606 ,    22188 ,    4468         ,
27 ,    2485 ,     q ,    0 ,     4258 ,     20142 ,    22356 ,    4415         ,
27 ,    2525 ,     q ,    0 ,     4352 ,     20724 ,    22587 ,    4642         ,
27 ,    2565 ,     q ,    0 ,     4436 ,     19955 ,    23286 ,    4558         ,
27 ,    2605 ,     q ,    0 ,     4456 ,     22908 ,    23055 ,    4578         ,
27 ,    2645 ,     q ,    0 ,     4578 ,     26743 ,    23331 ,    4787         ,
27 ,    2685 ,     q ,    0 ,     4644 ,     21484 ,    24519 ,    4826         ,
27 ,    2725 ,     q ,    0 ,     4746 ,     23670 ,    24759 ,    4926         ,
27 ,    2765 ,     q ,    0 ,     4810 ,     26153 ,    24783 ,    4966         ,
27 ,    2805 ,     q ,    0 ,     4814 ,     22811 ,    25710 ,    5182         ,
27 ,    2845 ,     q ,    0 ,     4890 ,     24638 ,    25875 ,    5413         ,
27 ,    2885 ,     q ,    0 ,     4998 ,     23454 ,    26541 ,    5321         ,
27 ,    2925 ,     q ,    0 ,     5048 ,     23391 ,    26907 ,    5295         ,
27 ,    2965 ,     q ,    0 ,     5068 ,     25305 ,    27108 ,    5326         ,
27 ,    3005 ,     q ,    0 ,     5174 ,     25321 ,    27735 ,    5541         ,
27 ,    3045 ,     q ,    0 ,     5222 ,     22441 ,    28455 ,    5608         ,
27 ,    3085 ,     q ,    0 ,     5296 ,     26368 ,    28416 ,    7585         ,
27 ,    3125 ,     q ,    0 ,     5438 ,     24686 ,    29088 ,    5801         ,
27 ,    3165 ,     q ,    0 ,     5488 ,     28290 ,    29382 ,    5846         ,
27 ,    3205 ,     q ,    0 ,     5518 ,     25856 ,    29709 ,    5809         ,
27 ,    3245 ,     q ,    0 ,     5564 ,     28715 ,    30249 ,    6120         ,
27 ,    3285 ,     q ,    0 ,     5652 ,     28681 ,    30408 ,    6167         ,
27 ,    3325 ,     q ,    0 ,     5770 ,     31344 ,    30750 ,    6236         ,
27 ,    3365 ,     q ,    0 ,     5792 ,     30554 ,    30957 ,    6290         ,
27 ,    3405 ,     q ,    0 ,     5852 ,     30276 ,    31527 ,    6295         ,
27 ,    3445 ,     q ,    0 ,     5960 ,     28767 ,    32313 ,    6443         ,
27 ,    3485 ,     q ,    0 ,     5992 ,     29715 ,    32511 ,    6507         ,
27 ,    3525 ,     q ,    0 ,     6084 ,     31950 ,    32598 ,    6550         ,
27 ,    3565 ,     q ,    0 ,     6148 ,     33426 ,    33054 ,    6706         ,
27 ,    3605 ,     q ,    0 ,     6228 ,     32047 ,    33708 ,    6998         ,
27 ,    3645 ,     q ,    0 ,     6200 ,     33232 ,    33915 ,    6857         ,
27 ,    3685 ,     q ,    0 ,     6346 ,     28447 ,    34920 ,    6930         ,
27 ,    3725 ,     q ,    0 ,     6392 ,     33099 ,    34362 ,    6883         ,
27 ,    3765 ,     q ,    0 ,     6438 ,     32306 ,    35214 ,    7049         ,
27 ,    3805 ,     q ,    0 ,     6570 ,     34212 ,    35550 ,    7140         ,
27 ,    3845 ,     q ,    0 ,     6632 ,     35020 ,    36201 ,    7280         ,
27 ,    3885 ,     q ,    0 ,     6652 ,     34300 ,    36693 ,    7340         ,
27 ,    3925 ,     q ,    0 ,     6740 ,     32895 ,    37119 ,    7363         ,
27 ,    3965 ,     q ,    0 ,     6848 ,     40798 ,    36906 ,    7544         ,
27 ,    4005 ,     q ,    0 ,     6854 ,     35938 ,    37890 ,    7683         ,
27 ,    4045 ,     q ,    0 ,     6928 ,     35749 ,    38229 ,    7592         ,
27 ,    4085 ,     q ,    0 ,     7060 ,     34200 ,    38847 ,    7799         ,
27 ,    4125 ,     q ,    0 ,     7068 ,     38352 ,    38865 ,    7848         ,
27 ,    4165 ,     q ,    0 ,     7170 ,     35859 ,    39642 ,    7913         ,
27 ,    4205 ,     q ,    0 ,     7270 ,     38969 ,    40086 ,    7998         ,
27 ,    4245 ,     q ,    0 ,     7350 ,     37404 ,    40281 ,    7927         ,
27 ,    4285 ,     q ,    0 ,     7382 ,     38736 ,    40854 ,    8191         ,
27 ,    4325 ,     q ,    0 ,     7472 ,     39923 ,    41091 ,    8291         ,
27 ,    4365 ,     q ,    0 ,     7536 ,     39192 ,    41694 ,    8365         ,
27 ,    4405 ,     q ,    0 ,     7572 ,     46250 ,    41466 ,    8549         ,
27 ,    4445 ,     q ,    0 ,     7632 ,     37509 ,    42729 ,    8509         ,
27 ,    4485 ,     q ,    0 ,     7762 ,     40778 ,    42849 ,    8512         ,
27 ,    4525 ,     q ,    0 ,     7784 ,     43174 ,    43485 ,    8818         ,
27 ,    4565 ,     q ,    0 ,     7910 ,     45344 ,    43128 ,    8744         ,
27 ,    4605 ,     q ,    0 ,     7896 ,     42212 ,    44190 ,    8887         ,
27 ,    4645 ,     q ,    0 ,     7984 ,     41045 ,    44832 ,    8989         ,
27 ,    4685 ,     q ,    0 ,     8042 ,     44840 ,    44760 ,    8988         ,
27 ,    4725 ,     q ,    0 ,     8166 ,     40015 ,    45807 ,    9398         ,
27 ,    4765 ,     q ,    0 ,     8226 ,     42095 ,    45972 ,    9227         ,
27 ,    4805 ,     q ,    0 ,     8260 ,     45936 ,    46029 ,    9296         ,
27 ,    4845 ,     q ,    0 ,     8362 ,     46412 ,    46797 ,    9455         ,
27 ,    4885 ,     q ,    0 ,     8430 ,     45043 ,    46938 ,    9355         ,
27 ,    4925 ,     q ,    0 ,     8512 ,     46866 ,    47478 ,    9480         ,
27 ,    4965 ,     q ,    0 ,     8490 ,     50020 ,    47295 ,    9480         ,
27 ,    5 ,     q ,    1 ,     6 ,     6 ,    9 ,    4         ,
27 ,    45 ,     q ,    1 ,     58 ,     168 ,    87 ,    23         ,
27 ,    85 ,     q ,    1 ,     106 ,     390 ,    159 ,    38         ,
27 ,    125 ,     q ,    1 ,     126 ,     630 ,    189 ,    50         ,
27 ,    165 ,     q ,    1 ,     202 ,     908 ,    303 ,    70         ,
27 ,    205 ,     q ,    1 ,     254 ,     1188 ,    381 ,    91         ,
27 ,    245 ,     q ,    1 ,     254 ,     1468 ,    381 ,    99         ,
27 ,    285 ,     q ,    1 ,     314 ,     1778 ,    471 ,    125         ,
27 ,    325 ,     q ,    1 ,     394 ,     2098 ,    591 ,    147         ,
27 ,    365 ,     q ,    1 ,     474 ,     2418 ,    711 ,    174         ,
27 ,    405 ,     q ,    1 ,     510 ,     2738 ,    765 ,    193         ,
27 ,    445 ,     q ,    1 ,     510 ,     3058 ,    765 ,    202         ,
27 ,    485 ,     q ,    1 ,     510 ,     3378 ,    765 ,    211         ,
27 ,    525 ,     q ,    1 ,     538 ,     3712 ,    807 ,    232         ,
27 ,    565 ,     q ,    1 ,     618 ,     4072 ,    927 ,    255         ,
27 ,    605 ,     q ,    1 ,     698 ,     4432 ,    1047 ,    280         ,
27 ,    645 ,     q ,    1 ,     778 ,     4792 ,    1167 ,    309         ,
27 ,    685 ,     q ,    1 ,     858 ,     5152 ,    1287 ,    340         ,
27 ,    725 ,     q ,    1 ,     938 ,     5512 ,    1407 ,    472         ,
27 ,    765 ,     q ,    1 ,     1018 ,     5872 ,    1527 ,    396         ,
27 ,    805 ,     q ,    1 ,     1022 ,     6232 ,    1533 ,    415         ,
27 ,    845 ,     q ,    1 ,     1022 ,     6592 ,    1533 ,    417         ,
27 ,    885 ,     q ,    1 ,     1022 ,     6952 ,    1533 ,    431         ,
27 ,    925 ,     q ,    1 ,     1022 ,     7312 ,    1533 ,    443         ,
27 ,    965 ,     q ,    1 ,     1022 ,     7672 ,    1533 ,    450         ,
27 ,    1005 ,     q ,    1 ,     1022 ,     8032 ,    1533 ,    460         ,
27 ,    1045 ,     q ,    1 ,     1066 ,     8414 ,    1599 ,    488         ,
27 ,    1085 ,     q ,    1 ,     1146 ,     8814 ,    1719 ,    513         ,
27 ,    1125 ,     q ,    1 ,     1226 ,     9214 ,    1839 ,    558         ,
27 ,    1165 ,     q ,    1 ,     1306 ,     9614 ,    1959 ,    568         ,
27 ,    1205 ,     q ,    1 ,     1386 ,     10014 ,    2079 ,    596         ,
27 ,    1245 ,     q ,    1 ,     1466 ,     10414 ,    2199 ,    624         ,
27 ,    1285 ,     q ,    1 ,     1546 ,     10814 ,    2319 ,    676         ,
27 ,    1325 ,     q ,    1 ,     1626 ,     11214 ,    2439 ,    692         ,
27 ,    1365 ,     q ,    1 ,     1706 ,     11614 ,    2559 ,    715         ,
27 ,    1405 ,     q ,    1 ,     1786 ,     12014 ,    2679 ,    744         ,
27 ,    1445 ,     q ,    1 ,     1866 ,     12414 ,    2799 ,    769         ,
27 ,    1485 ,     q ,    1 ,     1946 ,     12814 ,    2919 ,    899         ,
27 ,    1525 ,     q ,    1 ,     2026 ,     13214 ,    3039 ,    832         ,
27 ,    1565 ,     q ,    1 ,     2046 ,     13614 ,    3069 ,    846         ,
27 ,    1605 ,     q ,    1 ,     2046 ,     14014 ,    3069 ,    874         ,
27 ,    1645 ,     q ,    1 ,     2046 ,     14414 ,    3069 ,    903         ,
27 ,    1685 ,     q ,    1 ,     2046 ,     14814 ,    3069 ,    1015         ,
27 ,    1725 ,     q ,    1 ,     2046 ,     15214 ,    3069 ,    890         ,
27 ,    1765 ,     q ,    1 ,     2046 ,     15614 ,    3069 ,    1172         ,
27 ,    1805 ,     q ,    1 ,     2046 ,     16014 ,    3069 ,    982         ,
27 ,    1845 ,     q ,    1 ,     2046 ,     16414 ,    3069 ,    962         ,
27 ,    1885 ,     q ,    1 ,     2046 ,     16814 ,    3069 ,    953         ,
27 ,    1925 ,     q ,    1 ,     2046 ,     17214 ,    3069 ,    959         ,
27 ,    1965 ,     q ,    1 ,     2046 ,     17614 ,    3069 ,    1019         ,
27 ,    2005 ,     q ,    1 ,     2046 ,     18014 ,    3069 ,    1063         ,
27 ,    2045 ,     q ,    1 ,     2046 ,     18414 ,    3069 ,    1044         ,
27 ,    2085 ,     q ,    1 ,     2122 ,     18852 ,    3183 ,    1032         ,
27 ,    2125 ,     q ,    1 ,     2202 ,     19292 ,    3303 ,    1083         ,
27 ,    2165 ,     q ,    1 ,     2282 ,     19732 ,    3423 ,    1093         ,
27 ,    2205 ,     q ,    1 ,     2362 ,     20172 ,    3543 ,    1229         ,
27 ,    2245 ,     q ,    1 ,     2442 ,     20612 ,    3663 ,    1143         ,
27 ,    2285 ,     q ,    1 ,     2522 ,     21052 ,    3783 ,    1171         ,
27 ,    2325 ,     q ,    1 ,     2602 ,     21492 ,    3903 ,    1200         ,
27 ,    2365 ,     q ,    1 ,     2682 ,     21932 ,    4023 ,    1239         ,
27 ,    2405 ,     q ,    1 ,     2762 ,     22372 ,    4143 ,    1265         ,
27 ,    2445 ,     q ,    1 ,     2842 ,     22812 ,    4263 ,    1286         ,
27 ,    2485 ,     q ,    1 ,     2922 ,     23252 ,    4383 ,    1323         ,
27 ,    2525 ,     q ,    1 ,     3002 ,     23692 ,    4503 ,    1352         ,
27 ,    2565 ,     q ,    1 ,     3082 ,     24132 ,    4623 ,    1382         ,
27 ,    2605 ,     q ,    1 ,     3162 ,     24572 ,    4743 ,    1502         ,
27 ,    2645 ,     q ,    1 ,     3242 ,     25012 ,    4863 ,    1453         ,
27 ,    2685 ,     q ,    1 ,     3322 ,     25452 ,    4983 ,    1475         ,
27 ,    2725 ,     q ,    1 ,     3402 ,     25892 ,    5103 ,    1516         ,
27 ,    2765 ,     q ,    1 ,     3482 ,     26332 ,    5223 ,    1540         ,
27 ,    2805 ,     q ,    1 ,     3562 ,     26772 ,    5343 ,    1562         ,
27 ,    2845 ,     q ,    1 ,     3642 ,     27212 ,    5463 ,    1658         ,
27 ,    2885 ,     q ,    1 ,     3722 ,     27652 ,    5583 ,    1630         ,
27 ,    2925 ,     q ,    1 ,     3802 ,     28092 ,    5703 ,    1651         ,
27 ,    2965 ,     q ,    1 ,     3882 ,     28532 ,    5823 ,    1677         ,
27 ,    3005 ,     q ,    1 ,     3962 ,     28972 ,    5943 ,    1709         ,
27 ,    3045 ,     q ,    1 ,     4042 ,     29412 ,    6063 ,    1748         ,
27 ,    3085 ,     q ,    1 ,     4094 ,     29852 ,    6141 ,    1776         ,
27 ,    3125 ,     q ,    1 ,     4094 ,     30292 ,    6141 ,    1786         ,
27 ,    3165 ,     q ,    1 ,     4094 ,     30732 ,    6141 ,    1809         ,
27 ,    3205 ,     q ,    1 ,     4094 ,     31172 ,    6141 ,    1823         ,
27 ,    3245 ,     q ,    1 ,     4094 ,     31612 ,    6141 ,    1937         ,
27 ,    3285 ,     q ,    1 ,     4094 ,     32052 ,    6141 ,    1846         ,
27 ,    3325 ,     q ,    1 ,     4094 ,     32492 ,    6141 ,    1845         ,
27 ,    3365 ,     q ,    1 ,     4094 ,     32932 ,    6141 ,    1880         ,
27 ,    3405 ,     q ,    1 ,     4094 ,     33372 ,    6141 ,    1882         ,
27 ,    3445 ,     q ,    1 ,     4094 ,     33812 ,    6141 ,    1918         ,
27 ,    3485 ,     q ,    1 ,     4094 ,     34252 ,    6141 ,    1922         ,
27 ,    3525 ,     q ,    1 ,     4094 ,     34692 ,    6141 ,    2037         ,
27 ,    3565 ,     q ,    1 ,     4094 ,     35132 ,    6141 ,    1940         ,
27 ,    3605 ,     q ,    1 ,     4094 ,     35572 ,    6141 ,    1973         ,
27 ,    3645 ,     q ,    1 ,     4094 ,     36012 ,    6141 ,    1982         ,
27 ,    3685 ,     q ,    1 ,     4094 ,     36452 ,    6141 ,    1997         ,
27 ,    3725 ,     q ,    1 ,     4094 ,     36892 ,    6141 ,    2339         ,
27 ,    3765 ,     q ,    1 ,     4094 ,     37332 ,    6141 ,    2027         ,
27 ,    3805 ,     q ,    1 ,     4094 ,     37772 ,    6141 ,    2142         ,
27 ,    3845 ,     q ,    1 ,     4094 ,     38212 ,    6141 ,    2037         ,
27 ,    3885 ,     q ,    1 ,     4094 ,     38652 ,    6141 ,    2165         ,
27 ,    3925 ,     q ,    1 ,     4094 ,     39092 ,    6141 ,    2086         ,
27 ,    3965 ,     q ,    1 ,     4094 ,     39532 ,    6141 ,    2070         ,
27 ,    4005 ,     q ,    1 ,     4094 ,     39972 ,    6141 ,    2103         ,
27 ,    4045 ,     q ,    1 ,     4094 ,     40412 ,    6141 ,    2111         ,
27 ,    4085 ,     q ,    1 ,     4094 ,     40852 ,    6141 ,    2131         ,
27 ,    4125 ,     q ,    1 ,     4154 ,     41322 ,    6231 ,    2171         ,
27 ,    4165 ,     q ,    1 ,     4234 ,     41802 ,    6351 ,    2207         ,
27 ,    4205 ,     q ,    1 ,     4314 ,     42282 ,    6471 ,    2244         ,
27 ,    4245 ,     q ,    1 ,     4394 ,     42762 ,    6591 ,    2293         ,
27 ,    4285 ,     q ,    1 ,     4474 ,     43242 ,    6711 ,    2298         ,
27 ,    4325 ,     q ,    1 ,     4554 ,     43722 ,    6831 ,    2337         ,
27 ,    4365 ,     q ,    1 ,     4634 ,     44202 ,    6951 ,    2351         ,
27 ,    4405 ,     q ,    1 ,     4714 ,     44682 ,    7071 ,    2434         ,
27 ,    4445 ,     q ,    1 ,     4794 ,     45162 ,    7191 ,    2408         ,
27 ,    4485 ,     q ,    1 ,     4874 ,     45642 ,    7311 ,    2443         ,
27 ,    4525 ,     q ,    1 ,     4954 ,     46122 ,    7431 ,    2494         ,
27 ,    4565 ,     q ,    1 ,     5034 ,     46602 ,    7551 ,    2528         ,
27 ,    4605 ,     q ,    1 ,     5114 ,     47082 ,    7671 ,    2724         ,
27 ,    4645 ,     q ,    1 ,     5194 ,     47562 ,    7791 ,    2577         ,
27 ,    4685 ,     q ,    1 ,     5274 ,     48042 ,    7911 ,    2715         ,
27 ,    4725 ,     q ,    1 ,     5354 ,     48522 ,    8031 ,    2657         ,
27 ,    4765 ,     q ,    1 ,     5434 ,     49002 ,    8151 ,    2870         ,
27 ,    4805 ,     q ,    1 ,     5514 ,     49482 ,    8271 ,    2702         ,
27 ,    4845 ,     q ,    1 ,     5594 ,     49962 ,    8391 ,    2752         ,
27 ,    4885 ,     q ,    1 ,     5674 ,     50442 ,    8511 ,    2752         ,
27 ,    4925 ,     q ,    1 ,     5754 ,     50922 ,    8631 ,    2788         ,
27 ,    4965 ,     q ,    1 ,     5834 ,     51402 ,    8751 ,    2936         ,
27 ,    5 ,     q ,    2 ,     6 ,     2 ,    15 ,    4         ,
27 ,    45 ,     q ,    2 ,     58 ,     124 ,    153 ,    24         ,
27 ,    85 ,     q ,    2 ,     106 ,     306 ,    285 ,    43         ,
27 ,    125 ,     q ,    2 ,     126 ,     506 ,    375 ,    60         ,
27 ,    165 ,     q ,    2 ,     202 ,     744 ,    549 ,    85         ,
27 ,    205 ,     q ,    2 ,     254 ,     984 ,    687 ,    113         ,
27 ,    245 ,     q ,    2 ,     254 ,     1224 ,    747 ,    122         ,
27 ,    285 ,     q ,    2 ,     314 ,     1494 ,    897 ,    1855         ,
27 ,    325 ,     q ,    2 ,     394 ,     1774 ,    1077 ,    181         ,
27 ,    365 ,     q ,    2 ,     474 ,     2054 ,    1257 ,    209         ,
27 ,    405 ,     q ,    2 ,     510 ,     2334 ,    1371 ,    229         ,
27 ,    445 ,     q ,    2 ,     510 ,     2614 ,    1431 ,    246         ,
27 ,    485 ,     q ,    2 ,     510 ,     2894 ,    1491 ,    259         ,
27 ,    525 ,     q ,    2 ,     538 ,     3188 ,    1593 ,    281         ,
27 ,    565 ,     q ,    2 ,     618 ,     3508 ,    1773 ,    308         ,
27 ,    605 ,     q ,    2 ,     698 ,     3828 ,    1953 ,    342         ,
27 ,    645 ,     q ,    2 ,     778 ,     4148 ,    2133 ,    372         ,
27 ,    685 ,     q ,    2 ,     858 ,     4468 ,    2313 ,    403         ,
27 ,    725 ,     q ,    2 ,     938 ,     4788 ,    2493 ,    437         ,
27 ,    765 ,     q ,    2 ,     1018 ,     5108 ,    2673 ,    463         ,
27 ,    805 ,     q ,    2 ,     1022 ,     5428 ,    2739 ,    490         ,
27 ,    845 ,     q ,    2 ,     1022 ,     5748 ,    2799 ,    496         ,
27 ,    885 ,     q ,    2 ,     1022 ,     6068 ,    2859 ,    512         ,
27 ,    925 ,     q ,    2 ,     1022 ,     6388 ,    2919 ,    528         ,
27 ,    965 ,     q ,    2 ,     1022 ,     6708 ,    2979 ,    546         ,
27 ,    1005 ,     q ,    2 ,     1022 ,     7028 ,    3039 ,    557         ,
27 ,    1045 ,     q ,    2 ,     1066 ,     7370 ,    3165 ,    586         ,
27 ,    1085 ,     q ,    2 ,     1146 ,     7730 ,    3345 ,    615         ,
27 ,    1125 ,     q ,    2 ,     1226 ,     8090 ,    3525 ,    649         ,
27 ,    1165 ,     q ,    2 ,     1306 ,     8450 ,    3705 ,    676         ,
27 ,    1205 ,     q ,    2 ,     1386 ,     8810 ,    3885 ,    712         ,
27 ,    1245 ,     q ,    2 ,     1466 ,     9170 ,    4065 ,    843         ,
27 ,    1285 ,     q ,    2 ,     1546 ,     9530 ,    4245 ,    776         ,
27 ,    1325 ,     q ,    2 ,     1626 ,     9890 ,    4425 ,    810         ,
27 ,    1365 ,     q ,    2 ,     1706 ,     10250 ,    4605 ,    842         ,
27 ,    1405 ,     q ,    2 ,     1786 ,     10610 ,    4785 ,    871         ,
27 ,    1445 ,     q ,    2 ,     1866 ,     10970 ,    4965 ,    910         ,
27 ,    1485 ,     q ,    2 ,     1946 ,     11330 ,    5145 ,    937         ,
27 ,    1525 ,     q ,    2 ,     2026 ,     11690 ,    5325 ,    969         ,
27 ,    1565 ,     q ,    2 ,     2046 ,     12050 ,    5415 ,    999         ,
27 ,    1605 ,     q ,    2 ,     2046 ,     12410 ,    5475 ,    1015         ,
27 ,    1645 ,     q ,    2 ,     2046 ,     12770 ,    5535 ,    1035         ,
27 ,    1685 ,     q ,    2 ,     2046 ,     13130 ,    5595 ,    1078         ,
27 ,    1725 ,     q ,    2 ,     2046 ,     13490 ,    5655 ,    1051         ,
27 ,    1765 ,     q ,    2 ,     2046 ,     13850 ,    5715 ,    1075         ,
27 ,    1805 ,     q ,    2 ,     2046 ,     14210 ,    5775 ,    1091         ,
27 ,    1845 ,     q ,    2 ,     2046 ,     14570 ,    5835 ,    1113         ,
27 ,    1885 ,     q ,    2 ,     2046 ,     14930 ,    5895 ,    1135         ,
27 ,    1925 ,     q ,    2 ,     2046 ,     15290 ,    5955 ,    1140         ,
27 ,    1965 ,     q ,    2 ,     2046 ,     15650 ,    6015 ,    1158         ,
27 ,    2005 ,     q ,    2 ,     2046 ,     16010 ,    6075 ,    1186         ,
27 ,    2045 ,     q ,    2 ,     2046 ,     16370 ,    6135 ,    1187         ,
27 ,    2085 ,     q ,    2 ,     2122 ,     16768 ,    6309 ,    1235         ,
27 ,    2125 ,     q ,    2 ,     2202 ,     17168 ,    6489 ,    1389         ,
27 ,    2165 ,     q ,    2 ,     2282 ,     17568 ,    6669 ,    1291         ,
27 ,    2205 ,     q ,    2 ,     2362 ,     17968 ,    6849 ,    1328         ,
27 ,    2245 ,     q ,    2 ,     2442 ,     18368 ,    7029 ,    1355         ,
27 ,    2285 ,     q ,    2 ,     2522 ,     18768 ,    7209 ,    1401         ,
27 ,    2325 ,     q ,    2 ,     2602 ,     19168 ,    7389 ,    1432         ,
27 ,    2365 ,     q ,    2 ,     2682 ,     19568 ,    7569 ,    1463         ,
27 ,    2405 ,     q ,    2 ,     2762 ,     19968 ,    7749 ,    1498         ,
27 ,    2445 ,     q ,    2 ,     2842 ,     20368 ,    7929 ,    1555         ,
27 ,    2485 ,     q ,    2 ,     2922 ,     20768 ,    8109 ,    1557         ,
27 ,    2525 ,     q ,    2 ,     3002 ,     21168 ,    8289 ,    1596         ,
27 ,    2565 ,     q ,    2 ,     3082 ,     21568 ,    8469 ,    1629         ,
27 ,    2605 ,     q ,    2 ,     3162 ,     21968 ,    8649 ,    1780         ,
27 ,    2645 ,     q ,    2 ,     3242 ,     22368 ,    8829 ,    1699         ,
27 ,    2685 ,     q ,    2 ,     3322 ,     22768 ,    9009 ,    1726         ,
27 ,    2725 ,     q ,    2 ,     3402 ,     23168 ,    9189 ,    1882         ,
27 ,    2765 ,     q ,    2 ,     3482 ,     23568 ,    9369 ,    1800         ,
27 ,    2805 ,     q ,    2 ,     3562 ,     23968 ,    9549 ,    1831         ,
27 ,    2845 ,     q ,    2 ,     3642 ,     24368 ,    9729 ,    1891         ,
27 ,    2885 ,     q ,    2 ,     3722 ,     24768 ,    9909 ,    1913         ,
27 ,    2925 ,     q ,    2 ,     3802 ,     25168 ,    10089 ,    2043         ,
27 ,    2965 ,     q ,    2 ,     3882 ,     25568 ,    10269 ,    1964         ,
27 ,    3005 ,     q ,    2 ,     3962 ,     25968 ,    10449 ,    1993         ,
27 ,    3045 ,     q ,    2 ,     4042 ,     26368 ,    10629 ,    2034         ,
27 ,    3085 ,     q ,    2 ,     4094 ,     26768 ,    10767 ,    2064         ,
27 ,    3125 ,     q ,    2 ,     4094 ,     27168 ,    10827 ,    2100         ,
27 ,    3165 ,     q ,    2 ,     4094 ,     27568 ,    10887 ,    2114         ,
27 ,    3205 ,     q ,    2 ,     4094 ,     27968 ,    10947 ,    2237         ,
27 ,    3245 ,     q ,    2 ,     4094 ,     28368 ,    11007 ,    2141         ,
27 ,    3285 ,     q ,    2 ,     4094 ,     28768 ,    11067 ,    2159         ,
27 ,    3325 ,     q ,    2 ,     4094 ,     29168 ,    11127 ,    2164         ,
27 ,    3365 ,     q ,    2 ,     4094 ,     29568 ,    11187 ,    2197         ,
27 ,    3405 ,     q ,    2 ,     4094 ,     29968 ,    11247 ,    2216         ,
27 ,    3445 ,     q ,    2 ,     4094 ,     30368 ,    11307 ,    2228         ,
27 ,    3485 ,     q ,    2 ,     4094 ,     30768 ,    11367 ,    2260         ,
27 ,    3525 ,     q ,    2 ,     4094 ,     31168 ,    11427 ,    2267         ,
27 ,    3565 ,     q ,    2 ,     4094 ,     31568 ,    11487 ,    2389         ,
27 ,    3605 ,     q ,    2 ,     4094 ,     31968 ,    11547 ,    2309         ,
27 ,    3645 ,     q ,    2 ,     4094 ,     32368 ,    11607 ,    2436         ,
27 ,    3685 ,     q ,    2 ,     4094 ,     32768 ,    11667 ,    2353         ,
27 ,    3725 ,     q ,    2 ,     4094 ,     33168 ,    11727 ,    2374         ,
27 ,    3765 ,     q ,    2 ,     4094 ,     33568 ,    11787 ,    2388         ,
27 ,    3805 ,     q ,    2 ,     4094 ,     33968 ,    11847 ,    2500         ,
27 ,    3845 ,     q ,    2 ,     4094 ,     34368 ,    11907 ,    2413         ,
27 ,    3885 ,     q ,    2 ,     4094 ,     34768 ,    11967 ,    2434         ,
27 ,    3925 ,     q ,    2 ,     4094 ,     35168 ,    12027 ,    2457         ,
27 ,    3965 ,     q ,    2 ,     4094 ,     35568 ,    12087 ,    2481         ,
27 ,    4005 ,     q ,    2 ,     4094 ,     35968 ,    12147 ,    2490         ,
27 ,    4045 ,     q ,    2 ,     4094 ,     36368 ,    12207 ,    2516         ,
27 ,    4085 ,     q ,    2 ,     4094 ,     36768 ,    12267 ,    2497         ,
27 ,    4125 ,     q ,    2 ,     4154 ,     37198 ,    12417 ,    2914         ,
27 ,    4165 ,     q ,    2 ,     4234 ,     37638 ,    12597 ,    2612         ,
27 ,    4205 ,     q ,    2 ,     4314 ,     38078 ,    12777 ,    2797         ,
27 ,    4245 ,     q ,    2 ,     4394 ,     38518 ,    12957 ,    2680         ,
27 ,    4285 ,     q ,    2 ,     4474 ,     38958 ,    13137 ,    2819         ,
27 ,    4325 ,     q ,    2 ,     4554 ,     39398 ,    13317 ,    2741         ,
27 ,    4365 ,     q ,    2 ,     4634 ,     39838 ,    13497 ,    2867         ,
27 ,    4405 ,     q ,    2 ,     4714 ,     40278 ,    13677 ,    2804         ,
27 ,    4445 ,     q ,    2 ,     4794 ,     40718 ,    13857 ,    2878         ,
27 ,    4485 ,     q ,    2 ,     4874 ,     41158 ,    14037 ,    2869         ,
27 ,    4525 ,     q ,    2 ,     4954 ,     41598 ,    14217 ,    2911         ,
27 ,    4565 ,     q ,    2 ,     5034 ,     42038 ,    14397 ,    3042         ,
27 ,    4605 ,     q ,    2 ,     5114 ,     42478 ,    14577 ,    2975         ,
27 ,    4645 ,     q ,    2 ,     5194 ,     42918 ,    14757 ,    3124         ,
27 ,    4685 ,     q ,    2 ,     5274 ,     43358 ,    14937 ,    3058         ,
27 ,    4725 ,     q ,    2 ,     5354 ,     43798 ,    15117 ,    3083         ,
27 ,    4765 ,     q ,    2 ,     5434 ,     44238 ,    15297 ,    3245         ,
27 ,    4805 ,     q ,    2 ,     5514 ,     44678 ,    15477 ,    3166         ,
27 ,    4845 ,     q ,    2 ,     5594 ,     45118 ,    15657 ,    3303         ,
27 ,    4885 ,     q ,    2 ,     5674 ,     45558 ,    15837 ,    3220         ,
27 ,    4925 ,     q ,    2 ,     5754 ,     45998 ,    16017 ,    3276         ,
27 ,    4965 ,     q ,    2 ,     5834 ,     46438 ,    16197 ,    3510         ,
27 ,    5 ,     q ,    3 ,     8 ,     3 ,    15 ,    5         ,
27 ,    45 ,     q ,    3 ,     56 ,     33 ,    294 ,    42         ,
27 ,    85 ,     q ,    3 ,     106 ,     54 ,    669 ,    79         ,
27 ,    125 ,     q ,    3 ,     202 ,     81 ,    1119 ,    129         ,
27 ,    165 ,     q ,    3 ,     228 ,     175 ,    1542 ,    172         ,
27 ,    205 ,     q ,    3 ,     306 ,     152 ,    2055 ,    226         ,
27 ,    245 ,     q ,    3 ,     334 ,     200 ,    2529 ,    273         ,
27 ,    285 ,     q ,    3 ,     432 ,     188 ,    3084 ,    334         ,
27 ,    325 ,     q ,    3 ,     408 ,     242 ,    3570 ,    375         ,
27 ,    365 ,     q ,    3 ,     594 ,     233 ,    4218 ,    446         ,
27 ,    405 ,     q ,    3 ,     618 ,     305 ,    4677 ,    497         ,
27 ,    445 ,     q ,    3 ,     598 ,     388 ,    5136 ,    534         ,
27 ,    485 ,     q ,    3 ,     754 ,     390 ,    5727 ,    610         ,
27 ,    525 ,     q ,    3 ,     744 ,     404 ,    6210 ,    652         ,
27 ,    565 ,     q ,    3 ,     818 ,     381 ,    6825 ,    717         ,
27 ,    605 ,     q ,    3 ,     912 ,     538 ,    7512 ,    784         ,
27 ,    645 ,     q ,    3 ,     838 ,     433 ,    7953 ,    923         ,
27 ,    685 ,     q ,    3 ,     932 ,     464 ,    8616 ,    887         ,
27 ,    725 ,     q ,    3 ,     908 ,     598 ,    8976 ,    927         ,
27 ,    765 ,     q ,    3 ,     934 ,     550 ,    9495 ,    976         ,
27 ,    805 ,     q ,    3 ,     964 ,     565 ,    10122 ,    1037         ,
27 ,    845 ,     q ,    3 ,     1238 ,     643 ,    10947 ,    1127         ,
27 ,    885 ,     q ,    3 ,     1230 ,     642 ,    11322 ,    1171         ,
27 ,    925 ,     q ,    3 ,     1456 ,     588 ,    12471 ,    1279         ,
27 ,    965 ,     q ,    3 ,     1450 ,     708 ,    12753 ,    1305         ,
27 ,    1005 ,     q ,    3 ,     1478 ,     799 ,    13452 ,    1375         ,
27 ,    1045 ,     q ,    3 ,     1762 ,     843 ,    14220 ,    1630         ,
27 ,    1085 ,     q ,    3 ,     1776 ,     902 ,    14697 ,    1511         ,
27 ,    1125 ,     q ,    3 ,     1696 ,     854 ,    15171 ,    1562         ,
27 ,    1165 ,     q ,    3 ,     1774 ,     870 ,    16116 ,    1649         ,
27 ,    1205 ,     q ,    3 ,     1626 ,     837 ,    16530 ,    1678         ,
27 ,    1245 ,     q ,    3 ,     1810 ,     1029 ,    17055 ,    1738         ,
27 ,    1285 ,     q ,    3 ,     1810 ,     931 ,    17706 ,    1809         ,
27 ,    1325 ,     q ,    3 ,     1774 ,     990 ,    18051 ,    1823         ,
27 ,    1365 ,     q ,    3 ,     1830 ,     1219 ,    18801 ,    1904         ,
27 ,    1405 ,     q ,    3 ,     1934 ,     1087 ,    19809 ,    2108         ,
27 ,    1445 ,     q ,    3 ,     1862 ,     987 ,    20271 ,    2044         ,
27 ,    1485 ,     q ,    3 ,     1832 ,     1046 ,    20865 ,    2094         ,
27 ,    1525 ,     q ,    3 ,     2382 ,     1046 ,    22020 ,    2238         ,
27 ,    1565 ,     q ,    3 ,     2326 ,     1313 ,    22707 ,    2291         ,
27 ,    1605 ,     q ,    3 ,     2386 ,     1053 ,    23112 ,    2448         ,
27 ,    1645 ,     q ,    3 ,     2380 ,     1139 ,    23712 ,    2603         ,
27 ,    1685 ,     q ,    3 ,     2384 ,     1426 ,    24384 ,    2513         ,
27 ,    1725 ,     q ,    3 ,     2458 ,     1297 ,    24879 ,    2520         ,
27 ,    1765 ,     q ,    3 ,     2420 ,     1215 ,    25431 ,    2568         ,
27 ,    1805 ,     q ,    3 ,     2424 ,     1275 ,    25977 ,    2630         ,
27 ,    1845 ,     q ,    3 ,     2902 ,     1253 ,    27375 ,    2766         ,
27 ,    1885 ,     q ,    3 ,     2958 ,     1704 ,    27849 ,    2822         ,
27 ,    1925 ,     q ,    3 ,     3234 ,     1311 ,    28914 ,    2936         ,
27 ,    1965 ,     q ,    3 ,     2968 ,     1416 ,    29166 ,    2954         ,
27 ,    2005 ,     q ,    3 ,     3272 ,     1407 ,    30063 ,    3048         ,
27 ,    2045 ,     q ,    3 ,     3266 ,     1477 ,    30573 ,    3103         ,
27 ,    2085 ,     q ,    3 ,     3232 ,     1506 ,    30915 ,    3138         ,
27 ,    2125 ,     q ,    3 ,     3266 ,     1560 ,    31719 ,    3207         ,
27 ,    2165 ,     q ,    3 ,     3256 ,     1510 ,    32283 ,    3571         ,
27 ,    2205 ,     q ,    3 ,     3248 ,     1574 ,    32877 ,    3414         ,
27 ,    2245 ,     q ,    3 ,     3282 ,     1518 ,    33696 ,    3490         ,
27 ,    2285 ,     q ,    3 ,     3630 ,     2001 ,    34347 ,    3480         ,
27 ,    2325 ,     q ,    3 ,     3664 ,     1962 ,    35610 ,    3580         ,
27 ,    2365 ,     q ,    3 ,     3564 ,     1676 ,    36276 ,    3645         ,
27 ,    2405 ,     q ,    3 ,     3546 ,     1996 ,    36690 ,    3669         ,
27 ,    2445 ,     q ,    3 ,     3370 ,     1701 ,    37203 ,    3979         ,
27 ,    2485 ,     q ,    3 ,     3538 ,     1687 ,    38061 ,    3832         ,
27 ,    2525 ,     q ,    3 ,     3250 ,     1763 ,    38154 ,    3819         ,
27 ,    2565 ,     q ,    3 ,     3402 ,     1734 ,    39036 ,    3996         ,
27 ,    2605 ,     q ,    3 ,     3726 ,     2022 ,    39828 ,    4086         ,
27 ,    2645 ,     q ,    3 ,     3622 ,     1926 ,    40236 ,    4041         ,
27 ,    2685 ,     q ,    3 ,     3620 ,     1835 ,    41595 ,    4319         ,
27 ,    2725 ,     q ,    3 ,     3540 ,     1915 ,    41646 ,    4272         ,
27 ,    2765 ,     q ,    3 ,     3702 ,     2002 ,    42906 ,    4287         ,
27 ,    2805 ,     q ,    3 ,     3666 ,     1910 ,    43740 ,    4461         ,
27 ,    2845 ,     q ,    3 ,     3544 ,     1885 ,    44280 ,    4377         ,
27 ,    2885 ,     q ,    3 ,     3732 ,     2013 ,    44694 ,    4456         ,
27 ,    2925 ,     q ,    3 ,     3674 ,     2513 ,    45474 ,    4666         ,
27 ,    2965 ,     q ,    3 ,     3718 ,     3641 ,    45468 ,    4525         ,
27 ,    3005 ,     q ,    3 ,     3740 ,     2652 ,    47013 ,    4741         ,
27 ,    3045 ,     q ,    3 ,     3744 ,     3006 ,    46971 ,    4909         ,
27 ,    3085 ,     q ,    3 ,     3656 ,     2312 ,    47658 ,    4819         ,
27 ,    3125 ,     q ,    3 ,     4706 ,     2165 ,    49785 ,    4993         ,
27 ,    3165 ,     q ,    3 ,     3858 ,     2174 ,    49197 ,    4977         ,
27 ,    3205 ,     q ,    3 ,     4896 ,     2576 ,    51054 ,    5265         ,
27 ,    3245 ,     q ,    3 ,     4904 ,     2247 ,    51984 ,    5207         ,
27 ,    3285 ,     q ,    3 ,     4710 ,     2229 ,    52389 ,    5351         ,
27 ,    3325 ,     q ,    3 ,     4784 ,     2329 ,    53115 ,    5424         ,
27 ,    3365 ,     q ,    3 ,     4760 ,     2287 ,    53805 ,    5354         ,
27 ,    3405 ,     q ,    3 ,     4804 ,     2967 ,    54339 ,    5515         ,
27 ,    3445 ,     q ,    3 ,     4760 ,     2961 ,    54636 ,    5697         ,
27 ,    3485 ,     q ,    3 ,     4756 ,     3308 ,    55539 ,    5511         ,
27 ,    3525 ,     q ,    3 ,     4774 ,     2423 ,    56220 ,    5699         ,
27 ,    3565 ,     q ,    3 ,     4996 ,     2504 ,    56823 ,    5888         ,
27 ,    3605 ,     q ,    3 ,     4764 ,     2592 ,    57264 ,    5816         ,
27 ,    3645 ,     q ,    3 ,     5928 ,     2626 ,    59400 ,    5972         ,
27 ,    3685 ,     q ,    3 ,     4744 ,     3511 ,    58530 ,    5784         ,
27 ,    3725 ,     q ,    3 ,     5948 ,     2637 ,    60648 ,    6180         ,
27 ,    3765 ,     q ,    3 ,     6430 ,     2495 ,    61548 ,    6320         ,
27 ,    3805 ,     q ,    3 ,     4772 ,     3231 ,    60324 ,    6283         ,
27 ,    3845 ,     q ,    3 ,     6452 ,     2645 ,    62805 ,    6424         ,
27 ,    3885 ,     q ,    3 ,     4744 ,     4701 ,    62058 ,    6247         ,
27 ,    3925 ,     q ,    3 ,     6470 ,     2954 ,    64470 ,    6584         ,
27 ,    3965 ,     q ,    3 ,     6432 ,     2837 ,    65091 ,    6548         ,
27 ,    4005 ,     q ,    3 ,     7114 ,     3360 ,    66822 ,    7044         ,
27 ,    4045 ,     q ,    3 ,     6474 ,     2845 ,    66432 ,    6782         ,
27 ,    4085 ,     q ,    3 ,     5982 ,     2837 ,    66720 ,    6832         ,
27 ,    4125 ,     q ,    3 ,     6480 ,     3026 ,    67632 ,    7109         ,
27 ,    4165 ,     q ,    3 ,     7246 ,     3438 ,    69171 ,    7073         ,
27 ,    4205 ,     q ,    3 ,     6498 ,     3066 ,    68667 ,    8799         ,
27 ,    4245 ,     q ,    3 ,     7422 ,     5252 ,    70395 ,    7194         ,
27 ,    4285 ,     q ,    3 ,     6462 ,     2850 ,    70551 ,    7181         ,
27 ,    4325 ,     q ,    3 ,     7110 ,     3746 ,    71685 ,    7270         ,
27 ,    4365 ,     q ,    3 ,     6470 ,     3123 ,    71595 ,    7332         ,
27 ,    4405 ,     q ,    3 ,     6548 ,     3151 ,    72180 ,    7227         ,
27 ,    4445 ,     q ,    3 ,     6478 ,     3196 ,    72834 ,    7379         ,
27 ,    4485 ,     q ,    3 ,     6988 ,     3055 ,    73965 ,    7498         ,
27 ,    4525 ,     q ,    3 ,     7122 ,     3965 ,    74844 ,    7566         ,
27 ,    4565 ,     q ,    3 ,     6476 ,     3261 ,    75048 ,    7554         ,
27 ,    4605 ,     q ,    3 ,     6994 ,     3345 ,    76227 ,    7878         ,
27 ,    4645 ,     q ,    3 ,     6578 ,     3700 ,    77589 ,    7798         ,
27 ,    4685 ,     q ,    3 ,     7416 ,     4587 ,    78504 ,    7796         ,
27 ,    4725 ,     q ,    3 ,     6802 ,     3610 ,    79428 ,    7983         ,
27 ,    4765 ,     q ,    3 ,     6982 ,     3692 ,    79920 ,    8056         ,
27 ,    4805 ,     q ,    3 ,     6994 ,     3445 ,    80565 ,    8080         ,
27 ,    4845 ,     q ,    3 ,     7408 ,     4301 ,    81024 ,    8139         ,
27 ,    4885 ,     q ,    3 ,     7430 ,     5955 ,    81837 ,    8273         ,
27 ,    4925 ,     q ,    3 ,     6578 ,     3474 ,    81966 ,    8239         ,
27 ,    4965 ,     q ,    3 ,     7220 ,     4117 ,    83172 ,    8342         ,
27 ,    5 ,     q ,    4 ,     6 ,     4 ,    9 ,    4         ,
27 ,    45 ,     q ,    4 ,     68 ,     67 ,    285 ,    43         ,
27 ,    85 ,     q ,    4 ,     112 ,     168 ,    594 ,    88         ,
27 ,    125 ,     q ,    4 ,     172 ,     246 ,    981 ,    132         ,
27 ,    165 ,     q ,    4 ,     254 ,     325 ,    1401 ,    186         ,
27 ,    205 ,     q ,    4 ,     270 ,     288 ,    1812 ,    226         ,
27 ,    245 ,     q ,    4 ,     348 ,     449 ,    2301 ,    283         ,
27 ,    285 ,     q ,    4 ,     396 ,     657 ,    2700 ,    336         ,
27 ,    325 ,     q ,    4 ,     448 ,     843 ,    3120 ,    385         ,
27 ,    365 ,     q ,    4 ,     532 ,     834 ,    3696 ,    442         ,
27 ,    405 ,     q ,    4 ,     588 ,     593 ,    4263 ,    617         ,
27 ,    445 ,     q ,    4 ,     696 ,     1289 ,    4719 ,    565         ,
27 ,    485 ,     q ,    4 ,     664 ,     765 ,    5214 ,    618         ,
27 ,    525 ,     q ,    4 ,     730 ,     785 ,    5715 ,    667         ,
27 ,    565 ,     q ,    4 ,     892 ,     1046 ,    6285 ,    743         ,
27 ,    605 ,     q ,    4 ,     834 ,     1025 ,    6678 ,    785         ,
27 ,    645 ,     q ,    4 ,     902 ,     998 ,    7308 ,    843         ,
27 ,    685 ,     q ,    4 ,     1050 ,     971 ,    7917 ,    913         ,
27 ,    725 ,     q ,    4 ,     940 ,     1161 ,    8427 ,    967         ,
27 ,    765 ,     q ,    4 ,     1112 ,     1276 ,    8988 ,    1029         ,
27 ,    805 ,     q ,    4 ,     1102 ,     1853 ,    9387 ,    1183         ,
27 ,    845 ,     q ,    4 ,     1254 ,     1507 ,    10191 ,    1157         ,
27 ,    885 ,     q ,    4 ,     1300 ,     1593 ,    10713 ,    1327         ,
27 ,    925 ,     q ,    4 ,     1410 ,     1559 ,    11283 ,    1294         ,
27 ,    965 ,     q ,    4 ,     1400 ,     1839 ,    11724 ,    1439         ,
27 ,    1005 ,     q ,    4 ,     1548 ,     2351 ,    12372 ,    1403         ,
27 ,    1045 ,     q ,    4 ,     1652 ,     1754 ,    13086 ,    1482         ,
27 ,    1085 ,     q ,    4 ,     1424 ,     1940 ,    13500 ,    1516         ,
27 ,    1125 ,     q ,    4 ,     1626 ,     2922 ,    13920 ,    1583         ,
27 ,    1165 ,     q ,    4 ,     1548 ,     2712 ,    14508 ,    1615         ,
27 ,    1205 ,     q ,    4 ,     1876 ,     1926 ,    15468 ,    1741         ,
27 ,    1245 ,     q ,    4 ,     1698 ,     2917 ,    15657 ,    1757         ,
27 ,    1285 ,     q ,    4 ,     1766 ,     2711 ,    16350 ,    1824         ,
27 ,    1325 ,     q ,    4 ,     1994 ,     2058 ,    17172 ,    1919         ,
27 ,    1365 ,     q ,    4 ,     1956 ,     3114 ,    17616 ,    1973         ,
27 ,    1405 ,     q ,    4 ,     2314 ,     2212 ,    18603 ,    2078         ,
27 ,    1445 ,     q ,    4 ,     2166 ,     2284 ,    18984 ,    2127         ,
27 ,    1485 ,     q ,    4 ,     1868 ,     3525 ,    19044 ,    2104         ,
27 ,    1525 ,     q ,    4 ,     2128 ,     2905 ,    19902 ,    2333         ,
27 ,    1565 ,     q ,    4 ,     2484 ,     2724 ,    20838 ,    2326         ,
27 ,    1605 ,     q ,    4 ,     2318 ,     2673 ,    21573 ,    2397         ,
27 ,    1645 ,     q ,    4 ,     2326 ,     2688 ,    22005 ,    2429         ,
27 ,    1685 ,     q ,    4 ,     2384 ,     3134 ,    22626 ,    2555         ,
27 ,    1725 ,     q ,    4 ,     2152 ,     2592 ,    22974 ,    2544         ,
27 ,    1765 ,     q ,    4 ,     2446 ,     3256 ,    23802 ,    2644         ,
27 ,    1805 ,     q ,    4 ,     2730 ,     4528 ,    24438 ,    2700         ,
27 ,    1845 ,     q ,    4 ,     2552 ,     3228 ,    25077 ,    2870         ,
27 ,    1885 ,     q ,    4 ,     2660 ,     2838 ,    25917 ,    2852         ,
27 ,    1925 ,     q ,    4 ,     3082 ,     4753 ,    26421 ,    2922         ,
27 ,    1965 ,     q ,    4 ,     3012 ,     4650 ,    27003 ,    2997         ,
27 ,    2005 ,     q ,    4 ,     3022 ,     3237 ,    27690 ,    3064         ,
27 ,    2045 ,     q ,    4 ,     2680 ,     3305 ,    28227 ,    3102         ,
27 ,    2085 ,     q ,    4 ,     3086 ,     3483 ,    29064 ,    3192         ,
27 ,    2125 ,     q ,    4 ,     3162 ,     3623 ,    29628 ,    3255         ,
27 ,    2165 ,     q ,    4 ,     3274 ,     3913 ,    30204 ,    3442         ,
27 ,    2205 ,     q ,    4 ,     3310 ,     5219 ,    30756 ,    3482         ,
27 ,    2245 ,     q ,    4 ,     3410 ,     4433 ,    31575 ,    3692         ,
27 ,    2285 ,     q ,    4 ,     3268 ,     3672 ,    32082 ,    3561         ,
27 ,    2325 ,     q ,    4 ,     3216 ,     3358 ,    32643 ,    3722         ,
27 ,    2365 ,     q ,    4 ,     3332 ,     4993 ,    33444 ,    3796         ,
27 ,    2405 ,     q ,    4 ,     3328 ,     4062 ,    33714 ,    3848         ,
27 ,    2445 ,     q ,    4 ,     3758 ,     3840 ,    35073 ,    3891         ,
27 ,    2485 ,     q ,    4 ,     3770 ,     4051 ,    35349 ,    3892         ,
27 ,    2525 ,     q ,    4 ,     3794 ,     3921 ,    36135 ,    4094         ,
27 ,    2565 ,     q ,    4 ,     3306 ,     5457 ,    36249 ,    3961         ,
27 ,    2605 ,     q ,    4 ,     3546 ,     5591 ,    37230 ,    4041         ,
27 ,    2645 ,     q ,    4 ,     4016 ,     4710 ,    38166 ,    4256         ,
27 ,    2685 ,     q ,    4 ,     3910 ,     5764 ,    38451 ,    4198         ,
27 ,    2725 ,     q ,    4 ,     3906 ,     4286 ,    39417 ,    4317         ,
27 ,    2765 ,     q ,    4 ,     3618 ,     6090 ,    39537 ,    4397         ,
27 ,    2805 ,     q ,    4 ,     4064 ,     4838 ,    40506 ,    4419         ,
27 ,    2845 ,     q ,    4 ,     4056 ,     6183 ,    40947 ,    4587         ,
27 ,    2885 ,     q ,    4 ,     4222 ,     4525 ,    42072 ,    4603         ,
27 ,    2925 ,     q ,    4 ,     4032 ,     5575 ,    42366 ,    4712         ,
27 ,    2965 ,     q ,    4 ,     4404 ,     4670 ,    43536 ,    4743         ,
27 ,    3005 ,     q ,    4 ,     4894 ,     6029 ,    44601 ,    4966         ,
27 ,    3045 ,     q ,    4 ,     3986 ,     6010 ,    44001 ,    4750         ,
27 ,    3085 ,     q ,    4 ,     4056 ,     5395 ,    45141 ,    4996         ,
27 ,    3125 ,     q ,    4 ,     4514 ,     6078 ,    46287 ,    5126         ,
27 ,    3165 ,     q ,    4 ,     4556 ,     5880 ,    46737 ,    5072         ,
27 ,    3205 ,     q ,    4 ,     4714 ,     5049 ,    47274 ,    5254         ,
27 ,    3245 ,     q ,    4 ,     4384 ,     7204 ,    47385 ,    5100         ,
27 ,    3285 ,     q ,    4 ,     5280 ,     7331 ,    48783 ,    5427         ,
27 ,    3325 ,     q ,    4 ,     5222 ,     8812 ,    49467 ,    5701         ,
27 ,    3365 ,     q ,    4 ,     4600 ,     6354 ,    49668 ,    5374         ,
27 ,    3405 ,     q ,    4 ,     4980 ,     6170 ,    50772 ,    5537         ,
27 ,    3445 ,     q ,    4 ,     5026 ,     6315 ,    51339 ,    5699         ,
27 ,    3485 ,     q ,    4 ,     5220 ,     7471 ,    51795 ,    5709         ,
27 ,    3525 ,     q ,    4 ,     5318 ,     9155 ,    52587 ,    5717         ,
27 ,    3565 ,     q ,    4 ,     5362 ,     7215 ,    53529 ,    5958         ,
27 ,    3605 ,     q ,    4 ,     5482 ,     6611 ,    54351 ,    6004         ,
27 ,    3645 ,     q ,    4 ,     5518 ,     9543 ,    54657 ,    6045         ,
27 ,    3685 ,     q ,    4 ,     4894 ,     5522 ,    55524 ,    5987         ,
27 ,    3725 ,     q ,    4 ,     4990 ,     5685 ,    56037 ,    6027         ,
27 ,    3765 ,     q ,    4 ,     5398 ,     7775 ,    56811 ,    6157         ,
27 ,    3805 ,     q ,    4 ,     5100 ,     6910 ,    57231 ,    6151         ,
27 ,    3845 ,     q ,    4 ,     5792 ,     8592 ,    58320 ,    6432         ,
27 ,    3885 ,     q ,    4 ,     5652 ,     8487 ,    58869 ,    6477         ,
27 ,    3925 ,     q ,    4 ,     5602 ,     6170 ,    59748 ,    6570         ,
27 ,    3965 ,     q ,    4 ,     5584 ,     7425 ,    60393 ,    6623         ,
27 ,    4005 ,     q ,    4 ,     5124 ,     6890 ,    60507 ,    6824         ,
27 ,    4045 ,     q ,    4 ,     5028 ,     6900 ,    61011 ,    6625         ,
27 ,    4085 ,     q ,    4 ,     5986 ,     6634 ,    63003 ,    6887         ,
27 ,    4125 ,     q ,    4 ,     6088 ,     5849 ,    63603 ,    6959         ,
27 ,    4165 ,     q ,    4 ,     6572 ,     7301 ,    64407 ,    7099         ,
27 ,    4205 ,     q ,    4 ,     5686 ,     9293 ,    63624 ,    7056         ,
27 ,    4245 ,     q ,    4 ,     6350 ,     7069 ,    65493 ,    7098         ,
27 ,    4285 ,     q ,    4 ,     6280 ,     7947 ,    65658 ,    7896         ,
27 ,    4325 ,     q ,    4 ,     6354 ,     8624 ,    66639 ,    7288         ,
27 ,    4365 ,     q ,    4 ,     6050 ,     8718 ,    66864 ,    7294         ,
27 ,    4405 ,     q ,    4 ,     7076 ,     8177 ,    68832 ,    7540         ,
27 ,    4445 ,     q ,    4 ,     6162 ,     8325 ,    68337 ,    7312         ,
27 ,    4485 ,     q ,    4 ,     6182 ,     8398 ,    69027 ,    8183         ,
27 ,    4525 ,     q ,    4 ,     6682 ,     7223 ,    70377 ,    7862         ,
27 ,    4565 ,     q ,    4 ,     6128 ,     7891 ,    69990 ,    7764         ,
27 ,    4605 ,     q ,    4 ,     6980 ,     7122 ,    71940 ,    7816         ,
27 ,    4645 ,     q ,    4 ,     6188 ,     6983 ,    71817 ,    7805         ,
27 ,    4685 ,     q ,    4 ,     7278 ,     7842 ,    73455 ,    10383         ,
27 ,    4725 ,     q ,    4 ,     6466 ,     10381 ,    72258 ,    7912         ,
27 ,    4765 ,     q ,    4 ,     7510 ,     7571 ,    75435 ,    8246         ,
27 ,    4805 ,     q ,    4 ,     7288 ,     9197 ,    75342 ,    8334         ,
27 ,    4845 ,     q ,    4 ,     7268 ,     8591 ,    76305 ,    8331         ,
27 ,    4885 ,     q ,    4 ,     6648 ,     8316 ,    75990 ,    8272         ,
27 ,    4925 ,     q ,    4 ,     7264 ,     8059 ,    77199 ,    8435         ,
27 ,    4965 ,     q ,    4 ,     7320 ,     7984 ,    78141 ,    8552         ,


