SEED ,  SIZE ,  ALG ,  TYPE ,  CALLS ,  CMP ,     MOVE ,    TIME              ,
27 ,    5 ,     qi ,    0 ,     3 ,     11 ,    14 ,    8         ,
27 ,    45 ,     qi ,    0 ,     4 ,     491 ,    499 ,    72         ,
27 ,    85 ,     qi ,    0 ,     10 ,     973 ,    996 ,    138         ,
27 ,    125 ,     qi ,    0 ,     16 ,     1197 ,    1240 ,    185         ,
27 ,    165 ,     qi ,    0 ,     13 ,     1696 ,    1878 ,    267         ,
27 ,    205 ,     qi ,    0 ,     24 ,     2498 ,    2268 ,    337         ,
27 ,    245 ,     qi ,    0 ,     19 ,     3240 ,    3238 ,    475         ,
27 ,    285 ,     qi ,    0 ,     28 ,     3141 ,    3464 ,    510         ,
27 ,    325 ,     qi ,    0 ,     28 ,     3750 ,    4065 ,    591         ,
27 ,    365 ,     qi ,    0 ,     40 ,     4126 ,    4349 ,    645         ,
27 ,    405 ,     qi ,    0 ,     46 ,     4799 ,    4789 ,    742         ,
27 ,    445 ,     qi ,    0 ,     49 ,     5318 ,    5684 ,    838         ,
27 ,    485 ,     qi ,    0 ,     52 ,     6144 ,    6388 ,    1045         ,
27 ,    525 ,     qi ,    0 ,     63 ,     6320 ,    6683 ,    991         ,
27 ,    565 ,     qi ,    0 ,     58 ,     6615 ,    7013 ,    1060         ,
27 ,    605 ,     qi ,    0 ,     64 ,     6722 ,    7383 ,    1118         ,
27 ,    645 ,     qi ,    0 ,     79 ,     9395 ,    8252 ,    1260         ,
27 ,    685 ,     qi ,    0 ,     82 ,     8303 ,    8751 ,    1311         ,
27 ,    725 ,     qi ,    0 ,     90 ,     9572 ,    9471 ,    1432         ,
27 ,    765 ,     qi ,    0 ,     82 ,     10016 ,    10245 ,    1535         ,
27 ,    805 ,     qi ,    0 ,     100 ,     11320 ,    10991 ,    1748         ,
27 ,    845 ,     qi ,    0 ,     97 ,     9755 ,    10759 ,    1638         ,
27 ,    885 ,     qi ,    0 ,     127 ,     11264 ,    11058 ,    1884         ,
27 ,    925 ,     qi ,    0 ,     91 ,     12166 ,    12789 ,    1909         ,
27 ,    965 ,     qi ,    0 ,     118 ,     12719 ,    12164 ,    1893         ,
27 ,    1005 ,     qi ,    0 ,     117 ,     14371 ,    12757 ,    1978         ,
27 ,    1045 ,     qi ,    0 ,     111 ,     12939 ,    14025 ,    2092         ,
27 ,    1085 ,     qi ,    0 ,     111 ,     15972 ,    14420 ,    2221         ,
27 ,    1125 ,     qi ,    0 ,     133 ,     14660 ,    13779 ,    2150         ,
27 ,    1165 ,     qi ,    0 ,     129 ,     15618 ,    15826 ,    2393         ,
27 ,    1205 ,     qi ,    0 ,     126 ,     15430 ,    16697 ,    2518         ,
27 ,    1245 ,     qi ,    0 ,     145 ,     17350 ,    16030 ,    2582         ,
27 ,    1285 ,     qi ,    0 ,     154 ,     18349 ,    17884 ,    2708         ,
27 ,    1325 ,     qi ,    0 ,     151 ,     17395 ,    17239 ,    2746         ,
27 ,    1365 ,     qi ,    0 ,     167 ,     19041 ,    18654 ,    2849         ,
27 ,    1405 ,     qi ,    0 ,     136 ,     19977 ,    19889 ,    3012         ,
27 ,    1445 ,     qi ,    0 ,     168 ,     21306 ,    20420 ,    3131         ,
27 ,    1485 ,     qi ,    0 ,     159 ,     20561 ,    20584 ,    3153         ,
27 ,    1525 ,     qi ,    0 ,     154 ,     20851 ,    21356 ,    3331         ,
27 ,    1565 ,     qi ,    0 ,     174 ,     21999 ,    21599 ,    3283         ,
27 ,    1605 ,     qi ,    0 ,     203 ,     22447 ,    21319 ,    3316         ,
27 ,    1645 ,     qi ,    0 ,     169 ,     23291 ,    23449 ,    3578         ,
27 ,    1685 ,     qi ,    0 ,     178 ,     21380 ,    23042 ,    3584         ,
27 ,    1725 ,     qi ,    0 ,     182 ,     22495 ,    23921 ,    3641         ,
27 ,    1765 ,     qi ,    0 ,     190 ,     26706 ,    25563 ,    3936         ,
27 ,    1805 ,     qi ,    0 ,     216 ,     28332 ,    24187 ,    3910         ,
27 ,    1845 ,     qi ,    0 ,     208 ,     25641 ,    26050 ,    5982         ,
27 ,    1885 ,     qi ,    0 ,     193 ,     28982 ,    26941 ,    4139         ,
27 ,    1925 ,     qi ,    0 ,     201 ,     29446 ,    27280 ,    4177         ,
27 ,    1965 ,     qi ,    0 ,     217 ,     28266 ,    27901 ,    4466         ,
27 ,    2005 ,     qi ,    0 ,     217 ,     27902 ,    27870 ,    4278         ,
27 ,    2045 ,     qi ,    0 ,     244 ,     29151 ,    29159 ,    4593         ,
27 ,    2085 ,     qi ,    0 ,     231 ,     29794 ,    29640 ,    4692         ,
27 ,    2125 ,     qi ,    0 ,     229 ,     32092 ,    30417 ,    4685         ,
27 ,    2165 ,     qi ,    0 ,     246 ,     30026 ,    31030 ,    4847         ,
27 ,    2205 ,     qi ,    0 ,     247 ,     34243 ,    31012 ,    4966         ,
27 ,    2245 ,     qi ,    0 ,     256 ,     33564 ,    32068 ,    4963         ,
27 ,    2285 ,     qi ,    0 ,     237 ,     32349 ,    33163 ,    5165         ,
27 ,    2325 ,     qi ,    0 ,     271 ,     33171 ,    33319 ,    5264         ,
27 ,    2365 ,     qi ,    0 ,     280 ,     35643 ,    33493 ,    5337         ,
27 ,    2405 ,     qi ,    0 ,     258 ,     36080 ,    35629 ,    5475         ,
27 ,    2445 ,     qi ,    0 ,     274 ,     36243 ,    35325 ,    5845         ,
27 ,    2485 ,     qi ,    0 ,     279 ,     35644 ,    35511 ,    5518         ,
27 ,    2525 ,     qi ,    0 ,     268 ,     37368 ,    37047 ,    5754         ,
27 ,    2565 ,     qi ,    0 ,     279 ,     36563 ,    37483 ,    5829         ,
27 ,    2605 ,     qi ,    0 ,     279 ,     39155 ,    37302 ,    5890         ,
27 ,    2645 ,     qi ,    0 ,     300 ,     43575 ,    37965 ,    6036         ,
27 ,    2685 ,     qi ,    0 ,     284 ,     38982 ,    39783 ,    6097         ,
27 ,    2725 ,     qi ,    0 ,     326 ,     40835 ,    39382 ,    6130         ,
27 ,    2765 ,     qi ,    0 ,     305 ,     43286 ,    39426 ,    8001         ,
27 ,    2805 ,     qi ,    0 ,     320 ,     40117 ,    40542 ,    6324         ,
27 ,    2845 ,     qi ,    0 ,     359 ,     40881 ,    39422 ,    6241         ,
27 ,    2885 ,     qi ,    0 ,     322 ,     41337 ,    41753 ,    6549         ,
27 ,    2925 ,     qi ,    0 ,     340 ,     42055 ,    42817 ,    6966         ,
27 ,    2965 ,     qi ,    0 ,     372 ,     42044 ,    41145 ,    6531         ,
27 ,    3005 ,     qi ,    0 ,     345 ,     45118 ,    44558 ,    6858         ,
27 ,    3045 ,     qi ,    0 ,     348 ,     42214 ,    45198 ,    6903         ,
27 ,    3085 ,     qi ,    0 ,     372 ,     44155 ,    43381 ,    6783         ,
27 ,    3125 ,     qi ,    0 ,     345 ,     43843 ,    45548 ,    7048         ,
27 ,    3165 ,     qi ,    0 ,     367 ,     47166 ,    45520 ,    7175         ,
27 ,    3205 ,     qi ,    0 ,     354 ,     45689 ,    46785 ,    7309         ,
27 ,    3245 ,     qi ,    0 ,     391 ,     49663 ,    48426 ,    7554         ,
27 ,    3285 ,     qi ,    0 ,     371 ,     49691 ,    48733 ,    7616         ,
27 ,    3325 ,     qi ,    0 ,     408 ,     51931 ,    48248 ,    7571         ,
27 ,    3365 ,     qi ,    0 ,     415 ,     50996 ,    48486 ,    7852         ,
27 ,    3405 ,     qi ,    0 ,     370 ,     51595 ,    50008 ,    7823         ,
27 ,    3445 ,     qi ,    0 ,     403 ,     48534 ,    48907 ,    7703         ,
27 ,    3485 ,     qi ,    0 ,     403 ,     52240 ,    51542 ,    8154         ,
27 ,    3525 ,     qi ,    0 ,     408 ,     54532 ,    52313 ,    8317         ,
27 ,    3565 ,     qi ,    0 ,     451 ,     53942 ,    50076 ,    7873         ,
27 ,    3605 ,     qi ,    0 ,     422 ,     53938 ,    51968 ,    8275         ,
27 ,    3645 ,     qi ,    0 ,     434 ,     55793 ,    53368 ,    8479         ,
27 ,    3685 ,     qi ,    0 ,     420 ,     50413 ,    53703 ,    8640         ,
27 ,    3725 ,     qi ,    0 ,     417 ,     56497 ,    54288 ,    8527         ,
27 ,    3765 ,     qi ,    0 ,     406 ,     54958 ,    54713 ,    8670         ,
27 ,    3805 ,     qi ,    0 ,     419 ,     59184 ,    57117 ,    8892         ,
27 ,    3845 ,     qi ,    0 ,     445 ,     59263 ,    56650 ,    8991         ,
27 ,    3885 ,     qi ,    0 ,     427 ,     58930 ,    57639 ,    9293         ,
27 ,    3925 ,     qi ,    0 ,     408 ,     57481 ,    57952 ,    9070         ,
27 ,    3965 ,     qi ,    0 ,     473 ,     64634 ,    57473 ,    9245         ,
27 ,    4005 ,     qi ,    0 ,     464 ,     61007 ,    59234 ,    9399         ,
27 ,    4045 ,     qi ,    0 ,     468 ,     60785 ,    59774 ,    9369         ,
27 ,    4085 ,     qi ,    0 ,     456 ,     59515 ,    60464 ,    9666         ,
27 ,    4125 ,     qi ,    0 ,     469 ,     64048 ,    61033 ,    9689         ,
27 ,    4165 ,     qi ,    0 ,     473 ,     62598 ,    62618 ,    9812         ,
27 ,    4205 ,     qi ,    0 ,     497 ,     65416 ,    62937 ,    9983         ,
27 ,    4245 ,     qi ,    0 ,     473 ,     63501 ,    62830 ,    9827         ,
27 ,    4285 ,     qi ,    0 ,     482 ,     65591 ,    63886 ,    10100         ,
27 ,    4325 ,     qi ,    0 ,     504 ,     66164 ,    63529 ,    10060         ,
27 ,    4365 ,     qi ,    0 ,     510 ,     65649 ,    63602 ,    10339         ,
27 ,    4405 ,     qi ,    0 ,     492 ,     74724 ,    65594 ,    10664         ,
27 ,    4445 ,     qi ,    0 ,     484 ,     66765 ,    68468 ,    10764         ,
27 ,    4485 ,     qi ,    0 ,     490 ,     69173 ,    67191 ,    10612         ,
27 ,    4525 ,     qi ,    0 ,     499 ,     72974 ,    69342 ,    10958         ,
27 ,    4565 ,     qi ,    0 ,     527 ,     75286 ,    68512 ,    10995         ,
27 ,    4605 ,     qi ,    0 ,     509 ,     71270 ,    69778 ,    10978         ,
27 ,    4645 ,     qi ,    0 ,     534 ,     70642 ,    69963 ,    11062         ,
27 ,    4685 ,     qi ,    0 ,     536 ,     73158 ,    68841 ,    13417         ,
27 ,    4725 ,     qi ,    0 ,     551 ,     67620 ,    69330 ,    10960         ,
27 ,    4765 ,     qi ,    0 ,     531 ,     71782 ,    70966 ,    11434         ,
27 ,    4805 ,     qi ,    0 ,     550 ,     75502 ,    71457 ,    11363         ,
27 ,    4845 ,     qi ,    0 ,     555 ,     76048 ,    71823 ,    11407         ,
27 ,    4885 ,     qi ,    0 ,     546 ,     74933 ,    72541 ,    11375         ,
27 ,    4925 ,     qi ,    0 ,     564 ,     77337 ,    73114 ,    11567         ,
27 ,    4965 ,     qi ,    0 ,     569 ,     82550 ,    75202 ,    12066         ,
27 ,    5 ,     qi ,    1 ,     4 ,     6 ,    7 ,    4         ,
27 ,    45 ,     qi ,    1 ,     4 ,     86 ,    87 ,    14         ,
27 ,    85 ,     qi ,    1 ,     4 ,     166 ,    167 ,    23         ,
27 ,    125 ,     qi ,    1 ,     10 ,     364 ,    245 ,    38         ,
27 ,    165 ,     qi ,    1 ,     10 ,     484 ,    325 ,    51         ,
27 ,    205 ,     qi ,    1 ,     10 ,     604 ,    405 ,    62         ,
27 ,    245 ,     qi ,    1 ,     22 ,     954 ,    481 ,    79         ,
27 ,    285 ,     qi ,    1 ,     22 ,     1114 ,    561 ,    94         ,
27 ,    325 ,     qi ,    1 ,     22 ,     1274 ,    641 ,    109         ,
27 ,    365 ,     qi ,    1 ,     22 ,     1434 ,    721 ,    123         ,
27 ,    405 ,     qi ,    1 ,     22 ,     1594 ,    801 ,    136         ,
27 ,    445 ,     qi ,    1 ,     46 ,     2168 ,    873 ,    165         ,
27 ,    485 ,     qi ,    1 ,     46 ,     2368 ,    953 ,    177         ,
27 ,    525 ,     qi ,    1 ,     46 ,     2568 ,    1033 ,    190         ,
27 ,    565 ,     qi ,    1 ,     46 ,     2768 ,    1113 ,    206         ,
27 ,    605 ,     qi ,    1 ,     46 ,     2968 ,    1193 ,    221         ,
27 ,    645 ,     qi ,    1 ,     46 ,     3168 ,    1273 ,    241         ,
27 ,    685 ,     qi ,    1 ,     46 ,     3368 ,    1353 ,    249         ,
27 ,    725 ,     qi ,    1 ,     46 ,     3568 ,    1433 ,    265         ,
27 ,    765 ,     qi ,    1 ,     46 ,     3768 ,    1513 ,    276         ,
27 ,    805 ,     qi ,    1 ,     46 ,     3968 ,    1593 ,    298         ,
27 ,    845 ,     qi ,    1 ,     88 ,     4854 ,    1659 ,    331         ,
27 ,    885 ,     qi ,    1 ,     94 ,     5190 ,    1737 ,    352         ,
27 ,    925 ,     qi ,    1 ,     94 ,     5430 ,    1817 ,    367         ,
27 ,    965 ,     qi ,    1 ,     94 ,     5670 ,    1897 ,    386         ,
27 ,    1005 ,     qi ,    1 ,     94 ,     5910 ,    1977 ,    401         ,
27 ,    1045 ,     qi ,    1 ,     94 ,     6150 ,    2057 ,    418         ,
27 ,    1085 ,     qi ,    1 ,     94 ,     6390 ,    2137 ,    428         ,
27 ,    1125 ,     qi ,    1 ,     94 ,     6630 ,    2217 ,    449         ,
27 ,    1165 ,     qi ,    1 ,     94 ,     6870 ,    2297 ,    462         ,
27 ,    1205 ,     qi ,    1 ,     94 ,     7110 ,    2377 ,    478         ,
27 ,    1245 ,     qi ,    1 ,     94 ,     7350 ,    2457 ,    488         ,
27 ,    1285 ,     qi ,    1 ,     94 ,     7590 ,    2537 ,    513         ,
27 ,    1325 ,     qi ,    1 ,     94 ,     7830 ,    2617 ,    629         ,
27 ,    1365 ,     qi ,    1 ,     94 ,     8070 ,    2697 ,    544         ,
27 ,    1405 ,     qi ,    1 ,     94 ,     8310 ,    2777 ,    555         ,
27 ,    1445 ,     qi ,    1 ,     94 ,     8550 ,    2857 ,    571         ,
27 ,    1485 ,     qi ,    1 ,     94 ,     8790 ,    2937 ,    588         ,
27 ,    1525 ,     qi ,    1 ,     94 ,     9030 ,    3017 ,    602         ,
27 ,    1565 ,     qi ,    1 ,     94 ,     9270 ,    3097 ,    725         ,
27 ,    1605 ,     qi ,    1 ,     94 ,     9510 ,    3177 ,    639         ,
27 ,    1645 ,     qi ,    1 ,     94 ,     9750 ,    3257 ,    650         ,
27 ,    1685 ,     qi ,    1 ,     160 ,     11068 ,    3315 ,    753         ,
27 ,    1725 ,     qi ,    1 ,     190 ,     11828 ,    3385 ,    742         ,
27 ,    1765 ,     qi ,    1 ,     190 ,     12108 ,    3465 ,    759         ,
27 ,    1805 ,     qi ,    1 ,     190 ,     12388 ,    3545 ,    773         ,
27 ,    1845 ,     qi ,    1 ,     190 ,     12668 ,    3625 ,    793         ,
27 ,    1885 ,     qi ,    1 ,     190 ,     12948 ,    3705 ,    812         ,
27 ,    1925 ,     qi ,    1 ,     190 ,     13228 ,    3785 ,    823         ,
27 ,    1965 ,     qi ,    1 ,     190 ,     13508 ,    3865 ,    844         ,
27 ,    2005 ,     qi ,    1 ,     190 ,     13788 ,    3945 ,    856         ,
27 ,    2045 ,     qi ,    1 ,     190 ,     14068 ,    4025 ,    878         ,
27 ,    2085 ,     qi ,    1 ,     190 ,     14348 ,    4105 ,    901         ,
27 ,    2125 ,     qi ,    1 ,     190 ,     14628 ,    4185 ,    912         ,
27 ,    2165 ,     qi ,    1 ,     190 ,     14908 ,    4265 ,    929         ,
27 ,    2205 ,     qi ,    1 ,     190 ,     15188 ,    4345 ,    947         ,
27 ,    2245 ,     qi ,    1 ,     190 ,     15468 ,    4425 ,    974         ,
27 ,    2285 ,     qi ,    1 ,     190 ,     15748 ,    4505 ,    977         ,
27 ,    2325 ,     qi ,    1 ,     190 ,     16028 ,    4585 ,    993         ,
27 ,    2365 ,     qi ,    1 ,     190 ,     16308 ,    4665 ,    1015         ,
27 ,    2405 ,     qi ,    1 ,     190 ,     16588 ,    4745 ,    1037         ,
27 ,    2445 ,     qi ,    1 ,     190 ,     16868 ,    4825 ,    1108         ,
27 ,    2485 ,     qi ,    1 ,     190 ,     17148 ,    4905 ,    1064         ,
27 ,    2525 ,     qi ,    1 ,     190 ,     17428 ,    4985 ,    1081         ,
27 ,    2565 ,     qi ,    1 ,     190 ,     17708 ,    5065 ,    1117         ,
27 ,    2605 ,     qi ,    1 ,     190 ,     17988 ,    5145 ,    1120         ,
27 ,    2645 ,     qi ,    1 ,     190 ,     18268 ,    5225 ,    1138         ,
27 ,    2685 ,     qi ,    1 ,     190 ,     18548 ,    5305 ,    1152         ,
27 ,    2725 ,     qi ,    1 ,     190 ,     18828 ,    5385 ,    1183         ,
27 ,    2765 ,     qi ,    1 ,     190 ,     19108 ,    5465 ,    1187         ,
27 ,    2805 ,     qi ,    1 ,     190 ,     19388 ,    5545 ,    1202         ,
27 ,    2845 ,     qi ,    1 ,     190 ,     19668 ,    5625 ,    1324         ,
27 ,    2885 ,     qi ,    1 ,     190 ,     19948 ,    5705 ,    1240         ,
27 ,    2925 ,     qi ,    1 ,     190 ,     20228 ,    5785 ,    1257         ,
27 ,    2965 ,     qi ,    1 ,     190 ,     20508 ,    5865 ,    1381         ,
27 ,    3005 ,     qi ,    1 ,     190 ,     20788 ,    5945 ,    1295         ,
27 ,    3045 ,     qi ,    1 ,     190 ,     21068 ,    6025 ,    1310         ,
27 ,    3085 ,     qi ,    1 ,     190 ,     21348 ,    6105 ,    1344         ,
27 ,    3125 ,     qi ,    1 ,     190 ,     21628 ,    6185 ,    1344         ,
27 ,    3165 ,     qi ,    1 ,     190 ,     21908 ,    6265 ,    1366         ,
27 ,    3205 ,     qi ,    1 ,     190 ,     22188 ,    6345 ,    1379         ,
27 ,    3245 ,     qi ,    1 ,     190 ,     22468 ,    6425 ,    1400         ,
27 ,    3285 ,     qi ,    1 ,     190 ,     22748 ,    6505 ,    1414         ,
27 ,    3325 ,     qi ,    1 ,     190 ,     23028 ,    6585 ,    1434         ,
27 ,    3365 ,     qi ,    1 ,     304 ,     25170 ,    6627 ,    1506         ,
27 ,    3405 ,     qi ,    1 ,     382 ,     26738 ,    6681 ,    1575         ,
27 ,    3445 ,     qi ,    1 ,     382 ,     27058 ,    6761 ,    1589         ,
27 ,    3485 ,     qi ,    1 ,     382 ,     27378 ,    6841 ,    1618         ,
27 ,    3525 ,     qi ,    1 ,     382 ,     27698 ,    6921 ,    1731         ,
27 ,    3565 ,     qi ,    1 ,     382 ,     28018 ,    7001 ,    1656         ,
27 ,    3605 ,     qi ,    1 ,     382 ,     28338 ,    7081 ,    1665         ,
27 ,    3645 ,     qi ,    1 ,     382 ,     28658 ,    7161 ,    1690         ,
27 ,    3685 ,     qi ,    1 ,     382 ,     28978 ,    7241 ,    1711         ,
27 ,    3725 ,     qi ,    1 ,     382 ,     29298 ,    7321 ,    1829         ,
27 ,    3765 ,     qi ,    1 ,     382 ,     29618 ,    7401 ,    2037         ,
27 ,    3805 ,     qi ,    1 ,     382 ,     29938 ,    7481 ,    1766         ,
27 ,    3845 ,     qi ,    1 ,     382 ,     30258 ,    7561 ,    1801         ,
27 ,    3885 ,     qi ,    1 ,     382 ,     30578 ,    7641 ,    1808         ,
27 ,    3925 ,     qi ,    1 ,     382 ,     30898 ,    7721 ,    1930         ,
27 ,    3965 ,     qi ,    1 ,     382 ,     31218 ,    7801 ,    1844         ,
27 ,    4005 ,     qi ,    1 ,     382 ,     31538 ,    7881 ,    1850         ,
27 ,    4045 ,     qi ,    1 ,     382 ,     31858 ,    7961 ,    1902         ,
27 ,    4085 ,     qi ,    1 ,     382 ,     32178 ,    8041 ,    1886         ,
27 ,    4125 ,     qi ,    1 ,     382 ,     32498 ,    8121 ,    2052         ,
27 ,    4165 ,     qi ,    1 ,     382 ,     32818 ,    8201 ,    1938         ,
27 ,    4205 ,     qi ,    1 ,     382 ,     33138 ,    8281 ,    2060         ,
27 ,    4245 ,     qi ,    1 ,     382 ,     33458 ,    8361 ,    1981         ,
27 ,    4285 ,     qi ,    1 ,     382 ,     33778 ,    8441 ,    2102         ,
27 ,    4325 ,     qi ,    1 ,     382 ,     34098 ,    8521 ,    2009         ,
27 ,    4365 ,     qi ,    1 ,     382 ,     34418 ,    8601 ,    2043         ,
27 ,    4405 ,     qi ,    1 ,     382 ,     34738 ,    8681 ,    2057         ,
27 ,    4445 ,     qi ,    1 ,     382 ,     35058 ,    8761 ,    2072         ,
27 ,    4485 ,     qi ,    1 ,     382 ,     35378 ,    8841 ,    2101         ,
27 ,    4525 ,     qi ,    1 ,     382 ,     35698 ,    8921 ,    2102         ,
27 ,    4565 ,     qi ,    1 ,     382 ,     36018 ,    9001 ,    2108         ,
27 ,    4605 ,     qi ,    1 ,     382 ,     36338 ,    9081 ,    2149         ,
27 ,    4645 ,     qi ,    1 ,     382 ,     36658 ,    9161 ,    2171         ,
27 ,    4685 ,     qi ,    1 ,     382 ,     36978 ,    9241 ,    2173         ,
27 ,    4725 ,     qi ,    1 ,     382 ,     37298 ,    9321 ,    2229         ,
27 ,    4765 ,     qi ,    1 ,     382 ,     37618 ,    9401 ,    2220         ,
27 ,    4805 ,     qi ,    1 ,     382 ,     37938 ,    9481 ,    2266         ,
27 ,    4845 ,     qi ,    1 ,     382 ,     38258 ,    9561 ,    2262         ,
27 ,    4885 ,     qi ,    1 ,     382 ,     38578 ,    9641 ,    2288         ,
27 ,    4925 ,     qi ,    1 ,     382 ,     38898 ,    9721 ,    2313         ,
27 ,    4965 ,     qi ,    1 ,     382 ,     39218 ,    9801 ,    2321         ,
27 ,    5 ,     qi ,    2 ,     4 ,     2 ,    13 ,    7         ,
27 ,    45 ,     qi ,    2 ,     4 ,     42 ,    153 ,    17         ,
27 ,    85 ,     qi ,    2 ,     4 ,     82 ,    293 ,    31         ,
27 ,    125 ,     qi ,    2 ,     10 ,     240 ,    431 ,    51         ,
27 ,    165 ,     qi ,    2 ,     10 ,     320 ,    571 ,    67         ,
27 ,    205 ,     qi ,    2 ,     10 ,     400 ,    711 ,    82         ,
27 ,    245 ,     qi ,    2 ,     22 ,     710 ,    847 ,    103         ,
27 ,    285 ,     qi ,    2 ,     22 ,     830 ,    987 ,    124         ,
27 ,    325 ,     qi ,    2 ,     22 ,     950 ,    1127 ,    139         ,
27 ,    365 ,     qi ,    2 ,     22 ,     1070 ,    1267 ,    158         ,
27 ,    405 ,     qi ,    2 ,     22 ,     1190 ,    1407 ,    174         ,
27 ,    445 ,     qi ,    2 ,     46 ,     1724 ,    1539 ,    204         ,
27 ,    485 ,     qi ,    2 ,     46 ,     1884 ,    1679 ,    223         ,
27 ,    525 ,     qi ,    2 ,     46 ,     2044 ,    1819 ,    244         ,
27 ,    565 ,     qi ,    2 ,     46 ,     2204 ,    1959 ,    261         ,
27 ,    605 ,     qi ,    2 ,     46 ,     2364 ,    2099 ,    280         ,
27 ,    645 ,     qi ,    2 ,     46 ,     2524 ,    2239 ,    293         ,
27 ,    685 ,     qi ,    2 ,     46 ,     2684 ,    2379 ,    315         ,
27 ,    725 ,     qi ,    2 ,     46 ,     2844 ,    2519 ,    337         ,
27 ,    765 ,     qi ,    2 ,     46 ,     3004 ,    2659 ,    351         ,
27 ,    805 ,     qi ,    2 ,     46 ,     3164 ,    2799 ,    372         ,
27 ,    845 ,     qi ,    2 ,     88 ,     4010 ,    2925 ,    413         ,
27 ,    885 ,     qi ,    2 ,     94 ,     4306 ,    3063 ,    436         ,
27 ,    925 ,     qi ,    2 ,     94 ,     4506 ,    3203 ,    457         ,
27 ,    965 ,     qi ,    2 ,     94 ,     4706 ,    3343 ,    479         ,
27 ,    1005 ,     qi ,    2 ,     94 ,     4906 ,    3483 ,    498         ,
27 ,    1045 ,     qi ,    2 ,     94 ,     5106 ,    3623 ,    517         ,
27 ,    1085 ,     qi ,    2 ,     94 ,     5306 ,    3763 ,    538         ,
27 ,    1125 ,     qi ,    2 ,     94 ,     5506 ,    3903 ,    555         ,
27 ,    1165 ,     qi ,    2 ,     94 ,     5706 ,    4043 ,    572         ,
27 ,    1205 ,     qi ,    2 ,     94 ,     5906 ,    4183 ,    590         ,
27 ,    1245 ,     qi ,    2 ,     94 ,     6106 ,    4323 ,    611         ,
27 ,    1285 ,     qi ,    2 ,     94 ,     6306 ,    4463 ,    736         ,
27 ,    1325 ,     qi ,    2 ,     94 ,     6506 ,    4603 ,    655         ,
27 ,    1365 ,     qi ,    2 ,     94 ,     6706 ,    4743 ,    669         ,
27 ,    1405 ,     qi ,    2 ,     94 ,     6906 ,    4883 ,    695         ,
27 ,    1445 ,     qi ,    2 ,     94 ,     7106 ,    5023 ,    932         ,
27 ,    1485 ,     qi ,    2 ,     94 ,     7306 ,    5163 ,    729         ,
27 ,    1525 ,     qi ,    2 ,     94 ,     7506 ,    5303 ,    751         ,
27 ,    1565 ,     qi ,    2 ,     94 ,     7706 ,    5443 ,    771         ,
27 ,    1605 ,     qi ,    2 ,     94 ,     7906 ,    5583 ,    788         ,
27 ,    1645 ,     qi ,    2 ,     94 ,     8106 ,    5723 ,    914         ,
27 ,    1685 ,     qi ,    2 ,     160 ,     9384 ,    5841 ,    909         ,
27 ,    1725 ,     qi ,    2 ,     190 ,     10104 ,    5971 ,    903         ,
27 ,    1765 ,     qi ,    2 ,     190 ,     10344 ,    6111 ,    924         ,
27 ,    1805 ,     qi ,    2 ,     190 ,     10584 ,    6251 ,    946         ,
27 ,    1845 ,     qi ,    2 ,     190 ,     10824 ,    6391 ,    964         ,
27 ,    1885 ,     qi ,    2 ,     190 ,     11064 ,    6531 ,    993         ,
27 ,    1925 ,     qi ,    2 ,     190 ,     11304 ,    6671 ,    1006         ,
27 ,    1965 ,     qi ,    2 ,     190 ,     11544 ,    6811 ,    1033         ,
27 ,    2005 ,     qi ,    2 ,     190 ,     11784 ,    6951 ,    1049         ,
27 ,    2045 ,     qi ,    2 ,     190 ,     12024 ,    7091 ,    1336         ,
27 ,    2085 ,     qi ,    2 ,     190 ,     12264 ,    7231 ,    1092         ,
27 ,    2125 ,     qi ,    2 ,     190 ,     12504 ,    7371 ,    1120         ,
27 ,    2165 ,     qi ,    2 ,     190 ,     12744 ,    7511 ,    1133         ,
27 ,    2205 ,     qi ,    2 ,     190 ,     12984 ,    7651 ,    1163         ,
27 ,    2245 ,     qi ,    2 ,     190 ,     13224 ,    7791 ,    1179         ,
27 ,    2285 ,     qi ,    2 ,     190 ,     13464 ,    7931 ,    1207         ,
27 ,    2325 ,     qi ,    2 ,     190 ,     13704 ,    8071 ,    1328         ,
27 ,    2365 ,     qi ,    2 ,     190 ,     13944 ,    8211 ,    1243         ,
27 ,    2405 ,     qi ,    2 ,     190 ,     14184 ,    8351 ,    1265         ,
27 ,    2445 ,     qi ,    2 ,     190 ,     14424 ,    8491 ,    1322         ,
27 ,    2485 ,     qi ,    2 ,     190 ,     14664 ,    8631 ,    1303         ,
27 ,    2525 ,     qi ,    2 ,     190 ,     14904 ,    8771 ,    1326         ,
27 ,    2565 ,     qi ,    2 ,     190 ,     15144 ,    8911 ,    1347         ,
27 ,    2605 ,     qi ,    2 ,     190 ,     15384 ,    9051 ,    1371         ,
27 ,    2645 ,     qi ,    2 ,     190 ,     15624 ,    9191 ,    1389         ,
27 ,    2685 ,     qi ,    2 ,     190 ,     15864 ,    9331 ,    1420         ,
27 ,    2725 ,     qi ,    2 ,     190 ,     16104 ,    9471 ,    1433         ,
27 ,    2765 ,     qi ,    2 ,     190 ,     16344 ,    9611 ,    1462         ,
27 ,    2805 ,     qi ,    2 ,     190 ,     16584 ,    9751 ,    1477         ,
27 ,    2845 ,     qi ,    2 ,     190 ,     16824 ,    9891 ,    1507         ,
27 ,    2885 ,     qi ,    2 ,     190 ,     17064 ,    10031 ,    1530         ,
27 ,    2925 ,     qi ,    2 ,     190 ,     17304 ,    10171 ,    1537         ,
27 ,    2965 ,     qi ,    2 ,     190 ,     17544 ,    10311 ,    1553         ,
27 ,    3005 ,     qi ,    2 ,     190 ,     17784 ,    10451 ,    1578         ,
27 ,    3045 ,     qi ,    2 ,     190 ,     18024 ,    10591 ,    1731         ,
27 ,    3085 ,     qi ,    2 ,     190 ,     18264 ,    10731 ,    1630         ,
27 ,    3125 ,     qi ,    2 ,     190 ,     18504 ,    10871 ,    1648         ,
27 ,    3165 ,     qi ,    2 ,     190 ,     18744 ,    11011 ,    1667         ,
27 ,    3205 ,     qi ,    2 ,     190 ,     18984 ,    11151 ,    1689         ,
27 ,    3245 ,     qi ,    2 ,     190 ,     19224 ,    11291 ,    1715         ,
27 ,    3285 ,     qi ,    2 ,     190 ,     19464 ,    11431 ,    1742         ,
27 ,    3325 ,     qi ,    2 ,     190 ,     19704 ,    11571 ,    1766         ,
27 ,    3365 ,     qi ,    2 ,     304 ,     21806 ,    11673 ,    1836         ,
27 ,    3405 ,     qi ,    2 ,     382 ,     23334 ,    11787 ,    2234         ,
27 ,    3445 ,     qi ,    2 ,     382 ,     23614 ,    11927 ,    1925         ,
27 ,    3485 ,     qi ,    2 ,     382 ,     23894 ,    12067 ,    2052         ,
27 ,    3525 ,     qi ,    2 ,     382 ,     24174 ,    12207 ,    1975         ,
27 ,    3565 ,     qi ,    2 ,     382 ,     24454 ,    12347 ,    1994         ,
27 ,    3605 ,     qi ,    2 ,     382 ,     24734 ,    12487 ,    2013         ,
27 ,    3645 ,     qi ,    2 ,     382 ,     25014 ,    12627 ,    2043         ,
27 ,    3685 ,     qi ,    2 ,     382 ,     25294 ,    12767 ,    2218         ,
27 ,    3725 ,     qi ,    2 ,     382 ,     25574 ,    12907 ,    2088         ,
27 ,    3765 ,     qi ,    2 ,     382 ,     25854 ,    13047 ,    2220         ,
27 ,    3805 ,     qi ,    2 ,     382 ,     26134 ,    13187 ,    3939         ,
27 ,    3845 ,     qi ,    2 ,     382 ,     26414 ,    13327 ,    2285         ,
27 ,    3885 ,     qi ,    2 ,     382 ,     26694 ,    13467 ,    2190         ,
27 ,    3925 ,     qi ,    2 ,     382 ,     26974 ,    13607 ,    2461         ,
27 ,    3965 ,     qi ,    2 ,     382 ,     27254 ,    13747 ,    2219         ,
27 ,    4005 ,     qi ,    2 ,     382 ,     27534 ,    13887 ,    2355         ,
27 ,    4045 ,     qi ,    2 ,     382 ,     27814 ,    14027 ,    2274         ,
27 ,    4085 ,     qi ,    2 ,     382 ,     28094 ,    14167 ,    2299         ,
27 ,    4125 ,     qi ,    2 ,     382 ,     28374 ,    14307 ,    2305         ,
27 ,    4165 ,     qi ,    2 ,     382 ,     28654 ,    14447 ,    2468         ,
27 ,    4205 ,     qi ,    2 ,     382 ,     28934 ,    14587 ,    2603         ,
27 ,    4245 ,     qi ,    2 ,     382 ,     29214 ,    14727 ,    2387         ,
27 ,    4285 ,     qi ,    2 ,     382 ,     29494 ,    14867 ,    2521         ,
27 ,    4325 ,     qi ,    2 ,     382 ,     29774 ,    15007 ,    2429         ,
27 ,    4365 ,     qi ,    2 ,     382 ,     30054 ,    15147 ,    2566         ,
27 ,    4405 ,     qi ,    2 ,     382 ,     30334 ,    15287 ,    2466         ,
27 ,    4445 ,     qi ,    2 ,     382 ,     30614 ,    15427 ,    2517         ,
27 ,    4485 ,     qi ,    2 ,     382 ,     30894 ,    15567 ,    2507         ,
27 ,    4525 ,     qi ,    2 ,     382 ,     31174 ,    15707 ,    2552         ,
27 ,    4565 ,     qi ,    2 ,     382 ,     31454 ,    15847 ,    2558         ,
27 ,    4605 ,     qi ,    2 ,     382 ,     31734 ,    15987 ,    2610         ,
27 ,    4645 ,     qi ,    2 ,     382 ,     32014 ,    16127 ,    2603         ,
27 ,    4685 ,     qi ,    2 ,     382 ,     32294 ,    16267 ,    2639         ,
27 ,    4725 ,     qi ,    2 ,     382 ,     32574 ,    16407 ,    2653         ,
27 ,    4765 ,     qi ,    2 ,     382 ,     32854 ,    16547 ,    2673         ,
27 ,    4805 ,     qi ,    2 ,     382 ,     33134 ,    16687 ,    2724         ,
27 ,    4845 ,     qi ,    2 ,     382 ,     33414 ,    16827 ,    2722         ,
27 ,    4885 ,     qi ,    2 ,     382 ,     33694 ,    16967 ,    2797         ,
27 ,    4925 ,     qi ,    2 ,     382 ,     33974 ,    17107 ,    2885         ,
27 ,    4965 ,     qi ,    2 ,     382 ,     34254 ,    17247 ,    2955         ,
27 ,    5 ,     qi ,    3 ,     3 ,     4 ,    10 ,    4         ,
27 ,    45 ,     qi ,    3 ,     4 ,     133 ,    209 ,    34         ,
27 ,    85 ,     qi ,    3 ,     7 ,     250 ,    448 ,    63         ,
27 ,    125 ,     qi ,    3 ,     10 ,     321 ,    620 ,    84         ,
27 ,    165 ,     qi ,    3 ,     13 ,     439 ,    972 ,    122         ,
27 ,    205 ,     qi ,    3 ,     16 ,     529 ,    1287 ,    160         ,
27 ,    245 ,     qi ,    3 ,     19 ,     537 ,    1498 ,    183         ,
27 ,    285 ,     qi ,    3 ,     19 ,     633 ,    1688 ,    207         ,
27 ,    325 ,     qi ,    3 ,     19 ,     742 ,    1973 ,    246         ,
27 ,    365 ,     qi ,    3 ,     28 ,     859 ,    2428 ,    287         ,
27 ,    405 ,     qi ,    3 ,     37 ,     769 ,    2669 ,    306         ,
27 ,    445 ,     qi ,    3 ,     37 ,     894 ,    3177 ,    366         ,
27 ,    485 ,     qi ,    3 ,     37 ,     987 ,    3441 ,    392         ,
27 ,    525 ,     qi ,    3 ,     37 ,     1100 ,    3808 ,    434         ,
27 ,    565 ,     qi ,    3 ,     43 ,     986 ,    4035 ,    453         ,
27 ,    605 ,     qi ,    3 ,     43 ,     1059 ,    4355 ,    492         ,
27 ,    645 ,     qi ,    3 ,     52 ,     1493 ,    5122 ,    576         ,
27 ,    685 ,     qi ,    3 ,     55 ,     1347 ,    5215 ,    579         ,
27 ,    725 ,     qi ,    3 ,     61 ,     1354 ,    5798 ,    642         ,
27 ,    765 ,     qi ,    3 ,     61 ,     1395 ,    5873 ,    649         ,
27 ,    805 ,     qi ,    3 ,     67 ,     1497 ,    6575 ,    732         ,
27 ,    845 ,     qi ,    3 ,     76 ,     1463 ,    6900 ,    760         ,
27 ,    885 ,     qi ,    3 ,     82 ,     1703 ,    7378 ,    807         ,
27 ,    925 ,     qi ,    3 ,     85 ,     2017 ,    7686 ,    834         ,
27 ,    965 ,     qi ,    3 ,     82 ,     1981 ,    8314 ,    914         ,
27 ,    1005 ,     qi ,    3 ,     85 ,     1786 ,    8591 ,    940         ,
27 ,    1045 ,     qi ,    3 ,     82 ,     2136 ,    9059 ,    982         ,
27 ,    1085 ,     qi ,    3 ,     85 ,     2016 ,    9167 ,    997         ,
27 ,    1125 ,     qi ,    3 ,     82 ,     2006 ,    9563 ,    1036         ,
27 ,    1165 ,     qi ,    3 ,     85 ,     2056 ,    9934 ,    1082         ,
27 ,    1205 ,     qi ,    3 ,     85 ,     2250 ,    10165 ,    1096         ,
27 ,    1245 ,     qi ,    3 ,     112 ,     2103 ,    11202 ,    1208         ,
27 ,    1285 ,     qi ,    3 ,     109 ,     2288 ,    11551 ,    1342         ,
27 ,    1325 ,     qi ,    3 ,     115 ,     2336 ,    11887 ,    1276         ,
27 ,    1365 ,     qi ,    3 ,     112 ,     2319 ,    12421 ,    1328         ,
27 ,    1405 ,     qi ,    3 ,     115 ,     2330 ,    12779 ,    1465         ,
27 ,    1445 ,     qi ,    3 ,     133 ,     2584 ,    13737 ,    1457         ,
27 ,    1485 ,     qi ,    3 ,     136 ,     2629 ,    13822 ,    1460         ,
27 ,    1525 ,     qi ,    3 ,     148 ,     2712 ,    14764 ,    1672         ,
27 ,    1565 ,     qi ,    3 ,     151 ,     2649 ,    15145 ,    1711         ,
27 ,    1605 ,     qi ,    3 ,     136 ,     2730 ,    15093 ,    1598         ,
27 ,    1645 ,     qi ,    3 ,     136 ,     3041 ,    15600 ,    1655         ,
27 ,    1685 ,     qi ,    3 ,     151 ,     2953 ,    16335 ,    1777         ,
27 ,    1725 ,     qi ,    3 ,     151 ,     2918 ,    16741 ,    1774         ,
27 ,    1765 ,     qi ,    3 ,     151 ,     3042 ,    17059 ,    1804         ,
27 ,    1805 ,     qi ,    3 ,     151 ,     3134 ,    17440 ,    1833         ,
27 ,    1845 ,     qi ,    3 ,     151 ,     3295 ,    17777 ,    1873         ,
27 ,    1885 ,     qi ,    3 ,     166 ,     3356 ,    18381 ,    1939         ,
27 ,    1925 ,     qi ,    3 ,     151 ,     3341 ,    18648 ,    2088         ,
27 ,    1965 ,     qi ,    3 ,     157 ,     3382 ,    19156 ,    2356         ,
27 ,    2005 ,     qi ,    3 ,     151 ,     3540 ,    19509 ,    2174         ,
27 ,    2045 ,     qi ,    3 ,     166 ,     3403 ,    20037 ,    2205         ,
27 ,    2085 ,     qi ,    3 ,     175 ,     3976 ,    20580 ,    2159         ,
27 ,    2125 ,     qi ,    3 ,     169 ,     3861 ,    21059 ,    2201         ,
27 ,    2165 ,     qi ,    3 ,     172 ,     4004 ,    21585 ,    2264         ,
27 ,    2205 ,     qi ,    3 ,     163 ,     3802 ,    21706 ,    2286         ,
27 ,    2245 ,     qi ,    3 ,     172 ,     4052 ,    22501 ,    2367         ,
27 ,    2285 ,     qi ,    3 ,     169 ,     3899 ,    22647 ,    2384         ,
27 ,    2325 ,     qi ,    3 ,     169 ,     4299 ,    23056 ,    2414         ,
27 ,    2365 ,     qi ,    3 ,     172 ,     5090 ,    23260 ,    2432         ,
27 ,    2405 ,     qi ,    3 ,     175 ,     4417 ,    23814 ,    2476         ,
27 ,    2445 ,     qi ,    3 ,     172 ,     4354 ,    24409 ,    2614         ,
27 ,    2485 ,     qi ,    3 ,     169 ,     4294 ,    24731 ,    2592         ,
27 ,    2525 ,     qi ,    3 ,     220 ,     4817 ,    26541 ,    2763         ,
27 ,    2565 ,     qi ,    3 ,     217 ,     4830 ,    26737 ,    3102         ,
27 ,    2605 ,     qi ,    3 ,     217 ,     4385 ,    27110 ,    2828         ,
27 ,    2645 ,     qi ,    3 ,     229 ,     4507 ,    27770 ,    2908         ,
27 ,    2685 ,     qi ,    3 ,     220 ,     5421 ,    27870 ,    2895         ,
27 ,    2725 ,     qi ,    3 ,     223 ,     4616 ,    28498 ,    2975         ,
27 ,    2765 ,     qi ,    3 ,     226 ,     4731 ,    28999 ,    3124         ,
27 ,    2805 ,     qi ,    3 ,     220 ,     5421 ,    29252 ,    3034         ,
27 ,    2845 ,     qi ,    3 ,     229 ,     4885 ,    29792 ,    3114         ,
27 ,    2885 ,     qi ,    3 ,     226 ,     4942 ,    30129 ,    3246         ,
27 ,    2925 ,     qi ,    3 ,     277 ,     5004 ,    31859 ,    3410         ,
27 ,    2965 ,     qi ,    3 ,     277 ,     5007 ,    32330 ,    3350         ,
27 ,    3005 ,     qi ,    3 ,     277 ,     5073 ,    32744 ,    3489         ,
27 ,    3045 ,     qi ,    3 ,     247 ,     5499 ,    32425 ,    3600         ,
27 ,    3085 ,     qi ,    3 ,     301 ,     5204 ,    34314 ,    3551         ,
27 ,    3125 ,     qi ,    3 ,     304 ,     5366 ,    34659 ,    3691         ,
27 ,    3165 ,     qi ,    3 ,     304 ,     5308 ,    35176 ,    3652         ,
27 ,    3205 ,     qi ,    3 ,     274 ,     5339 ,    34814 ,    3611         ,
27 ,    3245 ,     qi ,    3 ,     271 ,     5382 ,    35282 ,    3648         ,
27 ,    3285 ,     qi ,    3 ,     271 ,     5634 ,    35721 ,    3717         ,
27 ,    3325 ,     qi ,    3 ,     304 ,     5632 ,    37041 ,    3942         ,
27 ,    3365 ,     qi ,    3 ,     331 ,     6197 ,    37980 ,    3907         ,
27 ,    3405 ,     qi ,    3 ,     280 ,     5700 ,    37096 ,    3940         ,
27 ,    3445 ,     qi ,    3 ,     277 ,     6115 ,    37477 ,    3884         ,
27 ,    3485 ,     qi ,    3 ,     304 ,     5767 ,    38911 ,    4345         ,
27 ,    3525 ,     qi ,    3 ,     304 ,     5942 ,    39297 ,    4066         ,
27 ,    3565 ,     qi ,    3 ,     301 ,     6313 ,    39745 ,    4134         ,
27 ,    3605 ,     qi ,    3 ,     307 ,     6130 ,    40120 ,    4263         ,
27 ,    3645 ,     qi ,    3 ,     316 ,     6204 ,    40939 ,    4230         ,
27 ,    3685 ,     qi ,    3 ,     319 ,     6214 ,    41424 ,    4372         ,
27 ,    3725 ,     qi ,    3 ,     346 ,     7327 ,    42342 ,    4338         ,
27 ,    3765 ,     qi ,    3 ,     325 ,     6405 ,    42648 ,    4394         ,
27 ,    3805 ,     qi ,    3 ,     304 ,     6314 ,    42349 ,    4477         ,
27 ,    3845 ,     qi ,    3 ,     337 ,     7142 ,    43686 ,    4812         ,
27 ,    3885 ,     qi ,    3 ,     346 ,     7138 ,    44260 ,    4560         ,
27 ,    3925 ,     qi ,    3 ,     337 ,     6646 ,    44687 ,    4618         ,
27 ,    3965 ,     qi ,    3 ,     316 ,     6812 ,    44579 ,    4714         ,
27 ,    4005 ,     qi ,    3 ,     346 ,     7319 ,    45691 ,    4823         ,
27 ,    4045 ,     qi ,    3 ,     316 ,     6969 ,    45628 ,    4707         ,
27 ,    4085 ,     qi ,    3 ,     307 ,     6809 ,    45666 ,    4712         ,
27 ,    4125 ,     qi ,    3 ,     307 ,     6987 ,    45868 ,    4793         ,
27 ,    4165 ,     qi ,    3 ,     316 ,     7204 ,    46938 ,    4956         ,
27 ,    4205 ,     qi ,    3 ,     349 ,     7829 ,    47788 ,    5208         ,
27 ,    4245 ,     qi ,    3 ,     346 ,     7098 ,    48356 ,    5085         ,
27 ,    4285 ,     qi ,    3 ,     328 ,     7425 ,    48329 ,    5076         ,
27 ,    4325 ,     qi ,    3 ,     349 ,     7286 ,    49339 ,    5191         ,
27 ,    4365 ,     qi ,    3 ,     319 ,     7414 ,    49057 ,    5051         ,
27 ,    4405 ,     qi ,    3 ,     316 ,     7472 ,    49344 ,    5099         ,
27 ,    4445 ,     qi ,    3 ,     319 ,     7562 ,    49879 ,    5136         ,
27 ,    4485 ,     qi ,    3 ,     346 ,     7586 ,    51202 ,    5256         ,
27 ,    4525 ,     qi ,    3 ,     349 ,     8948 ,    51327 ,    5242         ,
27 ,    4565 ,     qi ,    3 ,     316 ,     7897 ,    51381 ,    5330         ,
27 ,    4605 ,     qi ,    3 ,     343 ,     8368 ,    52271 ,    5348         ,
27 ,    4645 ,     qi ,    3 ,     343 ,     7907 ,    52906 ,    5566         ,
27 ,    4685 ,     qi ,    3 ,     343 ,     7829 ,    53337 ,    5590         ,
27 ,    4725 ,     qi ,    3 ,     340 ,     8579 ,    53585 ,    5603         ,
27 ,    4765 ,     qi ,    3 ,     343 ,     7906 ,    54257 ,    5700         ,
27 ,    4805 ,     qi ,    3 ,     343 ,     8083 ,    54722 ,    5951         ,
27 ,    4845 ,     qi ,    3 ,     343 ,     8831 ,    55131 ,    5761         ,
27 ,    4885 ,     qi ,    3 ,     349 ,     8264 ,    55847 ,    5737         ,
27 ,    4925 ,     qi ,    3 ,     445 ,     8461 ,    58655 ,    6006         ,
27 ,    4965 ,     qi ,    3 ,     346 ,     9131 ,    56561 ,    5925         ,
27 ,    5 ,     qi ,    4 ,     3 ,     8 ,    11 ,    5         ,
27 ,    45 ,     qi ,    4 ,     4 ,     229 ,    287 ,    45         ,
27 ,    85 ,     qi ,    4 ,     7 ,     520 ,    641 ,    100         ,
27 ,    125 ,     qi ,    4 ,     7 ,     964 ,    1193 ,    175         ,
27 ,    165 ,     qi ,    4 ,     16 ,     644 ,    916 ,    142         ,
27 ,    205 ,     qi ,    4 ,     19 ,     776 ,    1304 ,    187         ,
27 ,    245 ,     qi ,    4 ,     22 ,     1122 ,    1726 ,    256         ,
27 ,    285 ,     qi ,    4 ,     25 ,     1301 ,    1900 ,    269         ,
27 ,    325 ,     qi ,    4 ,     28 ,     1276 ,    2323 ,    334         ,
27 ,    365 ,     qi ,    4 ,     31 ,     1505 ,    2712 ,    375         ,
27 ,    405 ,     qi ,    4 ,     31 ,     1588 ,    2912 ,    400         ,
27 ,    445 ,     qi ,    4 ,     40 ,     1536 ,    3187 ,    431         ,
27 ,    485 ,     qi ,    4 ,     37 ,     2310 ,    3685 ,    508         ,
27 ,    525 ,     qi ,    4 ,     46 ,     1785 ,    3673 ,    505         ,
27 ,    565 ,     qi ,    4 ,     49 ,     2597 ,    3574 ,    506         ,
27 ,    605 ,     qi ,    4 ,     49 ,     2166 ,    4666 ,    617         ,
27 ,    645 ,     qi ,    4 ,     61 ,     1889 ,    4577 ,    611         ,
27 ,    685 ,     qi ,    4 ,     58 ,     2784 ,    4877 ,    660         ,
27 ,    725 ,     qi ,    4 ,     61 ,     2418 ,    5456 ,    709         ,
27 ,    765 ,     qi ,    4 ,     61 ,     2880 ,    5413 ,    824         ,
27 ,    805 ,     qi ,    4 ,     76 ,     3243 ,    6152 ,    795         ,
27 ,    845 ,     qi ,    4 ,     70 ,     3168 ,    6138 ,    1103         ,
27 ,    885 ,     qi ,    4 ,     76 ,     3561 ,    6570 ,    855         ,
27 ,    925 ,     qi ,    4 ,     76 ,     3151 ,    7111 ,    1016         ,
27 ,    965 ,     qi ,    4 ,     73 ,     3246 ,    7767 ,    992         ,
27 ,    1005 ,     qi ,    4 ,     91 ,     2928 ,    7815 ,    1104         ,
27 ,    1045 ,     qi ,    4 ,     100 ,     3171 ,    8604 ,    1090         ,
27 ,    1085 ,     qi ,    4 ,     97 ,     3259 ,    8562 ,    1097         ,
27 ,    1125 ,     qi ,    4 ,     88 ,     3597 ,    9058 ,    1161         ,
27 ,    1165 ,     qi ,    4 ,     97 ,     3354 ,    9585 ,    1203         ,
27 ,    1205 ,     qi ,    4 ,     103 ,     3542 ,    9782 ,    1325         ,
27 ,    1245 ,     qi ,    4 ,     106 ,     4278 ,    10049 ,    1257         ,
27 ,    1285 ,     qi ,    4 ,     121 ,     3825 ,    10550 ,    1314         ,
27 ,    1325 ,     qi ,    4 ,     118 ,     3929 ,    11144 ,    1384         ,
27 ,    1365 ,     qi ,    4 ,     121 ,     4476 ,    11219 ,    1400         ,
27 ,    1405 ,     qi ,    4 ,     118 ,     4469 ,    12090 ,    1478         ,
27 ,    1445 ,     qi ,    4 ,     133 ,     3814 ,    12424 ,    1518         ,
27 ,    1485 ,     qi ,    4 ,     121 ,     4165 ,    12640 ,    1550         ,
27 ,    1525 ,     qi ,    4 ,     121 ,     4014 ,    12905 ,    1574         ,
27 ,    1565 ,     qi ,    4 ,     142 ,     6422 ,    13569 ,    1684         ,
27 ,    1605 ,     qi ,    4 ,     139 ,     4885 ,    13869 ,    1694         ,
27 ,    1645 ,     qi ,    4 ,     133 ,     5153 ,    14250 ,    1850         ,
27 ,    1685 ,     qi ,    4 ,     139 ,     4843 ,    14758 ,    1853         ,
27 ,    1725 ,     qi ,    4 ,     133 ,     4610 ,    14994 ,    1840         ,
27 ,    1765 ,     qi ,    4 ,     154 ,     4759 ,    16064 ,    1939         ,
27 ,    1805 ,     qi ,    4 ,     157 ,     4950 ,    15939 ,    1938         ,
27 ,    1845 ,     qi ,    4 ,     148 ,     5830 ,    16233 ,    1981         ,
27 ,    1885 ,     qi ,    4 ,     166 ,     5136 ,    17292 ,    2087         ,
27 ,    1925 ,     qi ,    4 ,     163 ,     5694 ,    17609 ,    2127         ,
27 ,    1965 ,     qi ,    4 ,     166 ,     5775 ,    17565 ,    2114         ,
27 ,    2005 ,     qi ,    4 ,     181 ,     5215 ,    18683 ,    2228         ,
27 ,    2045 ,     qi ,    4 ,     172 ,     6710 ,    18854 ,    2266         ,
27 ,    2085 ,     qi ,    4 ,     175 ,     5700 ,    18935 ,    2267         ,
27 ,    2125 ,     qi ,    4 ,     193 ,     5610 ,    19591 ,    2347         ,
27 ,    2165 ,     qi ,    4 ,     169 ,     6515 ,    19287 ,    2313         ,
27 ,    2205 ,     qi ,    4 ,     193 ,     5955 ,    20382 ,    2438         ,
27 ,    2245 ,     qi ,    4 ,     196 ,     7106 ,    20614 ,    2484         ,
27 ,    2285 ,     qi ,    4 ,     181 ,     7257 ,    20746 ,    2477         ,
27 ,    2325 ,     qi ,    4 ,     193 ,     7845 ,    21275 ,    2548         ,
27 ,    2365 ,     qi ,    4 ,     199 ,     6448 ,    21953 ,    2985         ,
27 ,    2405 ,     qi ,    4 ,     205 ,     7615 ,    22650 ,    2815         ,
27 ,    2445 ,     qi ,    4 ,     184 ,     6614 ,    22409 ,    2733         ,
27 ,    2485 ,     qi ,    4 ,     196 ,     8221 ,    23213 ,    2781         ,
27 ,    2525 ,     qi ,    4 ,     205 ,     6465 ,    23732 ,    2825         ,
27 ,    2565 ,     qi ,    4 ,     220 ,     8434 ,    24066 ,    2856         ,
27 ,    2605 ,     qi ,    4 ,     214 ,     9126 ,    24570 ,    3032         ,
27 ,    2645 ,     qi ,    4 ,     220 ,     8759 ,    24815 ,    3044         ,
27 ,    2685 ,     qi ,    4 ,     202 ,     7162 ,    25490 ,    3036         ,
27 ,    2725 ,     qi ,    4 ,     211 ,     7843 ,    25822 ,    3057         ,
27 ,    2765 ,     qi ,    4 ,     220 ,     8425 ,    26760 ,    3262         ,
27 ,    2805 ,     qi ,    4 ,     232 ,     10152 ,    26830 ,    3289         ,
27 ,    2845 ,     qi ,    4 ,     238 ,     9444 ,    27159 ,    3192         ,
27 ,    2885 ,     qi ,    4 ,     259 ,     10644 ,    27725 ,    3486         ,
27 ,    2925 ,     qi ,    4 ,     244 ,     8485 ,    28530 ,    3471         ,
27 ,    2965 ,     qi ,    4 ,     265 ,     9619 ,    29137 ,    3411         ,
27 ,    3005 ,     qi ,    4 ,     277 ,     9654 ,    29542 ,    3566         ,
27 ,    3045 ,     qi ,    4 ,     238 ,     9446 ,    29579 ,    3526         ,
27 ,    3085 ,     qi ,    4 ,     259 ,     8744 ,    30824 ,    3717         ,
27 ,    3125 ,     qi ,    4 ,     259 ,     9986 ,    30755 ,    3582         ,
27 ,    3165 ,     qi ,    4 ,     265 ,     9163 ,    31151 ,    3643         ,
27 ,    3205 ,     qi ,    4 ,     271 ,     8956 ,    31812 ,    3839         ,
27 ,    3245 ,     qi ,    4 ,     271 ,     9177 ,    32406 ,    3816         ,
27 ,    3285 ,     qi ,    4 ,     241 ,     8756 ,    31826 ,    3826         ,
27 ,    3325 ,     qi ,    4 ,     289 ,     11493 ,    32849 ,    3844         ,
27 ,    3365 ,     qi ,    4 ,     277 ,     10549 ,    33376 ,    3900         ,
27 ,    3405 ,     qi ,    4 ,     289 ,     10056 ,    34510 ,    4025         ,
27 ,    3445 ,     qi ,    4 ,     304 ,     8776 ,    34881 ,    4064         ,
27 ,    3485 ,     qi ,    4 ,     283 ,     9610 ,    35176 ,    4228         ,
27 ,    3525 ,     qi ,    4 ,     292 ,     11770 ,    35339 ,    4135         ,
27 ,    3565 ,     qi ,    4 ,     286 ,     10572 ,    35699 ,    4255         ,
27 ,    3605 ,     qi ,    4 ,     298 ,     11861 ,    36360 ,    4359         ,
27 ,    3645 ,     qi ,    4 ,     334 ,     10004 ,    37507 ,    4494         ,
27 ,    3685 ,     qi ,    4 ,     313 ,     11367 ,    37539 ,    4434         ,
27 ,    3725 ,     qi ,    4 ,     316 ,     10468 ,    38004 ,    4579         ,
27 ,    3765 ,     qi ,    4 ,     334 ,     10467 ,    39041 ,    4648         ,
27 ,    3805 ,     qi ,    4 ,     325 ,     11991 ,    38815 ,    4552         ,
27 ,    3845 ,     qi ,    4 ,     367 ,     9561 ,    41063 ,    4716         ,
27 ,    3885 ,     qi ,    4 ,     328 ,     9709 ,    40478 ,    4740         ,
27 ,    3925 ,     qi ,    4 ,     349 ,     10299 ,    41006 ,    4829         ,
27 ,    3965 ,     qi ,    4 ,     337 ,     10149 ,    41469 ,    4788         ,
27 ,    4005 ,     qi ,    4 ,     373 ,     9917 ,    42481 ,    4873         ,
27 ,    4045 ,     qi ,    4 ,     337 ,     15363 ,    41164 ,    4790         ,
27 ,    4085 ,     qi ,    4 ,     328 ,     15174 ,    41623 ,    4921         ,
27 ,    4125 ,     qi ,    4 ,     346 ,     10879 ,    43279 ,    5097         ,
27 ,    4165 ,     qi ,    4 ,     355 ,     12295 ,    43579 ,    5140         ,
27 ,    4205 ,     qi ,    4 ,     370 ,     10938 ,    44382 ,    5128         ,
27 ,    4245 ,     qi ,    4 ,     373 ,     14877 ,    45230 ,    5395         ,
27 ,    4285 ,     qi ,    4 ,     346 ,     17028 ,    44080 ,    5238         ,
27 ,    4325 ,     qi ,    4 ,     358 ,     11421 ,    45436 ,    5342         ,
27 ,    4365 ,     qi ,    4 ,     370 ,     10971 ,    46476 ,    5504         ,
27 ,    4405 ,     qi ,    4 ,     358 ,     13239 ,    46123 ,    5493         ,
27 ,    4445 ,     qi ,    4 ,     388 ,     11395 ,    47998 ,    5536         ,
27 ,    4485 ,     qi ,    4 ,     382 ,     11830 ,    47973 ,    5517         ,
27 ,    4525 ,     qi ,    4 ,     385 ,     11491 ,    48395 ,    5581         ,
27 ,    4565 ,     qi ,    4 ,     343 ,     14650 ,    47231 ,    5474         ,
27 ,    4605 ,     qi ,    4 ,     346 ,     15018 ,    47551 ,    5599         ,
27 ,    4645 ,     qi ,    4 ,     358 ,     12493 ,    49202 ,    5794         ,
27 ,    4685 ,     qi ,    4 ,     361 ,     14347 ,    49007 ,    5645         ,
27 ,    4725 ,     qi ,    4 ,     373 ,     12658 ,    50602 ,    5840         ,
27 ,    4765 ,     qi ,    4 ,     349 ,     15719 ,    49065 ,    5795         ,
27 ,    4805 ,     qi ,    4 ,     394 ,     12431 ,    51626 ,    6026         ,
27 ,    4845 ,     qi ,    4 ,     430 ,     12670 ,    52680 ,    6008         ,
27 ,    4885 ,     qi ,    4 ,     370 ,     14618 ,    51557 ,    5963         ,
27 ,    4925 ,     qi ,    4 ,     427 ,     13270 ,    53275 ,    6179         ,
27 ,    4965 ,     qi ,    4 ,     388 ,     14049 ,    52972 ,    6211         ,


