SEED ,  SIZE ,  ALG ,  TYPE ,  CALLS ,  CMP ,     MOVE ,    TIME              ,
27 ,    5 ,     rs ,    0 ,     4 ,     10 ,    9 ,    5         ,
27 ,    45 ,     rs ,    0 ,     44 ,     990 ,    120 ,    58         ,
27 ,    85 ,     rs ,    0 ,     84 ,     3570 ,    237 ,    165         ,
27 ,    125 ,     rs ,    0 ,     124 ,     7750 ,    357 ,    327         ,
27 ,    165 ,     rs ,    0 ,     164 ,     13530 ,    486 ,    553         ,
27 ,    205 ,     rs ,    0 ,     204 ,     20910 ,    597 ,    798         ,
27 ,    245 ,     rs ,    0 ,     244 ,     29890 ,    702 ,    1255         ,
27 ,    285 ,     rs ,    0 ,     284 ,     40470 ,    834 ,    1490         ,
27 ,    325 ,     rs ,    0 ,     324 ,     52650 ,    960 ,    2162         ,
27 ,    365 ,     rs ,    0 ,     364 ,     66430 ,    1062 ,    2437         ,
27 ,    405 ,     rs ,    0 ,     404 ,     81810 ,    1194 ,    2893         ,
27 ,    445 ,     rs ,    0 ,     444 ,     98790 ,    1308 ,    3606         ,
27 ,    485 ,     rs ,    0 ,     484 ,     117370 ,    1440 ,    4092         ,
27 ,    525 ,     rs ,    0 ,     524 ,     137550 ,    1554 ,    4902         ,
27 ,    565 ,     rs ,    0 ,     564 ,     159330 ,    1659 ,    5625         ,
27 ,    605 ,     rs ,    0 ,     604 ,     182710 ,    1794 ,    6382         ,
27 ,    645 ,     rs ,    0 ,     644 ,     207690 ,    1920 ,    7129         ,
27 ,    685 ,     rs ,    0 ,     684 ,     234270 ,    2031 ,    8145         ,
27 ,    725 ,     rs ,    0 ,     724 ,     262450 ,    2160 ,    9025         ,
27 ,    765 ,     rs ,    0 ,     764 ,     292230 ,    2277 ,    10100         ,
27 ,    805 ,     rs ,    0 ,     804 ,     323610 ,    2403 ,    11051         ,
27 ,    845 ,     rs ,    0 ,     844 ,     356590 ,    2520 ,    12197         ,
27 ,    885 ,     rs ,    0 ,     884 ,     391170 ,    2634 ,    13505         ,
27 ,    925 ,     rs ,    0 ,     924 ,     427350 ,    2763 ,    14705         ,
27 ,    965 ,     rs ,    0 ,     964 ,     465130 ,    2865 ,    15778         ,
27 ,    1005 ,     rs ,    0 ,     1004 ,     504510 ,    3006 ,    17278         ,
27 ,    1045 ,     rs ,    0 ,     1044 ,     545490 ,    3114 ,    18581         ,
27 ,    1085 ,     rs ,    0 ,     1084 ,     588070 ,    3225 ,    20542         ,
27 ,    1125 ,     rs ,    0 ,     1124 ,     632250 ,    3351 ,    21520         ,
27 ,    1165 ,     rs ,    0 ,     1164 ,     678030 ,    3471 ,    22930         ,
27 ,    1205 ,     rs ,    0 ,     1204 ,     725410 ,    3597 ,    26545         ,
27 ,    1245 ,     rs ,    0 ,     1244 ,     774390 ,    3702 ,    26410         ,
27 ,    1285 ,     rs ,    0 ,     1284 ,     824970 ,    3828 ,    27772         ,
27 ,    1325 ,     rs ,    0 ,     1324 ,     877150 ,    3933 ,    31097         ,
27 ,    1365 ,     rs ,    0 ,     1364 ,     930930 ,    4083 ,    32777         ,
27 ,    1405 ,     rs ,    0 ,     1404 ,     986310 ,    4200 ,    33295         ,
27 ,    1445 ,     rs ,    0 ,     1444 ,     1043290 ,    4323 ,    35301         ,
27 ,    1485 ,     rs ,    0 ,     1484 ,     1101870 ,    4434 ,    36990         ,
27 ,    1525 ,     rs ,    0 ,     1524 ,     1162050 ,    4539 ,    38890         ,
27 ,    1565 ,     rs ,    0 ,     1564 ,     1223830 ,    4680 ,    40853         ,
27 ,    1605 ,     rs ,    0 ,     1604 ,     1287210 ,    4794 ,    43363         ,
27 ,    1645 ,     rs ,    0 ,     1644 ,     1352190 ,    4920 ,    45047         ,
27 ,    1685 ,     rs ,    0 ,     1684 ,     1418770 ,    5037 ,    47598         ,
27 ,    1725 ,     rs ,    0 ,     1724 ,     1486950 ,    5145 ,    49673         ,
27 ,    1765 ,     rs ,    0 ,     1764 ,     1556730 ,    5271 ,    52071         ,
27 ,    1805 ,     rs ,    0 ,     1804 ,     1628110 ,    5391 ,    54446         ,
27 ,    1845 ,     rs ,    0 ,     1844 ,     1701090 ,    5511 ,    56765         ,
27 ,    1885 ,     rs ,    0 ,     1884 ,     1775670 ,    5625 ,    60905         ,
27 ,    1925 ,     rs ,    0 ,     1924 ,     1851850 ,    5763 ,    61678         ,
27 ,    1965 ,     rs ,    0 ,     1964 ,     1929630 ,    5880 ,    66022         ,
27 ,    2005 ,     rs ,    0 ,     2004 ,     2009010 ,    5976 ,    73082         ,
27 ,    2045 ,     rs ,    0 ,     2044 ,     2089990 ,    6105 ,    71082         ,
27 ,    2085 ,     rs ,    0 ,     2084 ,     2172570 ,    6228 ,    73912         ,
27 ,    2125 ,     rs ,    0 ,     2124 ,     2256750 ,    6342 ,    77772         ,
27 ,    2165 ,     rs ,    0 ,     2164 ,     2342530 ,    6471 ,    80289         ,
27 ,    2205 ,     rs ,    0 ,     2204 ,     2429910 ,    6585 ,    81818         ,
27 ,    2245 ,     rs ,    0 ,     2244 ,     2518890 ,    6702 ,    84305         ,
27 ,    2285 ,     rs ,    0 ,     2284 ,     2609470 ,    6834 ,    88561         ,
27 ,    2325 ,     rs ,    0 ,     2324 ,     2701650 ,    6939 ,    93062         ,
27 ,    2365 ,     rs ,    0 ,     2364 ,     2795430 ,    7080 ,    95887         ,
27 ,    2405 ,     rs ,    0 ,     2404 ,     2890810 ,    7188 ,    99420         ,
27 ,    2445 ,     rs ,    0 ,     2444 ,     2987790 ,    7311 ,    102928         ,
27 ,    2485 ,     rs ,    0 ,     2484 ,     3086370 ,    7443 ,    104315         ,
27 ,    2525 ,     rs ,    0 ,     2524 ,     3186550 ,    7536 ,    108634         ,
27 ,    2565 ,     rs ,    0 ,     2564 ,     3288330 ,    7662 ,    117582         ,
27 ,    2605 ,     rs ,    0 ,     2604 ,     3391710 ,    7767 ,    115340         ,
27 ,    2645 ,     rs ,    0 ,     2644 ,     3496690 ,    7902 ,    120117         ,
27 ,    2685 ,     rs ,    0 ,     2684 ,     3603270 ,    8031 ,    124194         ,
27 ,    2725 ,     rs ,    0 ,     2724 ,     3711450 ,    8154 ,    125950         ,
27 ,    2765 ,     rs ,    0 ,     2764 ,     3821230 ,    8277 ,    139713         ,
27 ,    2805 ,     rs ,    0 ,     2804 ,     3932610 ,    8376 ,    131548         ,
27 ,    2845 ,     rs ,    0 ,     2844 ,     4045590 ,    8508 ,    137473         ,
27 ,    2885 ,     rs ,    0 ,     2884 ,     4160170 ,    8637 ,    139026         ,
27 ,    2925 ,     rs ,    0 ,     2924 ,     4276350 ,    8754 ,    144396         ,
27 ,    2965 ,     rs ,    0 ,     2964 ,     4394130 ,    8883 ,    149097         ,
27 ,    3005 ,     rs ,    0 ,     3004 ,     4513510 ,    8979 ,    153697         ,
27 ,    3045 ,     rs ,    0 ,     3044 ,     4634490 ,    9102 ,    155294         ,
27 ,    3085 ,     rs ,    0 ,     3084 ,     4757070 ,    9234 ,    163073         ,
27 ,    3125 ,     rs ,    0 ,     3124 ,     4881250 ,    9345 ,    165961         ,
27 ,    3165 ,     rs ,    0 ,     3164 ,     5007030 ,    9477 ,    168350         ,
27 ,    3205 ,     rs ,    0 ,     3204 ,     5134410 ,    9600 ,    177335         ,
27 ,    3245 ,     rs ,    0 ,     3244 ,     5263390 ,    9705 ,    178409         ,
27 ,    3285 ,     rs ,    0 ,     3284 ,     5393970 ,    9843 ,    184702         ,
27 ,    3325 ,     rs ,    0 ,     3324 ,     5526150 ,    9948 ,    189502         ,
27 ,    3365 ,     rs ,    0 ,     3364 ,     5659930 ,    10074 ,    196687         ,
27 ,    3405 ,     rs ,    0 ,     3404 ,     5795310 ,    10182 ,    198438         ,
27 ,    3445 ,     rs ,    0 ,     3444 ,     5932290 ,    10305 ,    202615         ,
27 ,    3485 ,     rs ,    0 ,     3484 ,     6070870 ,    10413 ,    208747         ,
27 ,    3525 ,     rs ,    0 ,     3524 ,     6211050 ,    10530 ,    209771         ,
27 ,    3565 ,     rs ,    0 ,     3564 ,     6352830 ,    10662 ,    216379         ,
27 ,    3605 ,     rs ,    0 ,     3604 ,     6496210 ,    10791 ,    221726         ,
27 ,    3645 ,     rs ,    0 ,     3644 ,     6641190 ,    10911 ,    224415         ,
27 ,    3685 ,     rs ,    0 ,     3684 ,     6787770 ,    11013 ,    229531         ,
27 ,    3725 ,     rs ,    0 ,     3724 ,     6935950 ,    11160 ,    235508         ,
27 ,    3765 ,     rs ,    0 ,     3764 ,     7085730 ,    11271 ,    239662         ,
27 ,    3805 ,     rs ,    0 ,     3804 ,     7237110 ,    11400 ,    244717         ,
27 ,    3845 ,     rs ,    0 ,     3844 ,     7390090 ,    11499 ,    255016         ,
27 ,    3885 ,     rs ,    0 ,     3884 ,     7544670 ,    11619 ,    258784         ,
27 ,    3925 ,     rs ,    0 ,     3924 ,     7700850 ,    11742 ,    265625         ,
27 ,    3965 ,     rs ,    0 ,     3964 ,     7858630 ,    11862 ,    270727         ,
27 ,    4005 ,     rs ,    0 ,     4004 ,     8018010 ,    11994 ,    274892         ,
27 ,    4045 ,     rs ,    0 ,     4044 ,     8178990 ,    12108 ,    283485         ,
27 ,    4085 ,     rs ,    0 ,     4084 ,     8341570 ,    12228 ,    282717         ,
27 ,    4125 ,     rs ,    0 ,     4124 ,     8505750 ,    12351 ,    288431         ,
27 ,    4165 ,     rs ,    0 ,     4164 ,     8671530 ,    12465 ,    298632         ,
27 ,    4205 ,     rs ,    0 ,     4204 ,     8838910 ,    12600 ,    300570         ,
27 ,    4245 ,     rs ,    0 ,     4244 ,     9007890 ,    12714 ,    315409         ,
27 ,    4285 ,     rs ,    0 ,     4284 ,     9178470 ,    12825 ,    317448         ,
27 ,    4325 ,     rs ,    0 ,     4324 ,     9350650 ,    12945 ,    324617         ,
27 ,    4365 ,     rs ,    0 ,     4364 ,     9524430 ,    13062 ,    323396         ,
27 ,    4405 ,     rs ,    0 ,     4404 ,     9699810 ,    13170 ,    340964         ,
27 ,    4445 ,     rs ,    0 ,     4444 ,     9876790 ,    13323 ,    345894         ,
27 ,    4485 ,     rs ,    0 ,     4484 ,     10055370 ,    13410 ,    347253         ,
27 ,    4525 ,     rs ,    0 ,     4524 ,     10235550 ,    13542 ,    352927         ,
27 ,    4565 ,     rs ,    0 ,     4564 ,     10417330 ,    13665 ,    361309         ,
27 ,    4605 ,     rs ,    0 ,     4604 ,     10600710 ,    13776 ,    366547         ,
27 ,    4645 ,     rs ,    0 ,     4644 ,     10785690 ,    13902 ,    374748         ,
27 ,    4685 ,     rs ,    0 ,     4684 ,     10972270 ,    14028 ,    380577         ,
27 ,    4725 ,     rs ,    0 ,     4724 ,     11160450 ,    14136 ,    391512         ,
27 ,    4765 ,     rs ,    0 ,     4764 ,     11350230 ,    14268 ,    386985         ,
27 ,    4805 ,     rs ,    0 ,     4804 ,     11541610 ,    14379 ,    393633         ,
27 ,    4845 ,     rs ,    0 ,     4844 ,     11734590 ,    14496 ,    401676         ,
27 ,    4885 ,     rs ,    0 ,     4884 ,     11929170 ,    14634 ,    413916         ,
27 ,    4925 ,     rs ,    0 ,     4924 ,     12125350 ,    14751 ,    418037         ,
27 ,    4965 ,     rs ,    0 ,     4964 ,     12323130 ,    14877 ,    419272         ,
27 ,    5 ,     rs ,    1 ,     4 ,     10 ,    0 ,    4         ,
27 ,    45 ,     rs ,    1 ,     44 ,     990 ,    0 ,    40         ,
27 ,    85 ,     rs ,    1 ,     84 ,     3570 ,    0 ,    124         ,
27 ,    125 ,     rs ,    1 ,     124 ,     7750 ,    0 ,    259         ,
27 ,    165 ,     rs ,    1 ,     164 ,     13530 ,    0 ,    445         ,
27 ,    205 ,     rs ,    1 ,     204 ,     20910 ,    0 ,    682         ,
27 ,    245 ,     rs ,    1 ,     244 ,     29890 ,    0 ,    1071         ,
27 ,    285 ,     rs ,    1 ,     284 ,     40470 ,    0 ,    1306         ,
27 ,    325 ,     rs ,    1 ,     324 ,     52650 ,    0 ,    1696         ,
27 ,    365 ,     rs ,    1 ,     364 ,     66430 ,    0 ,    2137         ,
27 ,    405 ,     rs ,    1 ,     404 ,     81810 ,    0 ,    2730         ,
27 ,    445 ,     rs ,    1 ,     444 ,     98790 ,    0 ,    3173         ,
27 ,    485 ,     rs ,    1 ,     484 ,     117370 ,    0 ,    3862         ,
27 ,    525 ,     rs ,    1 ,     524 ,     137550 ,    0 ,    4411         ,
27 ,    565 ,     rs ,    1 ,     564 ,     159330 ,    0 ,    5207         ,
27 ,    605 ,     rs ,    1 ,     604 ,     182710 ,    0 ,    5957         ,
27 ,    645 ,     rs ,    1 ,     644 ,     207690 ,    0 ,    6654         ,
27 ,    685 ,     rs ,    1 ,     684 ,     234270 ,    0 ,    7685         ,
27 ,    725 ,     rs ,    1 ,     724 ,     262450 ,    0 ,    8504         ,
27 ,    765 ,     rs ,    1 ,     764 ,     292230 ,    0 ,    9460         ,
27 ,    805 ,     rs ,    1 ,     804 ,     323610 ,    0 ,    10462         ,
27 ,    845 ,     rs ,    1 ,     844 ,     356590 ,    0 ,    11623         ,
27 ,    885 ,     rs ,    1 ,     884 ,     391170 ,    0 ,    12619         ,
27 ,    925 ,     rs ,    1 ,     924 ,     427350 ,    0 ,    13788         ,
27 ,    965 ,     rs ,    1 ,     964 ,     465130 ,    0 ,    15079         ,
27 ,    1005 ,     rs ,    1 ,     1004 ,     504510 ,    0 ,    16399         ,
27 ,    1045 ,     rs ,    1 ,     1044 ,     545490 ,    0 ,    17559         ,
27 ,    1085 ,     rs ,    1 ,     1084 ,     588070 ,    0 ,    19012         ,
27 ,    1125 ,     rs ,    1 ,     1124 ,     632250 ,    0 ,    20516         ,
27 ,    1165 ,     rs ,    1 ,     1164 ,     678030 ,    0 ,    24309         ,
27 ,    1205 ,     rs ,    1 ,     1204 ,     725410 ,    0 ,    23669         ,
27 ,    1245 ,     rs ,    1 ,     1244 ,     774390 ,    0 ,    24981         ,
27 ,    1285 ,     rs ,    1 ,     1284 ,     824970 ,    0 ,    26605         ,
27 ,    1325 ,     rs ,    1 ,     1324 ,     877150 ,    0 ,    30717         ,
27 ,    1365 ,     rs ,    1 ,     1364 ,     930930 ,    0 ,    30326         ,
27 ,    1405 ,     rs ,    1 ,     1404 ,     986310 ,    0 ,    31847         ,
27 ,    1445 ,     rs ,    1 ,     1444 ,     1043290 ,    0 ,    35595         ,
27 ,    1485 ,     rs ,    1 ,     1484 ,     1101870 ,    0 ,    35630         ,
27 ,    1525 ,     rs ,    1 ,     1524 ,     1162050 ,    0 ,    37765         ,
27 ,    1565 ,     rs ,    1 ,     1564 ,     1223830 ,    0 ,    39662         ,
27 ,    1605 ,     rs ,    1 ,     1604 ,     1287210 ,    0 ,    41553         ,
27 ,    1645 ,     rs ,    1 ,     1644 ,     1352190 ,    0 ,    45562         ,
27 ,    1685 ,     rs ,    1 ,     1684 ,     1418770 ,    0 ,    46030         ,
27 ,    1725 ,     rs ,    1 ,     1724 ,     1486950 ,    0 ,    48031         ,
27 ,    1765 ,     rs ,    1 ,     1764 ,     1556730 ,    0 ,    50386         ,
27 ,    1805 ,     rs ,    1 ,     1804 ,     1628110 ,    0 ,    53318         ,
27 ,    1845 ,     rs ,    1 ,     1844 ,     1701090 ,    0 ,    55028         ,
27 ,    1885 ,     rs ,    1 ,     1884 ,     1775670 ,    0 ,    59680         ,
27 ,    1925 ,     rs ,    1 ,     1924 ,     1851850 ,    0 ,    59880         ,
27 ,    1965 ,     rs ,    1 ,     1964 ,     1929630 ,    0 ,    64200         ,
27 ,    2005 ,     rs ,    1 ,     2004 ,     2009010 ,    0 ,    64848         ,
27 ,    2045 ,     rs ,    1 ,     2044 ,     2089990 ,    0 ,    67581         ,
27 ,    2085 ,     rs ,    1 ,     2084 ,     2172570 ,    0 ,    72649         ,
27 ,    2125 ,     rs ,    1 ,     2124 ,     2256750 ,    0 ,    74727         ,
27 ,    2165 ,     rs ,    1 ,     2164 ,     2342530 ,    0 ,    75864         ,
27 ,    2205 ,     rs ,    1 ,     2204 ,     2429910 ,    0 ,    78634         ,
27 ,    2245 ,     rs ,    1 ,     2244 ,     2518890 ,    0 ,    83322         ,
27 ,    2285 ,     rs ,    1 ,     2284 ,     2609470 ,    0 ,    86373         ,
27 ,    2325 ,     rs ,    1 ,     2324 ,     2701650 ,    0 ,    89137         ,
27 ,    2365 ,     rs ,    1 ,     2364 ,     2795430 ,    0 ,    91011         ,
27 ,    2405 ,     rs ,    1 ,     2404 ,     2890810 ,    0 ,    94402         ,
27 ,    2445 ,     rs ,    1 ,     2444 ,     2987790 ,    0 ,    97567         ,
27 ,    2485 ,     rs ,    1 ,     2484 ,     3086370 ,    0 ,    101172         ,
27 ,    2525 ,     rs ,    1 ,     2524 ,     3186550 ,    0 ,    104824         ,
27 ,    2565 ,     rs ,    1 ,     2564 ,     3288330 ,    0 ,    107199         ,
27 ,    2605 ,     rs ,    1 ,     2604 ,     3391710 ,    0 ,    112860         ,
27 ,    2645 ,     rs ,    1 ,     2644 ,     3496690 ,    0 ,    116713         ,
27 ,    2685 ,     rs ,    1 ,     2684 ,     3603270 ,    0 ,    118416         ,
27 ,    2725 ,     rs ,    1 ,     2724 ,     3711450 ,    0 ,    121858         ,
27 ,    2765 ,     rs ,    1 ,     2764 ,     3821230 ,    0 ,    127441         ,
27 ,    2805 ,     rs ,    1 ,     2804 ,     3932610 ,    0 ,    133634         ,
27 ,    2845 ,     rs ,    1 ,     2844 ,     4045590 ,    0 ,    132518         ,
27 ,    2885 ,     rs ,    1 ,     2884 ,     4160170 ,    0 ,    137885         ,
27 ,    2925 ,     rs ,    1 ,     2924 ,     4276350 ,    0 ,    147124         ,
27 ,    2965 ,     rs ,    1 ,     2964 ,     4394130 ,    0 ,    149970         ,
27 ,    3005 ,     rs ,    1 ,     3004 ,     4513510 ,    0 ,    154966         ,
27 ,    3045 ,     rs ,    1 ,     3044 ,     4634490 ,    0 ,    160606         ,
27 ,    3085 ,     rs ,    1 ,     3084 ,     4757070 ,    0 ,    164481         ,
27 ,    3125 ,     rs ,    1 ,     3124 ,     4881250 ,    0 ,    172786         ,
27 ,    3165 ,     rs ,    1 ,     3164 ,     5007030 ,    0 ,    175568         ,
27 ,    3205 ,     rs ,    1 ,     3204 ,     5134410 ,    0 ,    178595         ,
27 ,    3245 ,     rs ,    1 ,     3244 ,     5263390 ,    0 ,    183955         ,
27 ,    3285 ,     rs ,    1 ,     3284 ,     5393970 ,    0 ,    193482         ,
27 ,    3325 ,     rs ,    1 ,     3324 ,     5526150 ,    0 ,    191296         ,
27 ,    3365 ,     rs ,    1 ,     3364 ,     5659930 ,    0 ,    204987         ,
27 ,    3405 ,     rs ,    1 ,     3404 ,     5795310 ,    0 ,    214171         ,
27 ,    3445 ,     rs ,    1 ,     3444 ,     5932290 ,    0 ,    211152         ,
27 ,    3485 ,     rs ,    1 ,     3484 ,     6070870 ,    0 ,    210929         ,
27 ,    3525 ,     rs ,    1 ,     3524 ,     6211050 ,    0 ,    218906         ,
27 ,    3565 ,     rs ,    1 ,     3564 ,     6352830 ,    0 ,    223819         ,
27 ,    3605 ,     rs ,    1 ,     3604 ,     6496210 ,    0 ,    229343         ,
27 ,    3645 ,     rs ,    1 ,     3644 ,     6641190 ,    0 ,    236783         ,
27 ,    3685 ,     rs ,    1 ,     3684 ,     6787770 ,    0 ,    235748         ,
27 ,    3725 ,     rs ,    1 ,     3724 ,     6935950 ,    0 ,    243237         ,
27 ,    3765 ,     rs ,    1 ,     3764 ,     7085730 ,    0 ,    252858         ,
27 ,    3805 ,     rs ,    1 ,     3804 ,     7237110 ,    0 ,    256248         ,
27 ,    3845 ,     rs ,    1 ,     3844 ,     7390090 ,    0 ,    263108         ,
27 ,    3885 ,     rs ,    1 ,     3884 ,     7544670 ,    0 ,    270280         ,
27 ,    3925 ,     rs ,    1 ,     3924 ,     7700850 ,    0 ,    274591         ,
27 ,    3965 ,     rs ,    1 ,     3964 ,     7858630 ,    0 ,    279245         ,
27 ,    4005 ,     rs ,    1 ,     4004 ,     8018010 ,    0 ,    287350         ,
27 ,    4045 ,     rs ,    1 ,     4044 ,     8178990 ,    0 ,    291785         ,
27 ,    4085 ,     rs ,    1 ,     4084 ,     8341570 ,    0 ,    299527         ,
27 ,    4125 ,     rs ,    1 ,     4124 ,     8505750 ,    0 ,    308107         ,
27 ,    4165 ,     rs ,    1 ,     4164 ,     8671530 ,    0 ,    322888         ,
27 ,    4205 ,     rs ,    1 ,     4204 ,     8838910 ,    0 ,    315234         ,
27 ,    4245 ,     rs ,    1 ,     4244 ,     9007890 ,    0 ,    312347         ,
27 ,    4285 ,     rs ,    1 ,     4284 ,     9178470 ,    0 ,    326681         ,
27 ,    4325 ,     rs ,    1 ,     4324 ,     9350650 ,    0 ,    331962         ,
27 ,    4365 ,     rs ,    1 ,     4364 ,     9524430 ,    0 ,    341453         ,
27 ,    4405 ,     rs ,    1 ,     4404 ,     9699810 ,    0 ,    334276         ,
27 ,    4445 ,     rs ,    1 ,     4444 ,     9876790 ,    0 ,    337564         ,
27 ,    4485 ,     rs ,    1 ,     4484 ,     10055370 ,    0 ,    357568         ,
27 ,    4525 ,     rs ,    1 ,     4524 ,     10235550 ,    0 ,    362751         ,
27 ,    4565 ,     rs ,    1 ,     4564 ,     10417330 ,    0 ,    370911         ,
27 ,    4605 ,     rs ,    1 ,     4604 ,     10600710 ,    0 ,    384368         ,
27 ,    4645 ,     rs ,    1 ,     4644 ,     10785690 ,    0 ,    382730         ,
27 ,    4685 ,     rs ,    1 ,     4684 ,     10972270 ,    0 ,    383855         ,
27 ,    4725 ,     rs ,    1 ,     4724 ,     11160450 ,    0 ,    382706         ,
27 ,    4765 ,     rs ,    1 ,     4764 ,     11350230 ,    0 ,    389221         ,
27 ,    4805 ,     rs ,    1 ,     4804 ,     11541610 ,    0 ,    396851         ,
27 ,    4845 ,     rs ,    1 ,     4844 ,     11734590 ,    0 ,    400398         ,
27 ,    4885 ,     rs ,    1 ,     4884 ,     11929170 ,    0 ,    409030         ,
27 ,    4925 ,     rs ,    1 ,     4924 ,     12125350 ,    0 ,    415400         ,
27 ,    4965 ,     rs ,    1 ,     4964 ,     12323130 ,    0 ,    423471         ,
27 ,    5 ,     rs ,    2 ,     4 ,     10 ,    6 ,    5         ,
27 ,    45 ,     rs ,    2 ,     44 ,     990 ,    66 ,    47         ,
27 ,    85 ,     rs ,    2 ,     84 ,     3570 ,    126 ,    143         ,
27 ,    125 ,     rs ,    2 ,     124 ,     7750 ,    186 ,    288         ,
27 ,    165 ,     rs ,    2 ,     164 ,     13530 ,    246 ,    487         ,
27 ,    205 ,     rs ,    2 ,     204 ,     20910 ,    306 ,    737         ,
27 ,    245 ,     rs ,    2 ,     244 ,     29890 ,    366 ,    2742         ,
27 ,    285 ,     rs ,    2 ,     284 ,     40470 ,    426 ,    1395         ,
27 ,    325 ,     rs ,    2 ,     324 ,     52650 ,    486 ,    1807         ,
27 ,    365 ,     rs ,    2 ,     364 ,     66430 ,    546 ,    2269         ,
27 ,    405 ,     rs ,    2 ,     404 ,     81810 ,    606 ,    2783         ,
27 ,    445 ,     rs ,    2 ,     444 ,     98790 ,    666 ,    3351         ,
27 ,    485 ,     rs ,    2 ,     484 ,     117370 ,    726 ,    3969         ,
27 ,    525 ,     rs ,    2 ,     524 ,     137550 ,    786 ,    4744         ,
27 ,    565 ,     rs ,    2 ,     564 ,     159330 ,    846 ,    5478         ,
27 ,    605 ,     rs ,    2 ,     604 ,     182710 ,    906 ,    6152         ,
27 ,    645 ,     rs ,    2 ,     644 ,     207690 ,    966 ,    7080         ,
27 ,    685 ,     rs ,    2 ,     684 ,     234270 ,    1026 ,    7968         ,
27 ,    725 ,     rs ,    2 ,     724 ,     262450 ,    1086 ,    9650         ,
27 ,    765 ,     rs ,    2 ,     764 ,     292230 ,    1146 ,    9897         ,
27 ,    805 ,     rs ,    2 ,     804 ,     323610 ,    1206 ,    10941         ,
27 ,    845 ,     rs ,    2 ,     844 ,     356590 ,    1266 ,    12130         ,
27 ,    885 ,     rs ,    2 ,     884 ,     391170 ,    1326 ,    13189         ,
27 ,    925 ,     rs ,    2 ,     924 ,     427350 ,    1386 ,    14720         ,
27 ,    965 ,     rs ,    2 ,     964 ,     465130 ,    1446 ,    15752         ,
27 ,    1005 ,     rs ,    2 ,     1004 ,     504510 ,    1506 ,    19057         ,
27 ,    1045 ,     rs ,    2 ,     1044 ,     545490 ,    1566 ,    18418         ,
27 ,    1085 ,     rs ,    2 ,     1084 ,     588070 ,    1626 ,    19832         ,
27 ,    1125 ,     rs ,    2 ,     1124 ,     632250 ,    1686 ,    21384         ,
27 ,    1165 ,     rs ,    2 ,     1164 ,     678030 ,    1746 ,    22818         ,
27 ,    1205 ,     rs ,    2 ,     1204 ,     725410 ,    1806 ,    25252         ,
27 ,    1245 ,     rs ,    2 ,     1244 ,     774390 ,    1866 ,    26021         ,
27 ,    1285 ,     rs ,    2 ,     1284 ,     824970 ,    1926 ,    27702         ,
27 ,    1325 ,     rs ,    2 ,     1324 ,     877150 ,    1986 ,    31297         ,
27 ,    1365 ,     rs ,    2 ,     1364 ,     930930 ,    2046 ,    31404         ,
27 ,    1405 ,     rs ,    2 ,     1404 ,     986310 ,    2106 ,    33322         ,
27 ,    1445 ,     rs ,    2 ,     1444 ,     1043290 ,    2166 ,    35777         ,
27 ,    1485 ,     rs ,    2 ,     1484 ,     1101870 ,    2226 ,    37066         ,
27 ,    1525 ,     rs ,    2 ,     1524 ,     1162050 ,    2286 ,    39283         ,
27 ,    1565 ,     rs ,    2 ,     1564 ,     1223830 ,    2346 ,    41367         ,
27 ,    1605 ,     rs ,    2 ,     1604 ,     1287210 ,    2406 ,    43299         ,
27 ,    1645 ,     rs ,    2 ,     1644 ,     1352190 ,    2466 ,    47284         ,
27 ,    1685 ,     rs ,    2 ,     1684 ,     1418770 ,    2526 ,    47898         ,
27 ,    1725 ,     rs ,    2 ,     1724 ,     1486950 ,    2586 ,    50100         ,
27 ,    1765 ,     rs ,    2 ,     1764 ,     1556730 ,    2646 ,    52394         ,
27 ,    1805 ,     rs ,    2 ,     1804 ,     1628110 ,    2706 ,    58735         ,
27 ,    1845 ,     rs ,    2 ,     1844 ,     1701090 ,    2766 ,    58788         ,
27 ,    1885 ,     rs ,    2 ,     1884 ,     1775670 ,    2826 ,    60083         ,
27 ,    1925 ,     rs ,    2 ,     1924 ,     1851850 ,    2886 ,    64577         ,
27 ,    1965 ,     rs ,    2 ,     1964 ,     1929630 ,    2946 ,    66611         ,
27 ,    2005 ,     rs ,    2 ,     2004 ,     2009010 ,    3006 ,    71285         ,
27 ,    2045 ,     rs ,    2 ,     2044 ,     2089990 ,    3066 ,    74315         ,
27 ,    2085 ,     rs ,    2 ,     2084 ,     2172570 ,    3126 ,    74508         ,
27 ,    2125 ,     rs ,    2 ,     2124 ,     2256750 ,    3186 ,    79353         ,
27 ,    2165 ,     rs ,    2 ,     2164 ,     2342530 ,    3246 ,    81426         ,
27 ,    2205 ,     rs ,    2 ,     2204 ,     2429910 ,    3306 ,    83450         ,
27 ,    2245 ,     rs ,    2 ,     2244 ,     2518890 ,    3366 ,    88445         ,
27 ,    2285 ,     rs ,    2 ,     2284 ,     2609470 ,    3426 ,    87964         ,
27 ,    2325 ,     rs ,    2 ,     2324 ,     2701650 ,    3486 ,    92708         ,
27 ,    2365 ,     rs ,    2 ,     2364 ,     2795430 ,    3546 ,    94525         ,
27 ,    2405 ,     rs ,    2 ,     2404 ,     2890810 ,    3606 ,    99191         ,
27 ,    2445 ,     rs ,    2 ,     2444 ,     2987790 ,    3666 ,    102771         ,
27 ,    2485 ,     rs ,    2 ,     2484 ,     3086370 ,    3726 ,    104215         ,
27 ,    2525 ,     rs ,    2 ,     2524 ,     3186550 ,    3786 ,    110295         ,
27 ,    2565 ,     rs ,    2 ,     2564 ,     3288330 ,    3846 ,    111303         ,
27 ,    2605 ,     rs ,    2 ,     2604 ,     3391710 ,    3906 ,    116499         ,
27 ,    2645 ,     rs ,    2 ,     2644 ,     3496690 ,    3966 ,    119957         ,
27 ,    2685 ,     rs ,    2 ,     2684 ,     3603270 ,    4026 ,    123775         ,
27 ,    2725 ,     rs ,    2 ,     2724 ,     3711450 ,    4086 ,    128923         ,
27 ,    2765 ,     rs ,    2 ,     2764 ,     3821230 ,    4146 ,    131040         ,
27 ,    2805 ,     rs ,    2 ,     2804 ,     3932610 ,    4206 ,    134027         ,
27 ,    2845 ,     rs ,    2 ,     2844 ,     4045590 ,    4266 ,    139224         ,
27 ,    2885 ,     rs ,    2 ,     2884 ,     4160170 ,    4326 ,    142692         ,
27 ,    2925 ,     rs ,    2 ,     2924 ,     4276350 ,    4386 ,    149795         ,
27 ,    2965 ,     rs ,    2 ,     2964 ,     4394130 ,    4446 ,    151221         ,
27 ,    3005 ,     rs ,    2 ,     3004 ,     4513510 ,    4506 ,    155026         ,
27 ,    3045 ,     rs ,    2 ,     3044 ,     4634490 ,    4566 ,    160841         ,
27 ,    3085 ,     rs ,    2 ,     3084 ,     4757070 ,    4626 ,    164102         ,
27 ,    3125 ,     rs ,    2 ,     3124 ,     4881250 ,    4686 ,    169892         ,
27 ,    3165 ,     rs ,    2 ,     3164 ,     5007030 ,    4746 ,    171296         ,
27 ,    3205 ,     rs ,    2 ,     3204 ,     5134410 ,    4806 ,    179302         ,
27 ,    3245 ,     rs ,    2 ,     3244 ,     5263390 ,    4866 ,    184527         ,
27 ,    3285 ,     rs ,    2 ,     3284 ,     5393970 ,    4926 ,    187667         ,
27 ,    3325 ,     rs ,    2 ,     3324 ,     5526150 ,    4986 ,    194738         ,
27 ,    3365 ,     rs ,    2 ,     3364 ,     5659930 ,    5046 ,    196312         ,
27 ,    3405 ,     rs ,    2 ,     3404 ,     5795310 ,    5106 ,    201085         ,
27 ,    3445 ,     rs ,    2 ,     3444 ,     5932290 ,    5166 ,    203911         ,
27 ,    3485 ,     rs ,    2 ,     3484 ,     6070870 ,    5226 ,    215097         ,
27 ,    3525 ,     rs ,    2 ,     3524 ,     6211050 ,    5286 ,    216072         ,
27 ,    3565 ,     rs ,    2 ,     3564 ,     6352830 ,    5346 ,    227370         ,
27 ,    3605 ,     rs ,    2 ,     3604 ,     6496210 ,    5406 ,    225565         ,
27 ,    3645 ,     rs ,    2 ,     3644 ,     6641190 ,    5466 ,    228571         ,
27 ,    3685 ,     rs ,    2 ,     3684 ,     6787770 ,    5526 ,    236035         ,
27 ,    3725 ,     rs ,    2 ,     3724 ,     6935950 ,    5586 ,    244141         ,
27 ,    3765 ,     rs ,    2 ,     3764 ,     7085730 ,    5646 ,    248059         ,
27 ,    3805 ,     rs ,    2 ,     3804 ,     7237110 ,    5706 ,    253320         ,
27 ,    3845 ,     rs ,    2 ,     3844 ,     7390090 ,    5766 ,    257078         ,
27 ,    3885 ,     rs ,    2 ,     3884 ,     7544670 ,    5826 ,    263599         ,
27 ,    3925 ,     rs ,    2 ,     3924 ,     7700850 ,    5886 ,    270817         ,
27 ,    3965 ,     rs ,    2 ,     3964 ,     7858630 ,    5946 ,    274361         ,
27 ,    4005 ,     rs ,    2 ,     4004 ,     8018010 ,    6006 ,    281007         ,
27 ,    4045 ,     rs ,    2 ,     4044 ,     8178990 ,    6066 ,    285707         ,
27 ,    4085 ,     rs ,    2 ,     4084 ,     8341570 ,    6126 ,    294903         ,
27 ,    4125 ,     rs ,    2 ,     4124 ,     8505750 ,    6186 ,    301926         ,
27 ,    4165 ,     rs ,    2 ,     4164 ,     8671530 ,    6246 ,    305479         ,
27 ,    4205 ,     rs ,    2 ,     4204 ,     8838910 ,    6306 ,    310953         ,
27 ,    4245 ,     rs ,    2 ,     4244 ,     9007890 ,    6366 ,    317222         ,
27 ,    4285 ,     rs ,    2 ,     4284 ,     9178470 ,    6426 ,    319494         ,
27 ,    4325 ,     rs ,    2 ,     4324 ,     9350650 ,    6486 ,    330832         ,
27 ,    4365 ,     rs ,    2 ,     4364 ,     9524430 ,    6546 ,    337418         ,
27 ,    4405 ,     rs ,    2 ,     4404 ,     9699810 ,    6606 ,    349846         ,
27 ,    4445 ,     rs ,    2 ,     4444 ,     9876790 ,    6666 ,    363328         ,
27 ,    4485 ,     rs ,    2 ,     4484 ,     10055370 ,    6726 ,    351253         ,
27 ,    4525 ,     rs ,    2 ,     4524 ,     10235550 ,    6786 ,    361173         ,
27 ,    4565 ,     rs ,    2 ,     4564 ,     10417330 ,    6846 ,    365875         ,
27 ,    4605 ,     rs ,    2 ,     4604 ,     10600710 ,    6906 ,    367513         ,
27 ,    4645 ,     rs ,    2 ,     4644 ,     10785690 ,    6966 ,    379563         ,
27 ,    4685 ,     rs ,    2 ,     4684 ,     10972270 ,    7026 ,    383765         ,
27 ,    4725 ,     rs ,    2 ,     4724 ,     11160450 ,    7086 ,    386700         ,
27 ,    4765 ,     rs ,    2 ,     4764 ,     11350230 ,    7146 ,    393595         ,
27 ,    4805 ,     rs ,    2 ,     4804 ,     11541610 ,    7206 ,    407937         ,
27 ,    4845 ,     rs ,    2 ,     4844 ,     11734590 ,    7266 ,    410808         ,
27 ,    4885 ,     rs ,    2 ,     4884 ,     11929170 ,    7326 ,    419037         ,
27 ,    4925 ,     rs ,    2 ,     4924 ,     12125350 ,    7386 ,    430783         ,
27 ,    4965 ,     rs ,    2 ,     4964 ,     12323130 ,    7446 ,    428096         ,
27 ,    5 ,     rs ,    3 ,     4 ,     10 ,    0 ,    2         ,
27 ,    45 ,     rs ,    3 ,     44 ,     990 ,    66 ,    50         ,
27 ,    85 ,     rs ,    3 ,     84 ,     3570 ,    117 ,    140         ,
27 ,    125 ,     rs ,    3 ,     124 ,     7750 ,    183 ,    281         ,
27 ,    165 ,     rs ,    3 ,     164 ,     13530 ,    228 ,    473         ,
27 ,    205 ,     rs ,    3 ,     204 ,     20910 ,    303 ,    718         ,
27 ,    245 ,     rs ,    3 ,     244 ,     29890 ,    396 ,    1025         ,
27 ,    285 ,     rs ,    3 ,     284 ,     40470 ,    435 ,    1456         ,
27 ,    325 ,     rs ,    3 ,     324 ,     52650 ,    462 ,    1748         ,
27 ,    365 ,     rs ,    3 ,     364 ,     66430 ,    588 ,    2203         ,
27 ,    405 ,     rs ,    3 ,     404 ,     81810 ,    624 ,    2698         ,
27 ,    445 ,     rs ,    3 ,     444 ,     98790 ,    660 ,    3347         ,
27 ,    485 ,     rs ,    3 ,     484 ,     117370 ,    699 ,    3843         ,
27 ,    525 ,     rs ,    3 ,     524 ,     137550 ,    822 ,    4601         ,
27 ,    565 ,     rs ,    3 ,     564 ,     159330 ,    825 ,    5301         ,
27 ,    605 ,     rs ,    3 ,     604 ,     182710 ,    927 ,    6062         ,
27 ,    645 ,     rs ,    3 ,     644 ,     207690 ,    996 ,    6864         ,
27 ,    685 ,     rs ,    3 ,     684 ,     234270 ,    1032 ,    10251         ,
27 ,    725 ,     rs ,    3 ,     724 ,     262450 ,    1077 ,    8530         ,
27 ,    765 ,     rs ,    3 ,     764 ,     292230 ,    1179 ,    9591         ,
27 ,    805 ,     rs ,    3 ,     804 ,     323610 ,    1263 ,    10605         ,
27 ,    845 ,     rs ,    3 ,     844 ,     356590 ,    1233 ,    11653         ,
27 ,    885 ,     rs ,    3 ,     884 ,     391170 ,    1305 ,    12858         ,
27 ,    925 ,     rs ,    3 ,     924 ,     427350 ,    1377 ,    13935         ,
27 ,    965 ,     rs ,    3 ,     964 ,     465130 ,    1482 ,    15190         ,
27 ,    1005 ,     rs ,    3 ,     1004 ,     504510 ,    1518 ,    16597         ,
27 ,    1045 ,     rs ,    3 ,     1044 ,     545490 ,    1554 ,    18227         ,
27 ,    1085 ,     rs ,    3 ,     1084 ,     588070 ,    1614 ,    19221         ,
27 ,    1125 ,     rs ,    3 ,     1124 ,     632250 ,    1680 ,    20618         ,
27 ,    1165 ,     rs ,    3 ,     1164 ,     678030 ,    1761 ,    22091         ,
27 ,    1205 ,     rs ,    3 ,     1204 ,     725410 ,    1899 ,    23721         ,
27 ,    1245 ,     rs ,    3 ,     1244 ,     774390 ,    1815 ,    25559         ,
27 ,    1285 ,     rs ,    3 ,     1284 ,     824970 ,    1911 ,    26995         ,
27 ,    1325 ,     rs ,    3 ,     1324 ,     877150 ,    1896 ,    28577         ,
27 ,    1365 ,     rs ,    3 ,     1364 ,     930930 ,    2073 ,    30300         ,
27 ,    1405 ,     rs ,    3 ,     1404 ,     986310 ,    2070 ,    33912         ,
27 ,    1445 ,     rs ,    3 ,     1444 ,     1043290 ,    2178 ,    34114         ,
27 ,    1485 ,     rs ,    3 ,     1484 ,     1101870 ,    2151 ,    35927         ,
27 ,    1525 ,     rs ,    3 ,     1524 ,     1162050 ,    2157 ,    37934         ,
27 ,    1565 ,     rs ,    3 ,     1564 ,     1223830 ,    2301 ,    39951         ,
27 ,    1605 ,     rs ,    3 ,     1604 ,     1287210 ,    2352 ,    41869         ,
27 ,    1645 ,     rs ,    3 ,     1644 ,     1352190 ,    2487 ,    43989         ,
27 ,    1685 ,     rs ,    3 ,     1684 ,     1418770 ,    2499 ,    48611         ,
27 ,    1725 ,     rs ,    3 ,     1724 ,     1486950 ,    2571 ,    48317         ,
27 ,    1765 ,     rs ,    3 ,     1764 ,     1556730 ,    2637 ,    50592         ,
27 ,    1805 ,     rs ,    3 ,     1804 ,     1628110 ,    2673 ,    54920         ,
27 ,    1845 ,     rs ,    3 ,     1844 ,     1701090 ,    2826 ,    55313         ,
27 ,    1885 ,     rs ,    3 ,     1884 ,     1775670 ,    2868 ,    59505         ,
27 ,    1925 ,     rs ,    3 ,     1924 ,     1851850 ,    2961 ,    60273         ,
27 ,    1965 ,     rs ,    3 ,     1964 ,     1929630 ,    2871 ,    62788         ,
27 ,    2005 ,     rs ,    3 ,     2004 ,     2009010 ,    3123 ,    67053         ,
27 ,    2045 ,     rs ,    3 ,     2044 ,     2089990 ,    3072 ,    70224         ,
27 ,    2085 ,     rs ,    3 ,     2084 ,     2172570 ,    3147 ,    70674         ,
27 ,    2125 ,     rs ,    3 ,     2124 ,     2256750 ,    3177 ,    73789         ,
27 ,    2165 ,     rs ,    3 ,     2164 ,     2342530 ,    3204 ,    76965         ,
27 ,    2205 ,     rs ,    3 ,     2204 ,     2429910 ,    3399 ,    81070         ,
27 ,    2245 ,     rs ,    3 ,     2244 ,     2518890 ,    3450 ,    84226         ,
27 ,    2285 ,     rs ,    3 ,     2284 ,     2609470 ,    3414 ,    87183         ,
27 ,    2325 ,     rs ,    3 ,     2324 ,     2701650 ,    3444 ,    89787         ,
27 ,    2365 ,     rs ,    3 ,     2364 ,     2795430 ,    3597 ,    93826         ,
27 ,    2405 ,     rs ,    3 ,     2404 ,     2890810 ,    3627 ,    96174         ,
27 ,    2445 ,     rs ,    3 ,     2444 ,     2987790 ,    3729 ,    99920         ,
27 ,    2485 ,     rs ,    3 ,     2484 ,     3086370 ,    3828 ,    102380         ,
27 ,    2525 ,     rs ,    3 ,     2524 ,     3186550 ,    3846 ,    106928         ,
27 ,    2565 ,     rs ,    3 ,     2564 ,     3288330 ,    3924 ,    107884         ,
27 ,    2605 ,     rs ,    3 ,     2604 ,     3391710 ,    3840 ,    111410         ,
27 ,    2645 ,     rs ,    3 ,     2644 ,     3496690 ,    3921 ,    116530         ,
27 ,    2685 ,     rs ,    3 ,     2684 ,     3603270 ,    3888 ,    119870         ,
27 ,    2725 ,     rs ,    3 ,     2724 ,     3711450 ,    4095 ,    125847         ,
27 ,    2765 ,     rs ,    3 ,     2764 ,     3821230 ,    4116 ,    128244         ,
27 ,    2805 ,     rs ,    3 ,     2804 ,     3932610 ,    4101 ,    130424         ,
27 ,    2845 ,     rs ,    3 ,     2844 ,     4045590 ,    4404 ,    133401         ,
27 ,    2885 ,     rs ,    3 ,     2884 ,     4160170 ,    4272 ,    138157         ,
27 ,    2925 ,     rs ,    3 ,     2924 ,     4276350 ,    4269 ,    142943         ,
27 ,    2965 ,     rs ,    3 ,     2964 ,     4394130 ,    4314 ,    146330         ,
27 ,    3005 ,     rs ,    3 ,     3004 ,     4513510 ,    4554 ,    148562         ,
27 ,    3045 ,     rs ,    3 ,     3044 ,     4634490 ,    4563 ,    153828         ,
27 ,    3085 ,     rs ,    3 ,     3084 ,     4757070 ,    4566 ,    159592         ,
27 ,    3125 ,     rs ,    3 ,     3124 ,     4881250 ,    4746 ,    163596         ,
27 ,    3165 ,     rs ,    3 ,     3164 ,     5007030 ,    4680 ,    168245         ,
27 ,    3205 ,     rs ,    3 ,     3204 ,     5134410 ,    4881 ,    173740         ,
27 ,    3245 ,     rs ,    3 ,     3244 ,     5263390 ,    4806 ,    175899         ,
27 ,    3285 ,     rs ,    3 ,     3284 ,     5393970 ,    4992 ,    180098         ,
27 ,    3325 ,     rs ,    3 ,     3324 ,     5526150 ,    5037 ,    184850         ,
27 ,    3365 ,     rs ,    3 ,     3364 ,     5659930 ,    5070 ,    188071         ,
27 ,    3405 ,     rs ,    3 ,     3404 ,     5795310 ,    5151 ,    194482         ,
27 ,    3445 ,     rs ,    3 ,     3444 ,     5932290 ,    4920 ,    199566         ,
27 ,    3485 ,     rs ,    3 ,     3484 ,     6070870 ,    5259 ,    208744         ,
27 ,    3525 ,     rs ,    3 ,     3524 ,     6211050 ,    5160 ,    209049         ,
27 ,    3565 ,     rs ,    3 ,     3564 ,     6352830 ,    5313 ,    219208         ,
27 ,    3605 ,     rs ,    3 ,     3604 ,     6496210 ,    5487 ,    220565         ,
27 ,    3645 ,     rs ,    3 ,     3644 ,     6641190 ,    5505 ,    225041         ,
27 ,    3685 ,     rs ,    3 ,     3684 ,     6787770 ,    5733 ,    230355         ,
27 ,    3725 ,     rs ,    3 ,     3724 ,     6935950 ,    5667 ,    233389         ,
27 ,    3765 ,     rs ,    3 ,     3764 ,     7085730 ,    5661 ,    239055         ,
27 ,    3805 ,     rs ,    3 ,     3804 ,     7237110 ,    5802 ,    248822         ,
27 ,    3845 ,     rs ,    3 ,     3844 ,     7390090 ,    5802 ,    250900         ,
27 ,    3885 ,     rs ,    3 ,     3884 ,     7544670 ,    5895 ,    256386         ,
27 ,    3925 ,     rs ,    3 ,     3924 ,     7700850 ,    5733 ,    260424         ,
27 ,    3965 ,     rs ,    3 ,     3964 ,     7858630 ,    5754 ,    271056         ,
27 ,    4005 ,     rs ,    3 ,     4004 ,     8018010 ,    6123 ,    272662         ,
27 ,    4045 ,     rs ,    3 ,     4044 ,     8178990 ,    6114 ,    279471         ,
27 ,    4085 ,     rs ,    3 ,     4084 ,     8341570 ,    5973 ,    284126         ,
27 ,    4125 ,     rs ,    3 ,     4124 ,     8505750 ,    6294 ,    292265         ,
27 ,    4165 ,     rs ,    3 ,     4164 ,     8671530 ,    6270 ,    296102         ,
27 ,    4205 ,     rs ,    3 ,     4204 ,     8838910 ,    6216 ,    300163         ,
27 ,    4245 ,     rs ,    3 ,     4244 ,     9007890 ,    6462 ,    307073         ,
27 ,    4285 ,     rs ,    3 ,     4284 ,     9178470 ,    6477 ,    308806         ,
27 ,    4325 ,     rs ,    3 ,     4324 ,     9350650 ,    6411 ,    314779         ,
27 ,    4365 ,     rs ,    3 ,     4364 ,     9524430 ,    6483 ,    320399         ,
27 ,    4405 ,     rs ,    3 ,     4404 ,     9699810 ,    6831 ,    334865         ,
27 ,    4445 ,     rs ,    3 ,     4444 ,     9876790 ,    6684 ,    339445         ,
27 ,    4485 ,     rs ,    3 ,     4484 ,     10055370 ,    6639 ,    341422         ,
27 ,    4525 ,     rs ,    3 ,     4524 ,     10235550 ,    6825 ,    362711         ,
27 ,    4565 ,     rs ,    3 ,     4564 ,     10417330 ,    6990 ,    363404         ,
27 ,    4605 ,     rs ,    3 ,     4604 ,     10600710 ,    7008 ,    387443         ,
27 ,    4645 ,     rs ,    3 ,     4644 ,     10785690 ,    6837 ,    377322         ,
27 ,    4685 ,     rs ,    3 ,     4684 ,     10972270 ,    7011 ,    392014         ,
27 ,    4725 ,     rs ,    3 ,     4724 ,     11160450 ,    7077 ,    400514         ,
27 ,    4765 ,     rs ,    3 ,     4764 ,     11350230 ,    7167 ,    410497         ,
27 ,    4805 ,     rs ,    3 ,     4804 ,     11541610 ,    6972 ,    411886         ,
27 ,    4845 ,     rs ,    3 ,     4844 ,     11734590 ,    7167 ,    420502         ,
27 ,    4885 ,     rs ,    3 ,     4884 ,     11929170 ,    7353 ,    415918         ,
27 ,    4925 ,     rs ,    3 ,     4924 ,     12125350 ,    7227 ,    426462         ,
27 ,    4965 ,     rs ,    3 ,     4964 ,     12323130 ,    7566 ,    441887         ,
27 ,    5 ,     rs ,    4 ,     4 ,     10 ,    9 ,    4         ,
27 ,    45 ,     rs ,    4 ,     44 ,     990 ,    84 ,    52         ,
27 ,    85 ,     rs ,    4 ,     84 ,     3570 ,    204 ,    164         ,
27 ,    125 ,     rs ,    4 ,     124 ,     7750 ,    300 ,    308         ,
27 ,    165 ,     rs ,    4 ,     164 ,     13530 ,    384 ,    509         ,
27 ,    205 ,     rs ,    4 ,     204 ,     20910 ,    474 ,    751         ,
27 ,    245 ,     rs ,    4 ,     244 ,     29890 ,    630 ,    1049         ,
27 ,    285 ,     rs ,    4 ,     284 ,     40470 ,    708 ,    1396         ,
27 ,    325 ,     rs ,    4 ,     324 ,     52650 ,    744 ,    1813         ,
27 ,    365 ,     rs ,    4 ,     364 ,     66430 ,    900 ,    2272         ,
27 ,    405 ,     rs ,    4 ,     404 ,     81810 ,    966 ,    2752         ,
27 ,    445 ,     rs ,    4 ,     444 ,     98790 ,    1101 ,    3455         ,
27 ,    485 ,     rs ,    4 ,     484 ,     117370 ,    1107 ,    3908         ,
27 ,    525 ,     rs ,    4 ,     524 ,     137550 ,    1251 ,    4578         ,
27 ,    565 ,     rs ,    4 ,     564 ,     159330 ,    1338 ,    5465         ,
27 ,    605 ,     rs ,    4 ,     604 ,     182710 ,    1434 ,    6596         ,
27 ,    645 ,     rs ,    4 ,     644 ,     207690 ,    1560 ,    7363         ,
27 ,    685 ,     rs ,    4 ,     684 ,     234270 ,    1605 ,    8268         ,
27 ,    725 ,     rs ,    4 ,     724 ,     262450 ,    1746 ,    9235         ,
27 ,    765 ,     rs ,    4 ,     764 ,     292230 ,    1785 ,    10208         ,
27 ,    805 ,     rs ,    4 ,     804 ,     323610 ,    1905 ,    11241         ,
27 ,    845 ,     rs ,    4 ,     844 ,     356590 ,    2043 ,    12376         ,
27 ,    885 ,     rs ,    4 ,     884 ,     391170 ,    2130 ,    13713         ,
27 ,    925 ,     rs ,    4 ,     924 ,     427350 ,    2193 ,    15676         ,
27 ,    965 ,     rs ,    4 ,     964 ,     465130 ,    2298 ,    16341         ,
27 ,    1005 ,     rs ,    4 ,     1004 ,     504510 ,    2451 ,    17652         ,
27 ,    1045 ,     rs ,    4 ,     1044 ,     545490 ,    2418 ,    18994         ,
27 ,    1085 ,     rs ,    4 ,     1084 ,     588070 ,    2619 ,    20463         ,
27 ,    1125 ,     rs ,    4 ,     1124 ,     632250 ,    2664 ,    22113         ,
27 ,    1165 ,     rs ,    4 ,     1164 ,     678030 ,    2751 ,    23243         ,
27 ,    1205 ,     rs ,    4 ,     1204 ,     725410 ,    2862 ,    26069         ,
27 ,    1245 ,     rs ,    4 ,     1244 ,     774390 ,    3039 ,    27750         ,
27 ,    1285 ,     rs ,    4 ,     1284 ,     824970 ,    3192 ,    28948         ,
27 ,    1325 ,     rs ,    4 ,     1324 ,     877150 ,    3174 ,    32378         ,
27 ,    1365 ,     rs ,    4 ,     1364 ,     930930 ,    3321 ,    32796         ,
27 ,    1405 ,     rs ,    4 ,     1404 ,     986310 ,    3363 ,    33835         ,
27 ,    1445 ,     rs ,    4 ,     1444 ,     1043290 ,    3477 ,    37211         ,
27 ,    1485 ,     rs ,    4 ,     1484 ,     1101870 ,    3543 ,    38170         ,
27 ,    1525 ,     rs ,    4 ,     1524 ,     1162050 ,    3711 ,    41627         ,
27 ,    1565 ,     rs ,    4 ,     1564 ,     1223830 ,    3732 ,    42407         ,
27 ,    1605 ,     rs ,    4 ,     1604 ,     1287210 ,    3807 ,    44964         ,
27 ,    1645 ,     rs ,    4 ,     1644 ,     1352190 ,    3924 ,    46717         ,
27 ,    1685 ,     rs ,    4 ,     1684 ,     1418770 ,    4029 ,    49806         ,
27 ,    1725 ,     rs ,    4 ,     1724 ,     1486950 ,    4170 ,    49945         ,
27 ,    1765 ,     rs ,    4 ,     1764 ,     1556730 ,    4314 ,    55273         ,
27 ,    1805 ,     rs ,    4 ,     1804 ,     1628110 ,    4329 ,    58003         ,
27 ,    1845 ,     rs ,    4 ,     1844 ,     1701090 ,    4485 ,    58184         ,
27 ,    1885 ,     rs ,    4 ,     1884 ,     1775670 ,    4542 ,    62262         ,
27 ,    1925 ,     rs ,    4 ,     1924 ,     1851850 ,    4659 ,    63373         ,
27 ,    1965 ,     rs ,    4 ,     1964 ,     1929630 ,    4644 ,    65085         ,
27 ,    2005 ,     rs ,    4 ,     2004 ,     2009010 ,    4698 ,    68242         ,
27 ,    2045 ,     rs ,    4 ,     2044 ,     2089990 ,    4788 ,    73583         ,
27 ,    2085 ,     rs ,    4 ,     2084 ,     2172570 ,    4908 ,    76244         ,
27 ,    2125 ,     rs ,    4 ,     2124 ,     2256750 ,    5127 ,    78209         ,
27 ,    2165 ,     rs ,    4 ,     2164 ,     2342530 ,    5280 ,    82497         ,
27 ,    2205 ,     rs ,    4 ,     2204 ,     2429910 ,    5274 ,    82438         ,
27 ,    2245 ,     rs ,    4 ,     2244 ,     2518890 ,    5325 ,    85071         ,
27 ,    2285 ,     rs ,    4 ,     2284 ,     2609470 ,    5514 ,    89718         ,
27 ,    2325 ,     rs ,    4 ,     2324 ,     2701650 ,    5559 ,    92111         ,
27 ,    2365 ,     rs ,    4 ,     2364 ,     2795430 ,    5706 ,    98631         ,
27 ,    2405 ,     rs ,    4 ,     2404 ,     2890810 ,    5784 ,    98947         ,
27 ,    2445 ,     rs ,    4 ,     2444 ,     2987790 ,    5952 ,    101277         ,
27 ,    2485 ,     rs ,    4 ,     2484 ,     3086370 ,    5874 ,    106904         ,
27 ,    2525 ,     rs ,    4 ,     2524 ,     3186550 ,    5988 ,    111007         ,
27 ,    2565 ,     rs ,    4 ,     2564 ,     3288330 ,    6150 ,    116637         ,
27 ,    2605 ,     rs ,    4 ,     2604 ,     3391710 ,    6249 ,    116613         ,
27 ,    2645 ,     rs ,    4 ,     2644 ,     3496690 ,    6426 ,    122030         ,
27 ,    2685 ,     rs ,    4 ,     2684 ,     3603270 ,    6489 ,    124594         ,
27 ,    2725 ,     rs ,    4 ,     2724 ,     3711450 ,    6465 ,    128616         ,
27 ,    2765 ,     rs ,    4 ,     2764 ,     3821230 ,    6705 ,    144743         ,
27 ,    2805 ,     rs ,    4 ,     2804 ,     3932610 ,    6756 ,    136714         ,
27 ,    2845 ,     rs ,    4 ,     2844 ,     4045590 ,    6783 ,    142463         ,
27 ,    2885 ,     rs ,    4 ,     2884 ,     4160170 ,    6999 ,    145019         ,
27 ,    2925 ,     rs ,    4 ,     2924 ,     4276350 ,    7158 ,    154282         ,
27 ,    2965 ,     rs ,    4 ,     2964 ,     4394130 ,    7104 ,    152678         ,
27 ,    3005 ,     rs ,    4 ,     3004 ,     4513510 ,    7275 ,    157095         ,
27 ,    3045 ,     rs ,    4 ,     3044 ,     4634490 ,    7299 ,    162168         ,
27 ,    3085 ,     rs ,    4 ,     3084 ,     4757070 ,    7347 ,    165133         ,
27 ,    3125 ,     rs ,    4 ,     3124 ,     4881250 ,    7527 ,    169417         ,
27 ,    3165 ,     rs ,    4 ,     3164 ,     5007030 ,    7566 ,    176311         ,
27 ,    3205 ,     rs ,    4 ,     3204 ,     5134410 ,    7716 ,    180239         ,
27 ,    3245 ,     rs ,    4 ,     3244 ,     5263390 ,    7689 ,    188332         ,
27 ,    3285 ,     rs ,    4 ,     3284 ,     5393970 ,    7899 ,    189656         ,
27 ,    3325 ,     rs ,    4 ,     3324 ,     5526150 ,    7980 ,    195145         ,
27 ,    3365 ,     rs ,    4 ,     3364 ,     5659930 ,    8082 ,    201217         ,
27 ,    3405 ,     rs ,    4 ,     3404 ,     5795310 ,    8202 ,    201861         ,
27 ,    3445 ,     rs ,    4 ,     3444 ,     5932290 ,    8250 ,    198736         ,
27 ,    3485 ,     rs ,    4 ,     3484 ,     6070870 ,    8379 ,    209415         ,
27 ,    3525 ,     rs ,    4 ,     3524 ,     6211050 ,    8391 ,    219645         ,
27 ,    3565 ,     rs ,    4 ,     3564 ,     6352830 ,    8655 ,    222199         ,
27 ,    3605 ,     rs ,    4 ,     3604 ,     6496210 ,    8607 ,    230956         ,
27 ,    3645 ,     rs ,    4 ,     3644 ,     6641190 ,    8646 ,    241342         ,
27 ,    3685 ,     rs ,    4 ,     3684 ,     6787770 ,    8760 ,    242521         ,
27 ,    3725 ,     rs ,    4 ,     3724 ,     6935950 ,    8982 ,    242311         ,
27 ,    3765 ,     rs ,    4 ,     3764 ,     7085730 ,    9144 ,    249285         ,
27 ,    3805 ,     rs ,    4 ,     3804 ,     7237110 ,    9258 ,    245425         ,
27 ,    3845 ,     rs ,    4 ,     3844 ,     7390090 ,    9192 ,    250813         ,
27 ,    3885 ,     rs ,    4 ,     3884 ,     7544670 ,    9384 ,    257192         ,
27 ,    3925 ,     rs ,    4 ,     3924 ,     7700850 ,    9468 ,    263382         ,
27 ,    3965 ,     rs ,    4 ,     3964 ,     7858630 ,    9597 ,    270916         ,
27 ,    4005 ,     rs ,    4 ,     4004 ,     8018010 ,    9396 ,    275887         ,
27 ,    4045 ,     rs ,    4 ,     4044 ,     8178990 ,    9630 ,    279405         ,
27 ,    4085 ,     rs ,    4 ,     4084 ,     8341570 ,    9816 ,    281435         ,
27 ,    4125 ,     rs ,    4 ,     4124 ,     8505750 ,    9735 ,    290946         ,
27 ,    4165 ,     rs ,    4 ,     4164 ,     8671530 ,    9969 ,    294007         ,
27 ,    4205 ,     rs ,    4 ,     4204 ,     8838910 ,    10047 ,    297479         ,
27 ,    4245 ,     rs ,    4 ,     4244 ,     9007890 ,    10077 ,    303260         ,
27 ,    4285 ,     rs ,    4 ,     4284 ,     9178470 ,    10305 ,    312164         ,
27 ,    4325 ,     rs ,    4 ,     4324 ,     9350650 ,    10458 ,    316041         ,
27 ,    4365 ,     rs ,    4 ,     4364 ,     9524430 ,    10563 ,    323255         ,
27 ,    4405 ,     rs ,    4 ,     4404 ,     9699810 ,    10506 ,    332934         ,
27 ,    4445 ,     rs ,    4 ,     4444 ,     9876790 ,    10638 ,    336757         ,
27 ,    4485 ,     rs ,    4 ,     4484 ,     10055370 ,    10734 ,    344893         ,
27 ,    4525 ,     rs ,    4 ,     4524 ,     10235550 ,    10860 ,    351505         ,
27 ,    4565 ,     rs ,    4 ,     4564 ,     10417330 ,    11064 ,    360323         ,
27 ,    4605 ,     rs ,    4 ,     4604 ,     10600710 ,    11106 ,    363064         ,
27 ,    4645 ,     rs ,    4 ,     4644 ,     10785690 ,    11256 ,    366684         ,
27 ,    4685 ,     rs ,    4 ,     4684 ,     10972270 ,    11397 ,    370405         ,
27 ,    4725 ,     rs ,    4 ,     4724 ,     11160450 ,    11358 ,    380682         ,
27 ,    4765 ,     rs ,    4 ,     4764 ,     11350230 ,    11559 ,    389492         ,
27 ,    4805 ,     rs ,    4 ,     4804 ,     11541610 ,    11505 ,    390107         ,
27 ,    4845 ,     rs ,    4 ,     4844 ,     11734590 ,    11706 ,    401986         ,
27 ,    4885 ,     rs ,    4 ,     4884 ,     11929170 ,    11646 ,    412473         ,
27 ,    4925 ,     rs ,    4 ,     4924 ,     12125350 ,    11766 ,    414872         ,
27 ,    4965 ,     rs ,    4 ,     4964 ,     12323130 ,    11994 ,    418898         ,


