SEED ,  SIZE ,  ALG ,  TYPE ,  CALLS ,  CMP ,     MOVE ,    TIME              ,
27 ,    5 ,     rx ,    0 ,     0 ,     0 ,    0 ,    6         ,
27 ,    45 ,     rx ,    0 ,     0 ,     0 ,    0 ,    30         ,
27 ,    85 ,     rx ,    0 ,     0 ,     0 ,    0 ,    55         ,
27 ,    125 ,     rx ,    0 ,     0 ,     0 ,    0 ,    116         ,
27 ,    165 ,     rx ,    0 ,     0 ,     0 ,    0 ,    148         ,
27 ,    205 ,     rx ,    0 ,     0 ,     0 ,    0 ,    190         ,
27 ,    245 ,     rx ,    0 ,     0 ,     0 ,    0 ,    213         ,
27 ,    285 ,     rx ,    0 ,     0 ,     0 ,    0 ,    258         ,
27 ,    325 ,     rx ,    0 ,     0 ,     0 ,    0 ,    291         ,
27 ,    365 ,     rx ,    0 ,     0 ,     0 ,    0 ,    327         ,
27 ,    405 ,     rx ,    0 ,     0 ,     0 ,    0 ,    362         ,
27 ,    445 ,     rx ,    0 ,     0 ,     0 ,    0 ,    399         ,
27 ,    485 ,     rx ,    0 ,     0 ,     0 ,    0 ,    431         ,
27 ,    525 ,     rx ,    0 ,     0 ,     0 ,    0 ,    466         ,
27 ,    565 ,     rx ,    0 ,     0 ,     0 ,    0 ,    505         ,
27 ,    605 ,     rx ,    0 ,     0 ,     0 ,    0 ,    540         ,
27 ,    645 ,     rx ,    0 ,     0 ,     0 ,    0 ,    572         ,
27 ,    685 ,     rx ,    0 ,     0 ,     0 ,    0 ,    606         ,
27 ,    725 ,     rx ,    0 ,     0 ,     0 ,    0 ,    1046         ,
27 ,    765 ,     rx ,    0 ,     0 ,     0 ,    0 ,    673         ,
27 ,    805 ,     rx ,    0 ,     0 ,     0 ,    0 ,    715         ,
27 ,    845 ,     rx ,    0 ,     0 ,     0 ,    0 ,    745         ,
27 ,    885 ,     rx ,    0 ,     0 ,     0 ,    0 ,    793         ,
27 ,    925 ,     rx ,    0 ,     0 ,     0 ,    0 ,    847         ,
27 ,    965 ,     rx ,    0 ,     0 ,     0 ,    0 ,    865         ,
27 ,    1005 ,     rx ,    0 ,     0 ,     0 ,    0 ,    1189         ,
27 ,    1045 ,     rx ,    0 ,     0 ,     0 ,    0 ,    1219         ,
27 ,    1085 ,     rx ,    0 ,     0 ,     0 ,    0 ,    1402         ,
27 ,    1125 ,     rx ,    0 ,     0 ,     0 ,    0 ,    1327         ,
27 ,    1165 ,     rx ,    0 ,     0 ,     0 ,    0 ,    1373         ,
27 ,    1205 ,     rx ,    0 ,     0 ,     0 ,    0 ,    1418         ,
27 ,    1245 ,     rx ,    0 ,     0 ,     0 ,    0 ,    1586         ,
27 ,    1285 ,     rx ,    0 ,     0 ,     0 ,    0 ,    1520         ,
27 ,    1325 ,     rx ,    0 ,     0 ,     0 ,    0 ,    1575         ,
27 ,    1365 ,     rx ,    0 ,     0 ,     0 ,    0 ,    1606         ,
27 ,    1405 ,     rx ,    0 ,     0 ,     0 ,    0 ,    1666         ,
27 ,    1445 ,     rx ,    0 ,     0 ,     0 ,    0 ,    1719         ,
27 ,    1485 ,     rx ,    0 ,     0 ,     0 ,    0 ,    1865         ,
27 ,    1525 ,     rx ,    0 ,     0 ,     0 ,    0 ,    1804         ,
27 ,    1565 ,     rx ,    0 ,     0 ,     0 ,    0 ,    1858         ,
27 ,    1605 ,     rx ,    0 ,     0 ,     0 ,    0 ,    2083         ,
27 ,    1645 ,     rx ,    0 ,     0 ,     0 ,    0 ,    1960         ,
27 ,    1685 ,     rx ,    0 ,     0 ,     0 ,    0 ,    2066         ,
27 ,    1725 ,     rx ,    0 ,     0 ,     0 ,    0 ,    2155         ,
27 ,    1765 ,     rx ,    0 ,     0 ,     0 ,    0 ,    2115         ,
27 ,    1805 ,     rx ,    0 ,     0 ,     0 ,    0 ,    2152         ,
27 ,    1845 ,     rx ,    0 ,     0 ,     0 ,    0 ,    2199         ,
27 ,    1885 ,     rx ,    0 ,     0 ,     0 ,    0 ,    2243         ,
27 ,    1925 ,     rx ,    0 ,     0 ,     0 ,    0 ,    2287         ,
27 ,    1965 ,     rx ,    0 ,     0 ,     0 ,    0 ,    2341         ,
27 ,    2005 ,     rx ,    0 ,     0 ,     0 ,    0 ,    2476         ,
27 ,    2045 ,     rx ,    0 ,     0 ,     0 ,    0 ,    2436         ,
27 ,    2085 ,     rx ,    0 ,     0 ,     0 ,    0 ,    2593         ,
27 ,    2125 ,     rx ,    0 ,     0 ,     0 ,    0 ,    2536         ,
27 ,    2165 ,     rx ,    0 ,     0 ,     0 ,    0 ,    2708         ,
27 ,    2205 ,     rx ,    0 ,     0 ,     0 ,    0 ,    2646         ,
27 ,    2245 ,     rx ,    0 ,     0 ,     0 ,    0 ,    2895         ,
27 ,    2285 ,     rx ,    0 ,     0 ,     0 ,    0 ,    2742         ,
27 ,    2325 ,     rx ,    0 ,     0 ,     0 ,    0 ,    2890         ,
27 ,    2365 ,     rx ,    0 ,     0 ,     0 ,    0 ,    2975         ,
27 ,    2405 ,     rx ,    0 ,     0 ,     0 ,    0 ,    2991         ,
27 ,    2445 ,     rx ,    0 ,     0 ,     0 ,    0 ,    3240         ,
27 ,    2485 ,     rx ,    0 ,     0 ,     0 ,    0 ,    3018         ,
27 ,    2525 ,     rx ,    0 ,     0 ,     0 ,    0 ,    3041         ,
27 ,    2565 ,     rx ,    0 ,     0 ,     0 ,    0 ,    3089         ,
27 ,    2605 ,     rx ,    0 ,     0 ,     0 ,    0 ,    3146         ,
27 ,    2645 ,     rx ,    0 ,     0 ,     0 ,    0 ,    3320         ,
27 ,    2685 ,     rx ,    0 ,     0 ,     0 ,    0 ,    3326         ,
27 ,    2725 ,     rx ,    0 ,     0 ,     0 ,    0 ,    3265         ,
27 ,    2765 ,     rx ,    0 ,     0 ,     0 ,    0 ,    3405         ,
27 ,    2805 ,     rx ,    0 ,     0 ,     0 ,    0 ,    3377         ,
27 ,    2845 ,     rx ,    0 ,     0 ,     0 ,    0 ,    3428         ,
27 ,    2885 ,     rx ,    0 ,     0 ,     0 ,    0 ,    3563         ,
27 ,    2925 ,     rx ,    0 ,     0 ,     0 ,    0 ,    3520         ,
27 ,    2965 ,     rx ,    0 ,     0 ,     0 ,    0 ,    3538         ,
27 ,    3005 ,     rx ,    0 ,     0 ,     0 ,    0 ,    3981         ,
27 ,    3045 ,     rx ,    0 ,     0 ,     0 ,    0 ,    3655         ,
27 ,    3085 ,     rx ,    0 ,     0 ,     0 ,    0 ,    3771         ,
27 ,    3125 ,     rx ,    0 ,     0 ,     0 ,    0 ,    3977         ,
27 ,    3165 ,     rx ,    0 ,     0 ,     0 ,    0 ,    3818         ,
27 ,    3205 ,     rx ,    0 ,     0 ,     0 ,    0 ,    3925         ,
27 ,    3245 ,     rx ,    0 ,     0 ,     0 ,    0 ,    4052         ,
27 ,    3285 ,     rx ,    0 ,     0 ,     0 ,    0 ,    4009         ,
27 ,    3325 ,     rx ,    0 ,     0 ,     0 ,    0 ,    4034         ,
27 ,    3365 ,     rx ,    0 ,     0 ,     0 ,    0 ,    4116         ,
27 ,    3405 ,     rx ,    0 ,     0 ,     0 ,    0 ,    4185         ,
27 ,    3445 ,     rx ,    0 ,     0 ,     0 ,    0 ,    4113         ,
27 ,    3485 ,     rx ,    0 ,     0 ,     0 ,    0 ,    4341         ,
27 ,    3525 ,     rx ,    0 ,     0 ,     0 ,    0 ,    4330         ,
27 ,    3565 ,     rx ,    0 ,     0 ,     0 ,    0 ,    5546         ,
27 ,    3605 ,     rx ,    0 ,     0 ,     0 ,    0 ,    5470         ,
27 ,    3645 ,     rx ,    0 ,     0 ,     0 ,    0 ,    4406         ,
27 ,    3685 ,     rx ,    0 ,     0 ,     0 ,    0 ,    4602         ,
27 ,    3725 ,     rx ,    0 ,     0 ,     0 ,    0 ,    4584         ,
27 ,    3765 ,     rx ,    0 ,     0 ,     0 ,    0 ,    4662         ,
27 ,    3805 ,     rx ,    0 ,     0 ,     0 ,    0 ,    4567         ,
27 ,    3845 ,     rx ,    0 ,     0 ,     0 ,    0 ,    4682         ,
27 ,    3885 ,     rx ,    0 ,     0 ,     0 ,    0 ,    4754         ,
27 ,    3925 ,     rx ,    0 ,     0 ,     0 ,    0 ,    4921         ,
27 ,    3965 ,     rx ,    0 ,     0 ,     0 ,    0 ,    4738         ,
27 ,    4005 ,     rx ,    0 ,     0 ,     0 ,    0 ,    4845         ,
27 ,    4045 ,     rx ,    0 ,     0 ,     0 ,    0 ,    4853         ,
27 ,    4085 ,     rx ,    0 ,     0 ,     0 ,    0 ,    5009         ,
27 ,    4125 ,     rx ,    0 ,     0 ,     0 ,    0 ,    5057         ,
27 ,    4165 ,     rx ,    0 ,     0 ,     0 ,    0 ,    5277         ,
27 ,    4205 ,     rx ,    0 ,     0 ,     0 ,    0 ,    5111         ,
27 ,    4245 ,     rx ,    0 ,     0 ,     0 ,    0 ,    5078         ,
27 ,    4285 ,     rx ,    0 ,     0 ,     0 ,    0 ,    5191         ,
27 ,    4325 ,     rx ,    0 ,     0 ,     0 ,    0 ,    5254         ,
27 ,    4365 ,     rx ,    0 ,     0 ,     0 ,    0 ,    5292         ,
27 ,    4405 ,     rx ,    0 ,     0 ,     0 ,    0 ,    5443         ,
27 ,    4445 ,     rx ,    0 ,     0 ,     0 ,    0 ,    5565         ,
27 ,    4485 ,     rx ,    0 ,     0 ,     0 ,    0 ,    5492         ,
27 ,    4525 ,     rx ,    0 ,     0 ,     0 ,    0 ,    5779         ,
27 ,    4565 ,     rx ,    0 ,     0 ,     0 ,    0 ,    5762         ,
27 ,    4605 ,     rx ,    0 ,     0 ,     0 ,    0 ,    5883         ,
27 ,    4645 ,     rx ,    0 ,     0 ,     0 ,    0 ,    5873         ,
27 ,    4685 ,     rx ,    0 ,     0 ,     0 ,    0 ,    5937         ,
27 ,    4725 ,     rx ,    0 ,     0 ,     0 ,    0 ,    6083         ,
27 ,    4765 ,     rx ,    0 ,     0 ,     0 ,    0 ,    5940         ,
27 ,    4805 ,     rx ,    0 ,     0 ,     0 ,    0 ,    5927         ,
27 ,    4845 ,     rx ,    0 ,     0 ,     0 ,    0 ,    6038         ,
27 ,    4885 ,     rx ,    0 ,     0 ,     0 ,    0 ,    6014         ,
27 ,    4925 ,     rx ,    0 ,     0 ,     0 ,    0 ,    6070         ,
27 ,    4965 ,     rx ,    0 ,     0 ,     0 ,    0 ,    6137         ,
27 ,    5 ,     rx ,    1 ,     0 ,     0 ,    0 ,    5         ,
27 ,    45 ,     rx ,    1 ,     0 ,     0 ,    0 ,    30         ,
27 ,    85 ,     rx ,    1 ,     0 ,     0 ,    0 ,    55         ,
27 ,    125 ,     rx ,    1 ,     0 ,     0 ,    0 ,    114         ,
27 ,    165 ,     rx ,    1 ,     0 ,     0 ,    0 ,    150         ,
27 ,    205 ,     rx ,    1 ,     0 ,     0 ,    0 ,    184         ,
27 ,    245 ,     rx ,    1 ,     0 ,     0 ,    0 ,    222         ,
27 ,    285 ,     rx ,    1 ,     0 ,     0 ,    0 ,    255         ,
27 ,    325 ,     rx ,    1 ,     0 ,     0 ,    0 ,    297         ,
27 ,    365 ,     rx ,    1 ,     0 ,     0 ,    0 ,    332         ,
27 ,    405 ,     rx ,    1 ,     0 ,     0 ,    0 ,    360         ,
27 ,    445 ,     rx ,    1 ,     0 ,     0 ,    0 ,    400         ,
27 ,    485 ,     rx ,    1 ,     0 ,     0 ,    0 ,    445         ,
27 ,    525 ,     rx ,    1 ,     0 ,     0 ,    0 ,    459         ,
27 ,    565 ,     rx ,    1 ,     0 ,     0 ,    0 ,    513         ,
27 ,    605 ,     rx ,    1 ,     0 ,     0 ,    0 ,    543         ,
27 ,    645 ,     rx ,    1 ,     0 ,     0 ,    0 ,    587         ,
27 ,    685 ,     rx ,    1 ,     0 ,     0 ,    0 ,    610         ,
27 ,    725 ,     rx ,    1 ,     0 ,     0 ,    0 ,    648         ,
27 ,    765 ,     rx ,    1 ,     0 ,     0 ,    0 ,    685         ,
27 ,    805 ,     rx ,    1 ,     0 ,     0 ,    0 ,    719         ,
27 ,    845 ,     rx ,    1 ,     0 ,     0 ,    0 ,    864         ,
27 ,    885 ,     rx ,    1 ,     0 ,     0 ,    0 ,    792         ,
27 ,    925 ,     rx ,    1 ,     0 ,     0 ,    0 ,    848         ,
27 ,    965 ,     rx ,    1 ,     0 ,     0 ,    0 ,    872         ,
27 ,    1005 ,     rx ,    1 ,     0 ,     0 ,    0 ,    1195         ,
27 ,    1045 ,     rx ,    1 ,     0 ,     0 ,    0 ,    1357         ,
27 ,    1085 ,     rx ,    1 ,     0 ,     0 ,    0 ,    1293         ,
27 ,    1125 ,     rx ,    1 ,     0 ,     0 ,    0 ,    1345         ,
27 ,    1165 ,     rx ,    1 ,     0 ,     0 ,    0 ,    1390         ,
27 ,    1205 ,     rx ,    1 ,     0 ,     0 ,    0 ,    1649         ,
27 ,    1245 ,     rx ,    1 ,     0 ,     0 ,    0 ,    1475         ,
27 ,    1285 ,     rx ,    1 ,     0 ,     0 ,    0 ,    1522         ,
27 ,    1325 ,     rx ,    1 ,     0 ,     0 ,    0 ,    1585         ,
27 ,    1365 ,     rx ,    1 ,     0 ,     0 ,    0 ,    1630         ,
27 ,    1405 ,     rx ,    1 ,     0 ,     0 ,    0 ,    1675         ,
27 ,    1445 ,     rx ,    1 ,     0 ,     0 ,    0 ,    1935         ,
27 ,    1485 ,     rx ,    1 ,     0 ,     0 ,    0 ,    3108         ,
27 ,    1525 ,     rx ,    1 ,     0 ,     0 ,    0 ,    1821         ,
27 ,    1565 ,     rx ,    1 ,     0 ,     0 ,    0 ,    1987         ,
27 ,    1605 ,     rx ,    1 ,     0 ,     0 ,    0 ,    1993         ,
27 ,    1645 ,     rx ,    1 ,     0 ,     0 ,    0 ,    1978         ,
27 ,    1685 ,     rx ,    1 ,     0 ,     0 ,    0 ,    2169         ,
27 ,    1725 ,     rx ,    1 ,     0 ,     0 ,    0 ,    2058         ,
27 ,    1765 ,     rx ,    1 ,     0 ,     0 ,    0 ,    2245         ,
27 ,    1805 ,     rx ,    1 ,     0 ,     0 ,    0 ,    2174         ,
27 ,    1845 ,     rx ,    1 ,     0 ,     0 ,    0 ,    2218         ,
27 ,    1885 ,     rx ,    1 ,     0 ,     0 ,    0 ,    2276         ,
27 ,    1925 ,     rx ,    1 ,     0 ,     0 ,    0 ,    2310         ,
27 ,    1965 ,     rx ,    1 ,     0 ,     0 ,    0 ,    2476         ,
27 ,    2005 ,     rx ,    1 ,     0 ,     0 ,    0 ,    2412         ,
27 ,    2045 ,     rx ,    1 ,     0 ,     0 ,    0 ,    2470         ,
27 ,    2085 ,     rx ,    1 ,     0 ,     0 ,    0 ,    2511         ,
27 ,    2125 ,     rx ,    1 ,     0 ,     0 ,    0 ,    2554         ,
27 ,    2165 ,     rx ,    1 ,     0 ,     0 ,    0 ,    2726         ,
27 ,    2205 ,     rx ,    1 ,     0 ,     0 ,    0 ,    2654         ,
27 ,    2245 ,     rx ,    1 ,     0 ,     0 ,    0 ,    2802         ,
27 ,    2285 ,     rx ,    1 ,     0 ,     0 ,    0 ,    2756         ,
27 ,    2325 ,     rx ,    1 ,     0 ,     0 ,    0 ,    2905         ,
27 ,    2365 ,     rx ,    1 ,     0 ,     0 ,    0 ,    3000         ,
27 ,    2405 ,     rx ,    1 ,     0 ,     0 ,    0 ,    2998         ,
27 ,    2445 ,     rx ,    1 ,     0 ,     0 ,    0 ,    3009         ,
27 ,    2485 ,     rx ,    1 ,     0 ,     0 ,    0 ,    3100         ,
27 ,    2525 ,     rx ,    1 ,     0 ,     0 ,    0 ,    3074         ,
27 ,    2565 ,     rx ,    1 ,     0 ,     0 ,    0 ,    3214         ,
27 ,    2605 ,     rx ,    1 ,     0 ,     0 ,    0 ,    3165         ,
27 ,    2645 ,     rx ,    1 ,     0 ,     0 ,    0 ,    3230         ,
27 ,    2685 ,     rx ,    1 ,     0 ,     0 ,    0 ,    3232         ,
27 ,    2725 ,     rx ,    1 ,     0 ,     0 ,    0 ,    3295         ,
27 ,    2765 ,     rx ,    1 ,     0 ,     0 ,    0 ,    3453         ,
27 ,    2805 ,     rx ,    1 ,     0 ,     0 ,    0 ,    3370         ,
27 ,    2845 ,     rx ,    1 ,     0 ,     0 ,    0 ,    3507         ,
27 ,    2885 ,     rx ,    1 ,     0 ,     0 ,    0 ,    3459         ,
27 ,    2925 ,     rx ,    1 ,     0 ,     0 ,    0 ,    3644         ,
27 ,    2965 ,     rx ,    1 ,     0 ,     0 ,    0 ,    3552         ,
27 ,    3005 ,     rx ,    1 ,     0 ,     0 ,    0 ,    3626         ,
27 ,    3045 ,     rx ,    1 ,     0 ,     0 ,    0 ,    3799         ,
27 ,    3085 ,     rx ,    1 ,     0 ,     0 ,    0 ,    3685         ,
27 ,    3125 ,     rx ,    1 ,     0 ,     0 ,    0 ,    4035         ,
27 ,    3165 ,     rx ,    1 ,     0 ,     0 ,    0 ,    3932         ,
27 ,    3205 ,     rx ,    1 ,     0 ,     0 ,    0 ,    3886         ,
27 ,    3245 ,     rx ,    1 ,     0 ,     0 ,    0 ,    4117         ,
27 ,    3285 ,     rx ,    1 ,     0 ,     0 ,    0 ,    3969         ,
27 ,    3325 ,     rx ,    1 ,     0 ,     0 ,    0 ,    4006         ,
27 ,    3365 ,     rx ,    1 ,     0 ,     0 ,    0 ,    4193         ,
27 ,    3405 ,     rx ,    1 ,     0 ,     0 ,    0 ,    4231         ,
27 ,    3445 ,     rx ,    1 ,     0 ,     0 ,    0 ,    4151         ,
27 ,    3485 ,     rx ,    1 ,     0 ,     0 ,    0 ,    4285         ,
27 ,    3525 ,     rx ,    1 ,     0 ,     0 ,    0 ,    4263         ,
27 ,    3565 ,     rx ,    1 ,     0 ,     0 ,    0 ,    4312         ,
27 ,    3605 ,     rx ,    1 ,     0 ,     0 ,    0 ,    4412         ,
27 ,    3645 ,     rx ,    1 ,     0 ,     0 ,    0 ,    4520         ,
27 ,    3685 ,     rx ,    1 ,     0 ,     0 ,    0 ,    4514         ,
27 ,    3725 ,     rx ,    1 ,     0 ,     0 ,    0 ,    4560         ,
27 ,    3765 ,     rx ,    1 ,     0 ,     0 ,    0 ,    4679         ,
27 ,    3805 ,     rx ,    1 ,     0 ,     0 ,    0 ,    4692         ,
27 ,    3845 ,     rx ,    1 ,     0 ,     0 ,    0 ,    4646         ,
27 ,    3885 ,     rx ,    1 ,     0 ,     0 ,    0 ,    4770         ,
27 ,    3925 ,     rx ,    1 ,     0 ,     0 ,    0 ,    4877         ,
27 ,    3965 ,     rx ,    1 ,     0 ,     0 ,    0 ,    4919         ,
27 ,    4005 ,     rx ,    1 ,     0 ,     0 ,    0 ,    4953         ,
27 ,    4045 ,     rx ,    1 ,     0 ,     0 ,    0 ,    4893         ,
27 ,    4085 ,     rx ,    1 ,     0 ,     0 ,    0 ,    4938         ,
27 ,    4125 ,     rx ,    1 ,     0 ,     0 ,    0 ,    5085         ,
27 ,    4165 ,     rx ,    1 ,     0 ,     0 ,    0 ,    5143         ,
27 ,    4205 ,     rx ,    1 ,     0 ,     0 ,    0 ,    5208         ,
27 ,    4245 ,     rx ,    1 ,     0 ,     0 ,    0 ,    5144         ,
27 ,    4285 ,     rx ,    1 ,     0 ,     0 ,    0 ,    5185         ,
27 ,    4325 ,     rx ,    1 ,     0 ,     0 ,    0 ,    5339         ,
27 ,    4365 ,     rx ,    1 ,     0 ,     0 ,    0 ,    7813         ,
27 ,    4405 ,     rx ,    1 ,     0 ,     0 ,    0 ,    5449         ,
27 ,    4445 ,     rx ,    1 ,     0 ,     0 ,    0 ,    5581         ,
27 ,    4485 ,     rx ,    1 ,     0 ,     0 ,    0 ,    5561         ,
27 ,    4525 ,     rx ,    1 ,     0 ,     0 ,    0 ,    5549         ,
27 ,    4565 ,     rx ,    1 ,     0 ,     0 ,    0 ,    5648         ,
27 ,    4605 ,     rx ,    1 ,     0 ,     0 ,    0 ,    5604         ,
27 ,    4645 ,     rx ,    1 ,     0 ,     0 ,    0 ,    5669         ,
27 ,    4685 ,     rx ,    1 ,     0 ,     0 ,    0 ,    5818         ,
27 ,    4725 ,     rx ,    1 ,     0 ,     0 ,    0 ,    5845         ,
27 ,    4765 ,     rx ,    1 ,     0 ,     0 ,    0 ,    5864         ,
27 ,    4805 ,     rx ,    1 ,     0 ,     0 ,    0 ,    5965         ,
27 ,    4845 ,     rx ,    1 ,     0 ,     0 ,    0 ,    6064         ,
27 ,    4885 ,     rx ,    1 ,     0 ,     0 ,    0 ,    6106         ,
27 ,    4925 ,     rx ,    1 ,     0 ,     0 ,    0 ,    6147         ,
27 ,    4965 ,     rx ,    1 ,     0 ,     0 ,    0 ,    6176         ,
27 ,    5 ,     rx ,    2 ,     0 ,     0 ,    0 ,    4         ,
27 ,    45 ,     rx ,    2 ,     0 ,     0 ,    0 ,    29         ,
27 ,    85 ,     rx ,    2 ,     0 ,     0 ,    0 ,    49         ,
27 ,    125 ,     rx ,    2 ,     0 ,     0 ,    0 ,    113         ,
27 ,    165 ,     rx ,    2 ,     0 ,     0 ,    0 ,    150         ,
27 ,    205 ,     rx ,    2 ,     0 ,     0 ,    0 ,    182         ,
27 ,    245 ,     rx ,    2 ,     0 ,     0 ,    0 ,    221         ,
27 ,    285 ,     rx ,    2 ,     0 ,     0 ,    0 ,    254         ,
27 ,    325 ,     rx ,    2 ,     0 ,     0 ,    0 ,    285         ,
27 ,    365 ,     rx ,    2 ,     0 ,     0 ,    0 ,    322         ,
27 ,    405 ,     rx ,    2 ,     0 ,     0 ,    0 ,    360         ,
27 ,    445 ,     rx ,    2 ,     0 ,     0 ,    0 ,    397         ,
27 ,    485 ,     rx ,    2 ,     0 ,     0 ,    0 ,    431         ,
27 ,    525 ,     rx ,    2 ,     0 ,     0 ,    0 ,    470         ,
27 ,    565 ,     rx ,    2 ,     0 ,     0 ,    0 ,    508         ,
27 ,    605 ,     rx ,    2 ,     0 ,     0 ,    0 ,    642         ,
27 ,    645 ,     rx ,    2 ,     0 ,     0 ,    0 ,    564         ,
27 ,    685 ,     rx ,    2 ,     0 ,     0 ,    0 ,    605         ,
27 ,    725 ,     rx ,    2 ,     0 ,     0 ,    0 ,    639         ,
27 ,    765 ,     rx ,    2 ,     0 ,     0 ,    0 ,    677         ,
27 ,    805 ,     rx ,    2 ,     0 ,     0 ,    0 ,    744         ,
27 ,    845 ,     rx ,    2 ,     0 ,     0 ,    0 ,    759         ,
27 ,    885 ,     rx ,    2 ,     0 ,     0 ,    0 ,    783         ,
27 ,    925 ,     rx ,    2 ,     0 ,     0 ,    0 ,    843         ,
27 ,    965 ,     rx ,    2 ,     0 ,     0 ,    0 ,    876         ,
27 ,    1005 ,     rx ,    2 ,     0 ,     0 ,    0 ,    1182         ,
27 ,    1045 ,     rx ,    2 ,     0 ,     0 ,    0 ,    1365         ,
27 ,    1085 ,     rx ,    2 ,     0 ,     0 ,    0 ,    1269         ,
27 ,    1125 ,     rx ,    2 ,     0 ,     0 ,    0 ,    1336         ,
27 ,    1165 ,     rx ,    2 ,     0 ,     0 ,    0 ,    1377         ,
27 ,    1205 ,     rx ,    2 ,     0 ,     0 ,    0 ,    1518         ,
27 ,    1245 ,     rx ,    2 ,     0 ,     0 ,    0 ,    1464         ,
27 ,    1285 ,     rx ,    2 ,     0 ,     0 ,    0 ,    1524         ,
27 ,    1325 ,     rx ,    2 ,     0 ,     0 ,    0 ,    1596         ,
27 ,    1365 ,     rx ,    2 ,     0 ,     0 ,    0 ,    1673         ,
27 ,    1405 ,     rx ,    2 ,     0 ,     0 ,    0 ,    1673         ,
27 ,    1445 ,     rx ,    2 ,     0 ,     0 ,    0 ,    1713         ,
27 ,    1485 ,     rx ,    2 ,     0 ,     0 ,    0 ,    1873         ,
27 ,    1525 ,     rx ,    2 ,     0 ,     0 ,    0 ,    1818         ,
27 ,    1565 ,     rx ,    2 ,     0 ,     0 ,    0 ,    1876         ,
27 ,    1605 ,     rx ,    2 ,     0 ,     0 ,    0 ,    1968         ,
27 ,    1645 ,     rx ,    2 ,     0 ,     0 ,    0 ,    1962         ,
27 ,    1685 ,     rx ,    2 ,     0 ,     0 ,    0 ,    2198         ,
27 ,    1725 ,     rx ,    2 ,     0 ,     0 ,    0 ,    2056         ,
27 ,    1765 ,     rx ,    2 ,     0 ,     0 ,    0 ,    2086         ,
27 ,    1805 ,     rx ,    2 ,     0 ,     0 ,    0 ,    2295         ,
27 ,    1845 ,     rx ,    2 ,     0 ,     0 ,    0 ,    2213         ,
27 ,    1885 ,     rx ,    2 ,     0 ,     0 ,    0 ,    2253         ,
27 ,    1925 ,     rx ,    2 ,     0 ,     0 ,    0 ,    2345         ,
27 ,    1965 ,     rx ,    2 ,     0 ,     0 ,    0 ,    2367         ,
27 ,    2005 ,     rx ,    2 ,     0 ,     0 ,    0 ,    2520         ,
27 ,    2045 ,     rx ,    2 ,     0 ,     0 ,    0 ,    2451         ,
27 ,    2085 ,     rx ,    2 ,     0 ,     0 ,    0 ,    2595         ,
27 ,    2125 ,     rx ,    2 ,     0 ,     0 ,    0 ,    2552         ,
27 ,    2165 ,     rx ,    2 ,     0 ,     0 ,    0 ,    2620         ,
27 ,    2205 ,     rx ,    2 ,     0 ,     0 ,    0 ,    2658         ,
27 ,    2245 ,     rx ,    2 ,     0 ,     0 ,    0 ,    2703         ,
27 ,    2285 ,     rx ,    2 ,     0 ,     0 ,    0 ,    2848         ,
27 ,    2325 ,     rx ,    2 ,     0 ,     0 ,    0 ,    2795         ,
27 ,    2365 ,     rx ,    2 ,     0 ,     0 ,    0 ,    3002         ,
27 ,    2405 ,     rx ,    2 ,     0 ,     0 ,    0 ,    2881         ,
27 ,    2445 ,     rx ,    2 ,     0 ,     0 ,    0 ,    3009         ,
27 ,    2485 ,     rx ,    2 ,     0 ,     0 ,    0 ,    2997         ,
27 ,    2525 ,     rx ,    2 ,     0 ,     0 ,    0 ,    3072         ,
27 ,    2565 ,     rx ,    2 ,     0 ,     0 ,    0 ,    3080         ,
27 ,    2605 ,     rx ,    2 ,     0 ,     0 ,    0 ,    3147         ,
27 ,    2645 ,     rx ,    2 ,     0 ,     0 ,    0 ,    3537         ,
27 ,    2685 ,     rx ,    2 ,     0 ,     0 ,    0 ,    3236         ,
27 ,    2725 ,     rx ,    2 ,     0 ,     0 ,    0 ,    3384         ,
27 ,    2765 ,     rx ,    2 ,     0 ,     0 ,    0 ,    3327         ,
27 ,    2805 ,     rx ,    2 ,     0 ,     0 ,    0 ,    3467         ,
27 ,    2845 ,     rx ,    2 ,     0 ,     0 ,    0 ,    3428         ,
27 ,    2885 ,     rx ,    2 ,     0 ,     0 ,    0 ,    3524         ,
27 ,    2925 ,     rx ,    2 ,     0 ,     0 ,    0 ,    3583         ,
27 ,    2965 ,     rx ,    2 ,     0 ,     0 ,    0 ,    3575         ,
27 ,    3005 ,     rx ,    2 ,     0 ,     0 ,    0 ,    3734         ,
27 ,    3045 ,     rx ,    2 ,     0 ,     0 ,    0 ,    3671         ,
27 ,    3085 ,     rx ,    2 ,     0 ,     0 ,    0 ,    3730         ,
27 ,    3125 ,     rx ,    2 ,     0 ,     0 ,    0 ,    4093         ,
27 ,    3165 ,     rx ,    2 ,     0 ,     0 ,    0 ,    3813         ,
27 ,    3205 ,     rx ,    2 ,     0 ,     0 ,    0 ,    3965         ,
27 ,    3245 ,     rx ,    2 ,     0 ,     0 ,    0 ,    4032         ,
27 ,    3285 ,     rx ,    2 ,     0 ,     0 ,    0 ,    3962         ,
27 ,    3325 ,     rx ,    2 ,     0 ,     0 ,    0 ,    4103         ,
27 ,    3365 ,     rx ,    2 ,     0 ,     0 ,    0 ,    4218         ,
27 ,    3405 ,     rx ,    2 ,     0 ,     0 ,    0 ,    4115         ,
27 ,    3445 ,     rx ,    2 ,     0 ,     0 ,    0 ,    4290         ,
27 ,    3485 ,     rx ,    2 ,     0 ,     0 ,    0 ,    4526         ,
27 ,    3525 ,     rx ,    2 ,     0 ,     0 ,    0 ,    4210         ,
27 ,    3565 ,     rx ,    2 ,     0 ,     0 ,    0 ,    4292         ,
27 ,    3605 ,     rx ,    2 ,     0 ,     0 ,    0 ,    4487         ,
27 ,    3645 ,     rx ,    2 ,     0 ,     0 ,    0 ,    4395         ,
27 ,    3685 ,     rx ,    2 ,     0 ,     0 ,    0 ,    4487         ,
27 ,    3725 ,     rx ,    2 ,     0 ,     0 ,    0 ,    4481         ,
27 ,    3765 ,     rx ,    2 ,     0 ,     0 ,    0 ,    4638         ,
27 ,    3805 ,     rx ,    2 ,     0 ,     0 ,    0 ,    4542         ,
27 ,    3845 ,     rx ,    2 ,     0 ,     0 ,    0 ,    4701         ,
27 ,    3885 ,     rx ,    2 ,     0 ,     0 ,    0 ,    4806         ,
27 ,    3925 ,     rx ,    2 ,     0 ,     0 ,    0 ,    4915         ,
27 ,    3965 ,     rx ,    2 ,     0 ,     0 ,    0 ,    4919         ,
27 ,    4005 ,     rx ,    2 ,     0 ,     0 ,    0 ,    4890         ,
27 ,    4045 ,     rx ,    2 ,     0 ,     0 ,    0 ,    4880         ,
27 ,    4085 ,     rx ,    2 ,     0 ,     0 ,    0 ,    5075         ,
27 ,    4125 ,     rx ,    2 ,     0 ,     0 ,    0 ,    5108         ,
27 ,    4165 ,     rx ,    2 ,     0 ,     0 ,    0 ,    5176         ,
27 ,    4205 ,     rx ,    2 ,     0 ,     0 ,    0 ,    5051         ,
27 ,    4245 ,     rx ,    2 ,     0 ,     0 ,    0 ,    5123         ,
27 ,    4285 ,     rx ,    2 ,     0 ,     0 ,    0 ,    5290         ,
27 ,    4325 ,     rx ,    2 ,     0 ,     0 ,    0 ,    5552         ,
27 ,    4365 ,     rx ,    2 ,     0 ,     0 ,    0 ,    5412         ,
27 ,    4405 ,     rx ,    2 ,     0 ,     0 ,    0 ,    5415         ,
27 ,    4445 ,     rx ,    2 ,     0 ,     0 ,    0 ,    5469         ,
27 ,    4485 ,     rx ,    2 ,     0 ,     0 ,    0 ,    5519         ,
27 ,    4525 ,     rx ,    2 ,     0 ,     0 ,    0 ,    5579         ,
27 ,    4565 ,     rx ,    2 ,     0 ,     0 ,    0 ,    5629         ,
27 ,    4605 ,     rx ,    2 ,     0 ,     0 ,    0 ,    5696         ,
27 ,    4645 ,     rx ,    2 ,     0 ,     0 ,    0 ,    5603         ,
27 ,    4685 ,     rx ,    2 ,     0 ,     0 ,    0 ,    5704         ,
27 ,    4725 ,     rx ,    2 ,     0 ,     0 ,    0 ,    5713         ,
27 ,    4765 ,     rx ,    2 ,     0 ,     0 ,    0 ,    5948         ,
27 ,    4805 ,     rx ,    2 ,     0 ,     0 ,    0 ,    5914         ,
27 ,    4845 ,     rx ,    2 ,     0 ,     0 ,    0 ,    6012         ,
27 ,    4885 ,     rx ,    2 ,     0 ,     0 ,    0 ,    6063         ,
27 ,    4925 ,     rx ,    2 ,     0 ,     0 ,    0 ,    5979         ,
27 ,    4965 ,     rx ,    2 ,     0 ,     0 ,    0 ,    6020         ,
27 ,    5 ,     rx ,    3 ,     0 ,     0 ,    0 ,    1         ,
27 ,    45 ,     rx ,    3 ,     0 ,     0 ,    0 ,    23         ,
27 ,    85 ,     rx ,    3 ,     0 ,     0 ,    0 ,    33         ,
27 ,    125 ,     rx ,    3 ,     0 ,     0 ,    0 ,    45         ,
27 ,    165 ,     rx ,    3 ,     0 ,     0 ,    0 ,    59         ,
27 ,    205 ,     rx ,    3 ,     0 ,     0 ,    0 ,    69         ,
27 ,    245 ,     rx ,    3 ,     0 ,     0 ,    0 ,    80         ,
27 ,    285 ,     rx ,    3 ,     0 ,     0 ,    0 ,    93         ,
27 ,    325 ,     rx ,    3 ,     0 ,     0 ,    0 ,    106         ,
27 ,    365 ,     rx ,    3 ,     0 ,     0 ,    0 ,    120         ,
27 ,    405 ,     rx ,    3 ,     0 ,     0 ,    0 ,    132         ,
27 ,    445 ,     rx ,    3 ,     0 ,     0 ,    0 ,    145         ,
27 ,    485 ,     rx ,    3 ,     0 ,     0 ,    0 ,    154         ,
27 ,    525 ,     rx ,    3 ,     0 ,     0 ,    0 ,    168         ,
27 ,    565 ,     rx ,    3 ,     0 ,     0 ,    0 ,    186         ,
27 ,    605 ,     rx ,    3 ,     0 ,     0 ,    0 ,    197         ,
27 ,    645 ,     rx ,    3 ,     0 ,     0 ,    0 ,    207         ,
27 ,    685 ,     rx ,    3 ,     0 ,     0 ,    0 ,    220         ,
27 ,    725 ,     rx ,    3 ,     0 ,     0 ,    0 ,    229         ,
27 ,    765 ,     rx ,    3 ,     0 ,     0 ,    0 ,    252         ,
27 ,    805 ,     rx ,    3 ,     0 ,     0 ,    0 ,    263         ,
27 ,    845 ,     rx ,    3 ,     0 ,     0 ,    0 ,    271         ,
27 ,    885 ,     rx ,    3 ,     0 ,     0 ,    0 ,    291         ,
27 ,    925 ,     rx ,    3 ,     0 ,     0 ,    0 ,    294         ,
27 ,    965 ,     rx ,    3 ,     0 ,     0 ,    0 ,    307         ,
27 ,    1005 ,     rx ,    3 ,     0 ,     0 ,    0 ,    313         ,
27 ,    1045 ,     rx ,    3 ,     0 ,     0 ,    0 ,    327         ,
27 ,    1085 ,     rx ,    3 ,     0 ,     0 ,    0 ,    340         ,
27 ,    1125 ,     rx ,    3 ,     0 ,     0 ,    0 ,    352         ,
27 ,    1165 ,     rx ,    3 ,     0 ,     0 ,    0 ,    363         ,
27 ,    1205 ,     rx ,    3 ,     0 ,     0 ,    0 ,    379         ,
27 ,    1245 ,     rx ,    3 ,     0 ,     0 ,    0 ,    398         ,
27 ,    1285 ,     rx ,    3 ,     0 ,     0 ,    0 ,    406         ,
27 ,    1325 ,     rx ,    3 ,     0 ,     0 ,    0 ,    422         ,
27 ,    1365 ,     rx ,    3 ,     0 ,     0 ,    0 ,    431         ,
27 ,    1405 ,     rx ,    3 ,     0 ,     0 ,    0 ,    457         ,
27 ,    1445 ,     rx ,    3 ,     0 ,     0 ,    0 ,    461         ,
27 ,    1485 ,     rx ,    3 ,     0 ,     0 ,    0 ,    778         ,
27 ,    1525 ,     rx ,    3 ,     0 ,     0 ,    0 ,    500         ,
27 ,    1565 ,     rx ,    3 ,     0 ,     0 ,    0 ,    504         ,
27 ,    1605 ,     rx ,    3 ,     0 ,     0 ,    0 ,    527         ,
27 ,    1645 ,     rx ,    3 ,     0 ,     0 ,    0 ,    527         ,
27 ,    1685 ,     rx ,    3 ,     0 ,     0 ,    0 ,    588         ,
27 ,    1725 ,     rx ,    3 ,     0 ,     0 ,    0 ,    554         ,
27 ,    1765 ,     rx ,    3 ,     0 ,     0 ,    0 ,    556         ,
27 ,    1805 ,     rx ,    3 ,     0 ,     0 ,    0 ,    564         ,
27 ,    1845 ,     rx ,    3 ,     0 ,     0 ,    0 ,    584         ,
27 ,    1885 ,     rx ,    3 ,     0 ,     0 ,    0 ,    612         ,
27 ,    1925 ,     rx ,    3 ,     0 ,     0 ,    0 ,    628         ,
27 ,    1965 ,     rx ,    3 ,     0 ,     0 ,    0 ,    624         ,
27 ,    2005 ,     rx ,    3 ,     0 ,     0 ,    0 ,    638         ,
27 ,    2045 ,     rx ,    3 ,     0 ,     0 ,    0 ,    652         ,
27 ,    2085 ,     rx ,    3 ,     0 ,     0 ,    0 ,    669         ,
27 ,    2125 ,     rx ,    3 ,     0 ,     0 ,    0 ,    672         ,
27 ,    2165 ,     rx ,    3 ,     0 ,     0 ,    0 ,    686         ,
27 ,    2205 ,     rx ,    3 ,     0 ,     0 ,    0 ,    690         ,
27 ,    2245 ,     rx ,    3 ,     0 ,     0 ,    0 ,    714         ,
27 ,    2285 ,     rx ,    3 ,     0 ,     0 ,    0 ,    735         ,
27 ,    2325 ,     rx ,    3 ,     0 ,     0 ,    0 ,    762         ,
27 ,    2365 ,     rx ,    3 ,     0 ,     0 ,    0 ,    783         ,
27 ,    2405 ,     rx ,    3 ,     0 ,     0 ,    0 ,    821         ,
27 ,    2445 ,     rx ,    3 ,     0 ,     0 ,    0 ,    1085         ,
27 ,    2485 ,     rx ,    3 ,     0 ,     0 ,    0 ,    877         ,
27 ,    2525 ,     rx ,    3 ,     0 ,     0 ,    0 ,    865         ,
27 ,    2565 ,     rx ,    3 ,     0 ,     0 ,    0 ,    844         ,
27 ,    2605 ,     rx ,    3 ,     0 ,     0 ,    0 ,    963         ,
27 ,    2645 ,     rx ,    3 ,     0 ,     0 ,    0 ,    864         ,
27 ,    2685 ,     rx ,    3 ,     0 ,     0 ,    0 ,    870         ,
27 ,    2725 ,     rx ,    3 ,     0 ,     0 ,    0 ,    886         ,
27 ,    2765 ,     rx ,    3 ,     0 ,     0 ,    0 ,    992         ,
27 ,    2805 ,     rx ,    3 ,     0 ,     0 ,    0 ,    916         ,
27 ,    2845 ,     rx ,    3 ,     0 ,     0 ,    0 ,    928         ,
27 ,    2885 ,     rx ,    3 ,     0 ,     0 ,    0 ,    975         ,
27 ,    2925 ,     rx ,    3 ,     0 ,     0 ,    0 ,    1009         ,
27 ,    2965 ,     rx ,    3 ,     0 ,     0 ,    0 ,    968         ,
27 ,    3005 ,     rx ,    3 ,     0 ,     0 ,    0 ,    997         ,
27 ,    3045 ,     rx ,    3 ,     0 ,     0 ,    0 ,    968         ,
27 ,    3085 ,     rx ,    3 ,     0 ,     0 ,    0 ,    1008         ,
27 ,    3125 ,     rx ,    3 ,     0 ,     0 ,    0 ,    1058         ,
27 ,    3165 ,     rx ,    3 ,     0 ,     0 ,    0 ,    1069         ,
27 ,    3205 ,     rx ,    3 ,     0 ,     0 ,    0 ,    1186         ,
27 ,    3245 ,     rx ,    3 ,     0 ,     0 ,    0 ,    1043         ,
27 ,    3285 ,     rx ,    3 ,     0 ,     0 ,    0 ,    1066         ,
27 ,    3325 ,     rx ,    3 ,     0 ,     0 ,    0 ,    1115         ,
27 ,    3365 ,     rx ,    3 ,     0 ,     0 ,    0 ,    1106         ,
27 ,    3405 ,     rx ,    3 ,     0 ,     0 ,    0 ,    1113         ,
27 ,    3445 ,     rx ,    3 ,     0 ,     0 ,    0 ,    1142         ,
27 ,    3485 ,     rx ,    3 ,     0 ,     0 ,    0 ,    1237         ,
27 ,    3525 ,     rx ,    3 ,     0 ,     0 ,    0 ,    1174         ,
27 ,    3565 ,     rx ,    3 ,     0 ,     0 ,    0 ,    1180         ,
27 ,    3605 ,     rx ,    3 ,     0 ,     0 ,    0 ,    1183         ,
27 ,    3645 ,     rx ,    3 ,     0 ,     0 ,    0 ,    1355         ,
27 ,    3685 ,     rx ,    3 ,     0 ,     0 ,    0 ,    1438         ,
27 ,    3725 ,     rx ,    3 ,     0 ,     0 ,    0 ,    1477         ,
27 ,    3765 ,     rx ,    3 ,     0 ,     0 ,    0 ,    1305         ,
27 ,    3805 ,     rx ,    3 ,     0 ,     0 ,    0 ,    1288         ,
27 ,    3845 ,     rx ,    3 ,     0 ,     0 ,    0 ,    1320         ,
27 ,    3885 ,     rx ,    3 ,     0 ,     0 ,    0 ,    1510         ,
27 ,    3925 ,     rx ,    3 ,     0 ,     0 ,    0 ,    1385         ,
27 ,    3965 ,     rx ,    3 ,     0 ,     0 ,    0 ,    1391         ,
27 ,    4005 ,     rx ,    3 ,     0 ,     0 ,    0 ,    1378         ,
27 ,    4045 ,     rx ,    3 ,     0 ,     0 ,    0 ,    1362         ,
27 ,    4085 ,     rx ,    3 ,     0 ,     0 ,    0 ,    1370         ,
27 ,    4125 ,     rx ,    3 ,     0 ,     0 ,    0 ,    1415         ,
27 ,    4165 ,     rx ,    3 ,     0 ,     0 ,    0 ,    1689         ,
27 ,    4205 ,     rx ,    3 ,     0 ,     0 ,    0 ,    1374         ,
27 ,    4245 ,     rx ,    3 ,     0 ,     0 ,    0 ,    1471         ,
27 ,    4285 ,     rx ,    3 ,     0 ,     0 ,    0 ,    1445         ,
27 ,    4325 ,     rx ,    3 ,     0 ,     0 ,    0 ,    1461         ,
27 ,    4365 ,     rx ,    3 ,     0 ,     0 ,    0 ,    1432         ,
27 ,    4405 ,     rx ,    3 ,     0 ,     0 ,    0 ,    1465         ,
27 ,    4445 ,     rx ,    3 ,     0 ,     0 ,    0 ,    1597         ,
27 ,    4485 ,     rx ,    3 ,     0 ,     0 ,    0 ,    1492         ,
27 ,    4525 ,     rx ,    3 ,     0 ,     0 ,    0 ,    1491         ,
27 ,    4565 ,     rx ,    3 ,     0 ,     0 ,    0 ,    1535         ,
27 ,    4605 ,     rx ,    3 ,     0 ,     0 ,    0 ,    1685         ,
27 ,    4645 ,     rx ,    3 ,     0 ,     0 ,    0 ,    1582         ,
27 ,    4685 ,     rx ,    3 ,     0 ,     0 ,    0 ,    1555         ,
27 ,    4725 ,     rx ,    3 ,     0 ,     0 ,    0 ,    1569         ,
27 ,    4765 ,     rx ,    3 ,     0 ,     0 ,    0 ,    1550         ,
27 ,    4805 ,     rx ,    3 ,     0 ,     0 ,    0 ,    1680         ,
27 ,    4845 ,     rx ,    3 ,     0 ,     0 ,    0 ,    1611         ,
27 ,    4885 ,     rx ,    3 ,     0 ,     0 ,    0 ,    1631         ,
27 ,    4925 ,     rx ,    3 ,     0 ,     0 ,    0 ,    1656         ,
27 ,    4965 ,     rx ,    3 ,     0 ,     0 ,    0 ,    1689         ,
27 ,    5 ,     rx ,    4 ,     0 ,     0 ,    0 ,    5         ,
27 ,    45 ,     rx ,    4 ,     0 ,     0 ,    0 ,    21         ,
27 ,    85 ,     rx ,    4 ,     0 ,     0 ,    0 ,    35         ,
27 ,    125 ,     rx ,    4 ,     0 ,     0 ,    0 ,    46         ,
27 ,    165 ,     rx ,    4 ,     0 ,     0 ,    0 ,    58         ,
27 ,    205 ,     rx ,    4 ,     0 ,     0 ,    0 ,    72         ,
27 ,    245 ,     rx ,    4 ,     0 ,     0 ,    0 ,    81         ,
27 ,    285 ,     rx ,    4 ,     0 ,     0 ,    0 ,    291         ,
27 ,    325 ,     rx ,    4 ,     0 ,     0 ,    0 ,    109         ,
27 ,    365 ,     rx ,    4 ,     0 ,     0 ,    0 ,    120         ,
27 ,    405 ,     rx ,    4 ,     0 ,     0 ,    0 ,    131         ,
27 ,    445 ,     rx ,    4 ,     0 ,     0 ,    0 ,    146         ,
27 ,    485 ,     rx ,    4 ,     0 ,     0 ,    0 ,    160         ,
27 ,    525 ,     rx ,    4 ,     0 ,     0 ,    0 ,    172         ,
27 ,    565 ,     rx ,    4 ,     0 ,     0 ,    0 ,    195         ,
27 ,    605 ,     rx ,    4 ,     0 ,     0 ,    0 ,    193         ,
27 ,    645 ,     rx ,    4 ,     0 ,     0 ,    0 ,    208         ,
27 ,    685 ,     rx ,    4 ,     0 ,     0 ,    0 ,    227         ,
27 ,    725 ,     rx ,    4 ,     0 ,     0 ,    0 ,    231         ,
27 ,    765 ,     rx ,    4 ,     0 ,     0 ,    0 ,    246         ,
27 ,    805 ,     rx ,    4 ,     0 ,     0 ,    0 ,    256         ,
27 ,    845 ,     rx ,    4 ,     0 ,     0 ,    0 ,    273         ,
27 ,    885 ,     rx ,    4 ,     0 ,     0 ,    0 ,    284         ,
27 ,    925 ,     rx ,    4 ,     0 ,     0 ,    0 ,    298         ,
27 ,    965 ,     rx ,    4 ,     0 ,     0 ,    0 ,    311         ,
27 ,    1005 ,     rx ,    4 ,     0 ,     0 ,    0 ,    321         ,
27 ,    1045 ,     rx ,    4 ,     0 ,     0 ,    0 ,    333         ,
27 ,    1085 ,     rx ,    4 ,     0 ,     0 ,    0 ,    354         ,
27 ,    1125 ,     rx ,    4 ,     0 ,     0 ,    0 ,    542         ,
27 ,    1165 ,     rx ,    4 ,     0 ,     0 ,    0 ,    513         ,
27 ,    1205 ,     rx ,    4 ,     0 ,     0 ,    0 ,    407         ,
27 ,    1245 ,     rx ,    4 ,     0 ,     0 ,    0 ,    418         ,
27 ,    1285 ,     rx ,    4 ,     0 ,     0 ,    0 ,    428         ,
27 ,    1325 ,     rx ,    4 ,     0 ,     0 ,    0 ,    473         ,
27 ,    1365 ,     rx ,    4 ,     0 ,     0 ,    0 ,    451         ,
27 ,    1405 ,     rx ,    4 ,     0 ,     0 ,    0 ,    460         ,
27 ,    1445 ,     rx ,    4 ,     0 ,     0 ,    0 ,    459         ,
27 ,    1485 ,     rx ,    4 ,     0 ,     0 ,    0 ,    478         ,
27 ,    1525 ,     rx ,    4 ,     0 ,     0 ,    0 ,    493         ,
27 ,    1565 ,     rx ,    4 ,     0 ,     0 ,    0 ,    500         ,
27 ,    1605 ,     rx ,    4 ,     0 ,     0 ,    0 ,    530         ,
27 ,    1645 ,     rx ,    4 ,     0 ,     0 ,    0 ,    534         ,
27 ,    1685 ,     rx ,    4 ,     0 ,     0 ,    0 ,    610         ,
27 ,    1725 ,     rx ,    4 ,     0 ,     0 ,    0 ,    540         ,
27 ,    1765 ,     rx ,    4 ,     0 ,     0 ,    0 ,    564         ,
27 ,    1805 ,     rx ,    4 ,     0 ,     0 ,    0 ,    593         ,
27 ,    1845 ,     rx ,    4 ,     0 ,     0 ,    0 ,    830         ,
27 ,    1885 ,     rx ,    4 ,     0 ,     0 ,    0 ,    604         ,
27 ,    1925 ,     rx ,    4 ,     0 ,     0 ,    0 ,    619         ,
27 ,    1965 ,     rx ,    4 ,     0 ,     0 ,    0 ,    637         ,
27 ,    2005 ,     rx ,    4 ,     0 ,     0 ,    0 ,    646         ,
27 ,    2045 ,     rx ,    4 ,     0 ,     0 ,    0 ,    668         ,
27 ,    2085 ,     rx ,    4 ,     0 ,     0 ,    0 ,    676         ,
27 ,    2125 ,     rx ,    4 ,     0 ,     0 ,    0 ,    690         ,
27 ,    2165 ,     rx ,    4 ,     0 ,     0 ,    0 ,    717         ,
27 ,    2205 ,     rx ,    4 ,     0 ,     0 ,    0 ,    722         ,
27 ,    2245 ,     rx ,    4 ,     0 ,     0 ,    0 ,    754         ,
27 ,    2285 ,     rx ,    4 ,     0 ,     0 ,    0 ,    720         ,
27 ,    2325 ,     rx ,    4 ,     0 ,     0 ,    0 ,    750         ,
27 ,    2365 ,     rx ,    4 ,     0 ,     0 ,    0 ,    808         ,
27 ,    2405 ,     rx ,    4 ,     0 ,     0 ,    0 ,    786         ,
27 ,    2445 ,     rx ,    4 ,     0 ,     0 ,    0 ,    867         ,
27 ,    2485 ,     rx ,    4 ,     0 ,     0 ,    0 ,    875         ,
27 ,    2525 ,     rx ,    4 ,     0 ,     0 ,    0 ,    833         ,
27 ,    2565 ,     rx ,    4 ,     0 ,     0 ,    0 ,    858         ,
27 ,    2605 ,     rx ,    4 ,     0 ,     0 ,    0 ,    909         ,
27 ,    2645 ,     rx ,    4 ,     0 ,     0 ,    0 ,    891         ,
27 ,    2685 ,     rx ,    4 ,     0 ,     0 ,    0 ,    962         ,
27 ,    2725 ,     rx ,    4 ,     0 ,     0 ,    0 ,    977         ,
27 ,    2765 ,     rx ,    4 ,     0 ,     0 ,    0 ,    918         ,
27 ,    2805 ,     rx ,    4 ,     0 ,     0 ,    0 ,    942         ,
27 ,    2845 ,     rx ,    4 ,     0 ,     0 ,    0 ,    973         ,
27 ,    2885 ,     rx ,    4 ,     0 ,     0 ,    0 ,    960         ,
27 ,    2925 ,     rx ,    4 ,     0 ,     0 ,    0 ,    985         ,
27 ,    2965 ,     rx ,    4 ,     0 ,     0 ,    0 ,    976         ,
27 ,    3005 ,     rx ,    4 ,     0 ,     0 ,    0 ,    972         ,
27 ,    3045 ,     rx ,    4 ,     0 ,     0 ,    0 ,    1004         ,
27 ,    3085 ,     rx ,    4 ,     0 ,     0 ,    0 ,    1040         ,
27 ,    3125 ,     rx ,    4 ,     0 ,     0 ,    0 ,    1092         ,
27 ,    3165 ,     rx ,    4 ,     0 ,     0 ,    0 ,    1030         ,
27 ,    3205 ,     rx ,    4 ,     0 ,     0 ,    0 ,    1053         ,
27 ,    3245 ,     rx ,    4 ,     0 ,     0 ,    0 ,    1060         ,
27 ,    3285 ,     rx ,    4 ,     0 ,     0 ,    0 ,    1065         ,
27 ,    3325 ,     rx ,    4 ,     0 ,     0 ,    0 ,    1078         ,
27 ,    3365 ,     rx ,    4 ,     0 ,     0 ,    0 ,    1106         ,
27 ,    3405 ,     rx ,    4 ,     0 ,     0 ,    0 ,    1121         ,
27 ,    3445 ,     rx ,    4 ,     0 ,     0 ,    0 ,    1113         ,
27 ,    3485 ,     rx ,    4 ,     0 ,     0 ,    0 ,    1143         ,
27 ,    3525 ,     rx ,    4 ,     0 ,     0 ,    0 ,    1178         ,
27 ,    3565 ,     rx ,    4 ,     0 ,     0 ,    0 ,    1246         ,
27 ,    3605 ,     rx ,    4 ,     0 ,     0 ,    0 ,    1228         ,
27 ,    3645 ,     rx ,    4 ,     0 ,     0 ,    0 ,    1220         ,
27 ,    3685 ,     rx ,    4 ,     0 ,     0 ,    0 ,    1214         ,
27 ,    3725 ,     rx ,    4 ,     0 ,     0 ,    0 ,    1246         ,
27 ,    3765 ,     rx ,    4 ,     0 ,     0 ,    0 ,    1261         ,
27 ,    3805 ,     rx ,    4 ,     0 ,     0 ,    0 ,    1271         ,
27 ,    3845 ,     rx ,    4 ,     0 ,     0 ,    0 ,    1356         ,
27 ,    3885 ,     rx ,    4 ,     0 ,     0 ,    0 ,    1273         ,
27 ,    3925 ,     rx ,    4 ,     0 ,     0 ,    0 ,    1285         ,
27 ,    3965 ,     rx ,    4 ,     0 ,     0 ,    0 ,    1318         ,
27 ,    4005 ,     rx ,    4 ,     0 ,     0 ,    0 ,    1307         ,
27 ,    4045 ,     rx ,    4 ,     0 ,     0 ,    0 ,    1372         ,
27 ,    4085 ,     rx ,    4 ,     0 ,     0 ,    0 ,    1329         ,
27 ,    4125 ,     rx ,    4 ,     0 ,     0 ,    0 ,    1348         ,
27 ,    4165 ,     rx ,    4 ,     0 ,     0 ,    0 ,    1364         ,
27 ,    4205 ,     rx ,    4 ,     0 ,     0 ,    0 ,    1377         ,
27 ,    4245 ,     rx ,    4 ,     0 ,     0 ,    0 ,    1379         ,
27 ,    4285 ,     rx ,    4 ,     0 ,     0 ,    0 ,    1392         ,
27 ,    4325 ,     rx ,    4 ,     0 ,     0 ,    0 ,    1426         ,
27 ,    4365 ,     rx ,    4 ,     0 ,     0 ,    0 ,    1409         ,
27 ,    4405 ,     rx ,    4 ,     0 ,     0 ,    0 ,    1447         ,
27 ,    4445 ,     rx ,    4 ,     0 ,     0 ,    0 ,    1525         ,
27 ,    4485 ,     rx ,    4 ,     0 ,     0 ,    0 ,    1494         ,
27 ,    4525 ,     rx ,    4 ,     0 ,     0 ,    0 ,    1744         ,
27 ,    4565 ,     rx ,    4 ,     0 ,     0 ,    0 ,    1512         ,
27 ,    4605 ,     rx ,    4 ,     0 ,     0 ,    0 ,    1589         ,
27 ,    4645 ,     rx ,    4 ,     0 ,     0 ,    0 ,    1714         ,
27 ,    4685 ,     rx ,    4 ,     0 ,     0 ,    0 ,    1648         ,
27 ,    4725 ,     rx ,    4 ,     0 ,     0 ,    0 ,    1580         ,
27 ,    4765 ,     rx ,    4 ,     0 ,     0 ,    0 ,    1588         ,
27 ,    4805 ,     rx ,    4 ,     0 ,     0 ,    0 ,    1599         ,
27 ,    4845 ,     rx ,    4 ,     0 ,     0 ,    0 ,    1639         ,
27 ,    4885 ,     rx ,    4 ,     0 ,     0 ,    0 ,    1614         ,
27 ,    4925 ,     rx ,    4 ,     0 ,     0 ,    0 ,    1635         ,
27 ,    4965 ,     rx ,    4 ,     0 ,     0 ,    0 ,    1760         ,


