Date and time: Mon Jun 10 15:57:29 2024

alg i

SEED ,  SIZE ,  ALG ,  TYPE ,  CALLS ,  CMP ,     MOVE ,    TIME              ,
27 ,    5 ,     1 ,    0 ,     1 ,     11 ,    15 ,    4.07         ,
27 ,    15 ,     1 ,    0 ,     1 ,     59 ,    73 ,    7.34         ,
27 ,    25 ,     1 ,    0 ,     1 ,     157 ,    181 ,    13.63         ,
27 ,    35 ,     1 ,    0 ,     1 ,     305 ,    339 ,    24.29         ,
27 ,    45 ,     1 ,    0 ,     1 ,     520 ,    564 ,    37.69         ,
27 ,    55 ,     1 ,    0 ,     1 ,     763 ,    817 ,    53.46         ,
27 ,    65 ,     1 ,    0 ,     1 ,     1062 ,    1126 ,    72.14         ,
27 ,    75 ,     1 ,    0 ,     1 ,     1465 ,    1539 ,    97.8         ,
27 ,    85 ,     1 ,    0 ,     1 ,     1913 ,    1997 ,    318.65         ,
27 ,    95 ,     1 ,    0 ,     1 ,     2343 ,    2437 ,    547.63         ,
27 ,    105 ,     1 ,    0 ,     1 ,     2947 ,    3051 ,    386.94         ,
27 ,    115 ,     1 ,    0 ,     1 ,     3288 ,    3402 ,    250.75         ,
27 ,    125 ,     1 ,    0 ,     1 ,     3952 ,    4076 ,    405.73         ,
27 ,    135 ,     1 ,    0 ,     1 ,     4654 ,    4788 ,    290.97         ,
27 ,    145 ,     1 ,    0 ,     1 ,     5527 ,    5671 ,    342.5         ,
27 ,    155 ,     1 ,    0 ,     1 ,     6318 ,    6472 ,    392.2         ,
27 ,    165 ,     1 ,    0 ,     1 ,     6938 ,    7102 ,    427.79         ,
27 ,    175 ,     1 ,    0 ,     1 ,     7904 ,    8078 ,    484.92         ,
27 ,    185 ,     1 ,    0 ,     1 ,     8800 ,    8984 ,    537.69         ,
27 ,    195 ,     1 ,    0 ,     1 ,     9909 ,    10103 ,    853.03         ,
27 ,    205 ,     1 ,    0 ,     1 ,     10709 ,    10913 ,    782.56         ,
27 ,    215 ,     1 ,    0 ,     1 ,     11682 ,    11896 ,    851.33         ,
27 ,    225 ,     1 ,    0 ,     1 ,     12880 ,    13104 ,    937.41         ,
27 ,    235 ,     1 ,    0 ,     1 ,     14115 ,    14349 ,    1025.68         ,
27 ,    245 ,     1 ,    0 ,     1 ,     15547 ,    15791 ,    1452.54         ,
27 ,    255 ,     1 ,    0 ,     1 ,     16694 ,    16948 ,    1224.53         ,
27 ,    265 ,     1 ,    0 ,     1 ,     18072 ,    18336 ,    1305.21         ,
27 ,    275 ,     1 ,    0 ,     1 ,     19139 ,    19413 ,    1378.44         ,
27 ,    285 ,     1 ,    0 ,     1 ,     20253 ,    20537 ,    1816.18         ,
27 ,    295 ,     1 ,    0 ,     1 ,     21652 ,    21946 ,    3373.13         ,
27 ,    305 ,     1 ,    0 ,     1 ,     23192 ,    23496 ,    1667.85         ,
27 ,    315 ,     1 ,    0 ,     1 ,     25110 ,    25424 ,    1800.09         ,
27 ,    325 ,     1 ,    0 ,     1 ,     27447 ,    27771 ,    2758.53         ,
27 ,    335 ,     1 ,    0 ,     1 ,     28800 ,    29134 ,    2380.16         ,
27 ,    345 ,     1 ,    0 ,     1 ,     30508 ,    30852 ,    2239.77         ,
27 ,    355 ,     1 ,    0 ,     1 ,     32746 ,    33100 ,    2223.33         ,
27 ,    365 ,     1 ,    0 ,     1 ,     34906 ,    35270 ,    2792.31         ,
27 ,    375 ,     1 ,    0 ,     1 ,     36961 ,    37335 ,    2775.58         ,
27 ,    385 ,     1 ,    0 ,     1 ,     39038 ,    39422 ,    2900.04         ,
27 ,    395 ,     1 ,    0 ,     1 ,     41383 ,    41777 ,    3048.12         ,
27 ,    405 ,     1 ,    0 ,     1 ,     43483 ,    43887 ,    3157.28         ,
27 ,    415 ,     1 ,    0 ,     1 ,     45623 ,    46037 ,    4470.69         ,
27 ,    425 ,     1 ,    0 ,     1 ,     48563 ,    48987 ,    3975.47         ,
27 ,    435 ,     1 ,    0 ,     1 ,     50333 ,    50767 ,    3457.39         ,
27 ,    445 ,     1 ,    0 ,     1 ,     52112 ,    52556 ,    3989.73         ,
27 ,    455 ,     1 ,    0 ,     1 ,     54797 ,    55251 ,    5794.64         ,
27 ,    465 ,     1 ,    0 ,     1 ,     57033 ,    57497 ,    3892.59         ,
27 ,    475 ,     1 ,    0 ,     1 ,     59598 ,    60072 ,    4872.3         ,
27 ,    485 ,     1 ,    0 ,     1 ,     62568 ,    63052 ,    10340.9         ,
27 ,    495 ,     1 ,    0 ,     1 ,     65134 ,    65628 ,    4358.39         ,
27 ,    505 ,     1 ,    0 ,     1 ,     66860 ,    67364 ,    3943.79         ,
27 ,    515 ,     1 ,    0 ,     1 ,     68363 ,    68877 ,    4250.21         ,
27 ,    525 ,     1 ,    0 ,     1 ,     71588 ,    72112 ,    4368.26         ,
27 ,    535 ,     1 ,    0 ,     1 ,     73652 ,    74186 ,    4349.16         ,
27 ,    545 ,     1 ,    0 ,     1 ,     75402 ,    75946 ,    6971.74         ,
27 ,    555 ,     1 ,    0 ,     1 ,     76997 ,    77551 ,    5052.79         ,
27 ,    565 ,     1 ,    0 ,     1 ,     80602 ,    81166 ,    4749.66         ,
27 ,    575 ,     1 ,    0 ,     1 ,     84067 ,    84641 ,    6060.65         ,
27 ,    585 ,     1 ,    0 ,     1 ,     87672 ,    88256 ,    6676.09         ,
27 ,    595 ,     1 ,    0 ,     1 ,     90823 ,    91417 ,    7086.57         ,
27 ,    605 ,     1 ,    0 ,     1 ,     93671 ,    94275 ,    15191.1         ,
27 ,    615 ,     1 ,    0 ,     1 ,     97051 ,    97665 ,    5706.58         ,
27 ,    625 ,     1 ,    0 ,     1 ,     99971 ,    100595 ,    9292.12         ,
27 ,    635 ,     1 ,    0 ,     1 ,     102535 ,    103169 ,    8933.59         ,
27 ,    645 ,     1 ,    0 ,     1 ,     105874 ,    106518 ,    7179.05         ,
27 ,    655 ,     1 ,    0 ,     1 ,     109593 ,    110247 ,    6950.18         ,
27 ,    665 ,     1 ,    0 ,     1 ,     112111 ,    112775 ,    6722.02         ,
27 ,    675 ,     1 ,    0 ,     1 ,     115091 ,    115765 ,    55836.6         ,
27 ,    685 ,     1 ,    0 ,     1 ,     119009 ,    119693 ,    9131.36         ,
27 ,    695 ,     1 ,    0 ,     1 ,     122306 ,    123000 ,    14863.1         ,
27 ,    705 ,     1 ,    0 ,     1 ,     126431 ,    127135 ,    9554.75         ,
27 ,    715 ,     1 ,    0 ,     1 ,     130401 ,    131115 ,    73016         ,
27 ,    725 ,     1 ,    0 ,     1 ,     133268 ,    133992 ,    15449         ,
27 ,    735 ,     1 ,    0 ,     1 ,     137751 ,    138485 ,    78464.5         ,
27 ,    745 ,     1 ,    0 ,     1 ,     141466 ,    142210 ,    21396.9         ,
27 ,    755 ,     1 ,    0 ,     1 ,     145254 ,    146008 ,    50332.8         ,
27 ,    765 ,     1 ,    0 ,     1 ,     147817 ,    148581 ,    13595.7         ,
27 ,    775 ,     1 ,    0 ,     1 ,     151653 ,    152427 ,    80517         ,
27 ,    785 ,     1 ,    0 ,     1 ,     156124 ,    156908 ,    11877.2         ,
27 ,    795 ,     1 ,    0 ,     1 ,     160339 ,    161133 ,    12249.6         ,
27 ,    805 ,     1 ,    0 ,     1 ,     165016 ,    165820 ,    14302.7         ,
27 ,    815 ,     1 ,    0 ,     1 ,     169560 ,    170374 ,    26842.8         ,
27 ,    825 ,     1 ,    0 ,     1 ,     174101 ,    174925 ,    14729         ,
27 ,    835 ,     1 ,    0 ,     1 ,     179763 ,    180597 ,    17109.8         ,
27 ,    845 ,     1 ,    0 ,     1 ,     183655 ,    184499 ,    16884.8         ,
27 ,    855 ,     1 ,    0 ,     1 ,     187218 ,    188072 ,    14202.7         ,
27 ,    865 ,     1 ,    0 ,     1 ,     189762 ,    190626 ,    24389.2         ,
27 ,    875 ,     1 ,    0 ,     1 ,     194159 ,    195033 ,    14354.8         ,
27 ,    885 ,     1 ,    0 ,     1 ,     201034 ,    201918 ,    12582.9         ,
27 ,    895 ,     1 ,    0 ,     1 ,     204355 ,    205249 ,    18659.1         ,
27 ,    905 ,     1 ,    0 ,     1 ,     207315 ,    208219 ,    17626.9         ,
27 ,    915 ,     1 ,    0 ,     1 ,     211055 ,    211969 ,    12570.9         ,
27 ,    925 ,     1 ,    0 ,     1 ,     217185 ,    218109 ,    14164.4         ,
27 ,    935 ,     1 ,    0 ,     1 ,     223847 ,    224781 ,    21988         ,
27 ,    945 ,     1 ,    0 ,     1 ,     227939 ,    228883 ,    39099.5         ,
27 ,    955 ,     1 ,    0 ,     1 ,     233778 ,    234732 ,    24898.7         ,
27 ,    965 ,     1 ,    0 ,     1 ,     240046 ,    241010 ,    20378.8         ,
27 ,    975 ,     1 ,    0 ,     1 ,     245057 ,    246031 ,    20461.5         ,
27 ,    985 ,     1 ,    0 ,     1 ,     248585 ,    249569 ,    22070.5         ,
27 ,    995 ,     1 ,    0 ,     1 ,     254613 ,    255607 ,    68374.6         ,


alg s

SEED ,  SIZE ,  ALG ,  TYPE ,  CALLS ,  CMP ,     MOVE ,    TIME              ,
27 ,    5 ,     2 ,    0 ,     1 ,     10 ,    9 ,    7.01         ,
27 ,    15 ,     2 ,    0 ,     1 ,     105 ,    39 ,    14.84         ,
27 ,    25 ,     2 ,    0 ,     1 ,     300 ,    60 ,    29.02         ,
27 ,    35 ,     2 ,    0 ,     1 ,     595 ,    87 ,    49.05         ,
27 ,    45 ,     2 ,    0 ,     1 ,     990 ,    120 ,    71.8         ,
27 ,    55 ,     2 ,    0 ,     1 ,     1485 ,    144 ,    103.15         ,
27 ,    65 ,     2 ,    0 ,     1 ,     2080 ,    180 ,    136.55         ,
27 ,    75 ,     2 ,    0 ,     1 ,     2775 ,    210 ,    174.47         ,
27 ,    85 ,     2 ,    0 ,     1 ,     3570 ,    237 ,    220.01         ,
27 ,    95 ,     2 ,    0 ,     1 ,     4465 ,    273 ,    267.56         ,
27 ,    105 ,     2 ,    0 ,     1 ,     5460 ,    303 ,    322.01         ,
27 ,    115 ,     2 ,    0 ,     1 ,     6555 ,    324 ,    382.91         ,
27 ,    125 ,     2 ,    0 ,     1 ,     7750 ,    357 ,    450.05         ,
27 ,    135 ,     2 ,    0 ,     1 ,     9045 ,    390 ,    514.42         ,
27 ,    145 ,     2 ,    0 ,     1 ,     10440 ,    420 ,    772.09         ,
27 ,    155 ,     2 ,    0 ,     1 ,     11935 ,    447 ,    670.5         ,
27 ,    165 ,     2 ,    0 ,     1 ,     13530 ,    486 ,    756.45         ,
27 ,    175 ,     2 ,    0 ,     1 ,     15225 ,    507 ,    834.78         ,
27 ,    185 ,     2 ,    0 ,     1 ,     17020 ,    537 ,    939.65         ,
27 ,    195 ,     2 ,    0 ,     1 ,     18915 ,    567 ,    1034.64         ,
27 ,    205 ,     2 ,    0 ,     1 ,     20910 ,    597 ,    1137.78         ,
27 ,    215 ,     2 ,    0 ,     1 ,     23005 ,    627 ,    1240.39         ,
27 ,    225 ,     2 ,    0 ,     1 ,     25200 ,    654 ,    1350.62         ,
27 ,    235 ,     2 ,    0 ,     1 ,     27495 ,    696 ,    1628.13         ,
27 ,    245 ,     2 ,    0 ,     1 ,     29890 ,    702 ,    1595.29         ,
27 ,    255 ,     2 ,    0 ,     1 ,     32385 ,    741 ,    1715.8         ,
27 ,    265 ,     2 ,    0 ,     1 ,     34980 ,    759 ,    1849.87         ,
27 ,    275 ,     2 ,    0 ,     1 ,     37675 ,    810 ,    1985.56         ,
27 ,    285 ,     2 ,    0 ,     1 ,     40470 ,    834 ,    217703         ,
27 ,    295 ,     2 ,    0 ,     1 ,     43365 ,    861 ,    2270.15         ,
27 ,    305 ,     2 ,    0 ,     1 ,     46360 ,    882 ,    6816.59         ,
27 ,    315 ,     2 ,    0 ,     1 ,     49455 ,    924 ,    2485.67         ,
27 ,    325 ,     2 ,    0 ,     1 ,     52650 ,    960 ,    2818.97         ,
27 ,    335 ,     2 ,    0 ,     1 ,     55945 ,    978 ,    2785.31         ,
27 ,    345 ,     2 ,    0 ,     1 ,     59340 ,    1002 ,    2946.13         ,
27 ,    355 ,     2 ,    0 ,     1 ,     62835 ,    1050 ,    56834.9         ,
27 ,    365 ,     2 ,    0 ,     1 ,     66430 ,    1062 ,    3423.05         ,
27 ,    375 ,     2 ,    0 ,     1 ,     70125 ,    1098 ,    3605.25         ,
27 ,    385 ,     2 ,    0 ,     1 ,     73920 ,    1134 ,    3949.99         ,
27 ,    395 ,     2 ,    0 ,     1 ,     77815 ,    1173 ,    3974.66         ,
27 ,    405 ,     2 ,    0 ,     1 ,     81810 ,    1194 ,    4340.76         ,
27 ,    415 ,     2 ,    0 ,     1 ,     85905 ,    1230 ,    4373.68         ,
27 ,    425 ,     2 ,    0 ,     1 ,     90100 ,    1263 ,    4758.55         ,
27 ,    435 ,     2 ,    0 ,     1 ,     94395 ,    1293 ,    10422.5         ,
27 ,    445 ,     2 ,    0 ,     1 ,     98790 ,    1308 ,    5015.29         ,
27 ,    455 ,     2 ,    0 ,     1 ,     103285 ,    1356 ,    6218.98         ,
27 ,    465 ,     2 ,    0 ,     1 ,     107880 ,    1371 ,    5247.25         ,
27 ,    475 ,     2 ,    0 ,     1 ,     112575 ,    1407 ,    5617.99         ,
27 ,    485 ,     2 ,    0 ,     1 ,     117370 ,    1440 ,    9479.19         ,
27 ,    495 ,     2 ,    0 ,     1 ,     122265 ,    1464 ,    6079.75         ,
27 ,    505 ,     2 ,    0 ,     1 ,     127260 ,    1491 ,    6307.91         ,
27 ,    515 ,     2 ,    0 ,     1 ,     132355 ,    1521 ,    6412.26         ,
27 ,    525 ,     2 ,    0 ,     1 ,     137550 ,    1554 ,    6780.68         ,
27 ,    535 ,     2 ,    0 ,     1 ,     142845 ,    1590 ,    9931.57         ,
27 ,    545 ,     2 ,    0 ,     1 ,     148240 ,    1629 ,    7274.52         ,
27 ,    555 ,     2 ,    0 ,     1 ,     153735 ,    1644 ,    7578.43         ,
27 ,    565 ,     2 ,    0 ,     1 ,     159330 ,    1659 ,    7912.11         ,
27 ,    575 ,     2 ,    0 ,     1 ,     165025 ,    1704 ,    10850.4         ,
27 ,    585 ,     2 ,    0 ,     1 ,     170820 ,    1734 ,    8073.08         ,
27 ,    595 ,     2 ,    0 ,     1 ,     176715 ,    1764 ,    8240.78         ,
27 ,    605 ,     2 ,    0 ,     1 ,     182710 ,    1794 ,    8492.66         ,
27 ,    615 ,     2 ,    0 ,     1 ,     188805 ,    1824 ,    8541.37         ,
27 ,    625 ,     2 ,    0 ,     1 ,     195000 ,    1851 ,    13619.2         ,
27 ,    635 ,     2 ,    0 ,     1 ,     201295 ,    1881 ,    17115.8         ,
27 ,    645 ,     2 ,    0 ,     1 ,     207690 ,    1920 ,    12234.4         ,
27 ,    655 ,     2 ,    0 ,     1 ,     214185 ,    1938 ,    14380         ,
27 ,    665 ,     2 ,    0 ,     1 ,     220780 ,    1974 ,    12099.3         ,
27 ,    675 ,     2 ,    0 ,     1 ,     227475 ,    2013 ,    19489.9         ,
27 ,    685 ,     2 ,    0 ,     1 ,     234270 ,    2031 ,    10265.1         ,
27 ,    695 ,     2 ,    0 ,     1 ,     241165 ,    2064 ,    14460.5         ,
27 ,    705 ,     2 ,    0 ,     1 ,     248160 ,    2094 ,    12058.7         ,
27 ,    715 ,     2 ,    0 ,     1 ,     255255 ,    2115 ,    15404.8         ,
27 ,    725 ,     2 ,    0 ,     1 ,     262450 ,    2160 ,    13636.3         ,
27 ,    735 ,     2 ,    0 ,     1 ,     269745 ,    2181 ,    16148.2         ,
27 ,    745 ,     2 ,    0 ,     1 ,     277140 ,    2217 ,    14553.2         ,
27 ,    755 ,     2 ,    0 ,     1 ,     284635 ,    2247 ,    16897.5         ,
27 ,    765 ,     2 ,    0 ,     1 ,     292230 ,    2277 ,    24133.4         ,
27 ,    775 ,     2 ,    0 ,     1 ,     299925 ,    2310 ,    14697         ,
27 ,    785 ,     2 ,    0 ,     1 ,     307720 ,    2337 ,    15401.2         ,
27 ,    795 ,     2 ,    0 ,     1 ,     315615 ,    2376 ,    15515.4         ,
27 ,    805 ,     2 ,    0 ,     1 ,     323610 ,    2403 ,    16319.8         ,
27 ,    815 ,     2 ,    0 ,     1 ,     331705 ,    2421 ,    74310.4         ,
27 ,    825 ,     2 ,    0 ,     1 ,     339900 ,    2451 ,    152657         ,
27 ,    835 ,     2 ,    0 ,     1 ,     348195 ,    2478 ,    41668.1         ,
27 ,    845 ,     2 ,    0 ,     1 ,     356590 ,    2520 ,    17908.2         ,
27 ,    855 ,     2 ,    0 ,     1 ,     365085 ,    2547 ,    17593.2         ,
27 ,    865 ,     2 ,    0 ,     1 ,     373680 ,    2568 ,    18369.2         ,
27 ,    875 ,     2 ,    0 ,     1 ,     382375 ,    2604 ,    22092.2         ,
27 ,    885 ,     2 ,    0 ,     1 ,     391170 ,    2634 ,    63668.6         ,
27 ,    895 ,     2 ,    0 ,     1 ,     400065 ,    2676 ,    18274.3         ,
27 ,    905 ,     2 ,    0 ,     1 ,     409060 ,    2676 ,    118131         ,
27 ,    915 ,     2 ,    0 ,     1 ,     418155 ,    2727 ,    20968.1         ,
27 ,    925 ,     2 ,    0 ,     1 ,     427350 ,    2763 ,    149072         ,
27 ,    935 ,     2 ,    0 ,     1 ,     436645 ,    2778 ,    21365.2         ,
27 ,    945 ,     2 ,    0 ,     1 ,     446040 ,    2820 ,    19874.1         ,
27 ,    955 ,     2 ,    0 ,     1 ,     455535 ,    2847 ,    25700.9         ,
27 ,    965 ,     2 ,    0 ,     1 ,     465130 ,    2865 ,    19395.7         ,
27 ,    975 ,     2 ,    0 ,     1 ,     474825 ,    2898 ,    23779.3         ,
27 ,    985 ,     2 ,    0 ,     1 ,     484620 ,    2934 ,    21684.2         ,
27 ,    995 ,     2 ,    0 ,     1 ,     494515 ,    2970 ,    21845.2         ,


alg q

SEED ,  SIZE ,  ALG ,  TYPE ,  CALLS ,  CMP ,     MOVE ,    TIME              ,
27 ,    5 ,     3 ,    0 ,     8 ,     16 ,    15 ,    6.67         ,
27 ,    15 ,     3 ,    0 ,     22 ,     63 ,    54 ,    14.92         ,
27 ,    25 ,     3 ,    0 ,     44 ,     160 ,    99 ,    30.96         ,
27 ,    35 ,     3 ,    0 ,     66 ,     235 ,    171 ,    41.36         ,
27 ,    45 ,     3 ,    0 ,     78 ,     360 ,    204 ,    55.84         ,
27 ,    55 ,     3 ,    0 ,     92 ,     383 ,    264 ,    66.41         ,
27 ,    65 ,     3 ,    0 ,     112 ,     506 ,    342 ,    81.13         ,
27 ,    75 ,     3 ,    0 ,     132 ,     687 ,    399 ,    92.89         ,
27 ,    85 ,     3 ,    0 ,     142 ,     714 ,    468 ,    104.1         ,
27 ,    95 ,     3 ,    0 ,     156 ,     798 ,    519 ,    114.34         ,
27 ,    105 ,     3 ,    0 ,     178 ,     865 ,    627 ,    131.23         ,
27 ,    115 ,     3 ,    0 ,     196 ,     915 ,    648 ,    144.41         ,
27 ,    125 ,     3 ,    0 ,     218 ,     1139 ,    744 ,    161.97         ,
27 ,    135 ,     3 ,    0 ,     232 ,     1235 ,    819 ,    171.75         ,
27 ,    145 ,     3 ,    0 ,     250 ,     1263 ,    909 ,    186.85         ,
27 ,    155 ,     3 ,    0 ,     278 ,     1615 ,    957 ,    211.62         ,
27 ,    165 ,     3 ,    0 ,     278 ,     1471 ,    1053 ,    216.76         ,
27 ,    175 ,     3 ,    0 ,     304 ,     1840 ,    1125 ,    237.59         ,
27 ,    185 ,     3 ,    0 ,     312 ,     1812 ,    1173 ,    251.03         ,
27 ,    195 ,     3 ,    0 ,     336 ,     1780 ,    1290 ,    262.72         ,
27 ,    205 ,     3 ,    0 ,     354 ,     2309 ,    1281 ,    291.43         ,
27 ,    215 ,     3 ,    0 ,     358 ,     2028 ,    1404 ,    292.69         ,
27 ,    225 ,     3 ,    0 ,     384 ,     2163 ,    1518 ,    311.93         ,
27 ,    235 ,     3 ,    0 ,     388 ,     2461 ,    1581 ,    327.44         ,
27 ,    245 ,     3 ,    0 ,     416 ,     2663 ,    1605 ,    489.18         ,
27 ,    255 ,     3 ,    0 ,     438 ,     2891 ,    1698 ,    355.21         ,
27 ,    265 ,     3 ,    0 ,     452 ,     2914 ,    1779 ,    366.41         ,
27 ,    275 ,     3 ,    0 ,     480 ,     3020 ,    1872 ,    745.58         ,
27 ,    285 ,     3 ,    0 ,     488 ,     2852 ,    1959 ,    396.22         ,
27 ,    295 ,     3 ,    0 ,     494 ,     2973 ,    2025 ,    412.23         ,
27 ,    305 ,     3 ,    0 ,     504 ,     3093 ,    2148 ,    426.67         ,
27 ,    315 ,     3 ,    0 ,     544 ,     3430 ,    2217 ,    451.7         ,
27 ,    325 ,     3 ,    0 ,     576 ,     3345 ,    2301 ,    462.4         ,
27 ,    335 ,     3 ,    0 ,     564 ,     3593 ,    2313 ,    472.09         ,
27 ,    345 ,     3 ,    0 ,     604 ,     3551 ,    2481 ,    494.86         ,
27 ,    355 ,     3 ,    0 ,     616 ,     4037 ,    2496 ,    523.54         ,
27 ,    365 ,     3 ,    0 ,     618 ,     3915 ,    2589 ,    677.46         ,
27 ,    375 ,     3 ,    0 ,     664 ,     4164 ,    2733 ,    566.4         ,
27 ,    385 ,     3 ,    0 ,     688 ,     4377 ,    2751 ,    588.51         ,
27 ,    395 ,     3 ,    0 ,     698 ,     4454 ,    2868 ,    603.93         ,
27 ,    405 ,     3 ,    0 ,     688 ,     4631 ,    2970 ,    604.97         ,
27 ,    415 ,     3 ,    0 ,     716 ,     4832 ,    2928 ,    981.99         ,
27 ,    425 ,     3 ,    0 ,     726 ,     5082 ,    3060 ,    650.85         ,
27 ,    435 ,     3 ,    0 ,     736 ,     4667 ,    3213 ,    657.97         ,
27 ,    445 ,     3 ,    0 ,     768 ,     4830 ,    3318 ,    829.03         ,
27 ,    455 ,     3 ,    0 ,     774 ,     5244 ,    3285 ,    688.11         ,
27 ,    465 ,     3 ,    0 ,     788 ,     5152 ,    3408 ,    702.43         ,
27 ,    475 ,     3 ,    0 ,     822 ,     5126 ,    3552 ,    716.79         ,
27 ,    485 ,     3 ,    0 ,     850 ,     5571 ,    3606 ,    750.98         ,
27 ,    495 ,     3 ,    0 ,     828 ,     5369 ,    3654 ,    736.85         ,
27 ,    505 ,     3 ,    0 ,     888 ,     5444 ,    3846 ,    778.46         ,
27 ,    515 ,     3 ,    0 ,     890 ,     6574 ,    3744 ,    810.5         ,
27 ,    525 ,     3 ,    0 ,     908 ,     5968 ,    3894 ,    991.47         ,
27 ,    535 ,     3 ,    0 ,     930 ,     6226 ,    4005 ,    828.03         ,
27 ,    545 ,     3 ,    0 ,     938 ,     6939 ,    3990 ,    3651.86         ,
27 ,    555 ,     3 ,    0 ,     952 ,     6076 ,    4167 ,    987.07         ,
27 ,    565 ,     3 ,    0 ,     952 ,     6422 ,    4284 ,    1342.91         ,
27 ,    575 ,     3 ,    0 ,     1002 ,     7391 ,    4257 ,    1738.94         ,
27 ,    585 ,     3 ,    0 ,     982 ,     7152 ,    4428 ,    1360.69         ,
27 ,    595 ,     3 ,    0 ,     1024 ,     7151 ,    4446 ,    1164.42         ,
27 ,    605 ,     3 ,    0 ,     1042 ,     6761 ,    4665 ,    1148.09         ,
27 ,    615 ,     3 ,    0 ,     1054 ,     7541 ,    4560 ,    1188.02         ,
27 ,    625 ,     3 ,    0 ,     1064 ,     7333 ,    4779 ,    1703.47         ,
27 ,    635 ,     3 ,    0 ,     1100 ,     7009 ,    4953 ,    1200.93         ,
27 ,    645 ,     3 ,    0 ,     1116 ,     8961 ,    4902 ,    1417.14         ,
27 ,    655 ,     3 ,    0 ,     1112 ,     7803 ,    5076 ,    1819.05         ,
27 ,    665 ,     3 ,    0 ,     1142 ,     7932 ,    5133 ,    1070.21         ,
27 ,    675 ,     3 ,    0 ,     1138 ,     8582 ,    5127 ,    1073.05         ,
27 ,    685 ,     3 ,    0 ,     1168 ,     8122 ,    5289 ,    1094.51         ,
27 ,    695 ,     3 ,    0 ,     1218 ,     8959 ,    5328 ,    1126.72         ,
27 ,    705 ,     3 ,    0 ,     1220 ,     8733 ,    5418 ,    1131.36         ,
27 ,    715 ,     3 ,    0 ,     1248 ,     8573 ,    5547 ,    1499.77         ,
27 ,    725 ,     3 ,    0 ,     1242 ,     9084 ,    5526 ,    1173.47         ,
27 ,    735 ,     3 ,    0 ,     1250 ,     8659 ,    5745 ,    1168.88         ,
27 ,    745 ,     3 ,    0 ,     1298 ,     8759 ,    5919 ,    1225.54         ,
27 ,    755 ,     3 ,    0 ,     1288 ,     9455 ,    5829 ,    1246.58         ,
27 ,    765 ,     3 ,    0 ,     1292 ,     9387 ,    5910 ,    1243.21         ,
27 ,    775 ,     3 ,    0 ,     1324 ,     9299 ,    6165 ,    1799.31         ,
27 ,    785 ,     3 ,    0 ,     1348 ,     10019 ,    6165 ,    1294.47         ,
27 ,    795 ,     3 ,    0 ,     1332 ,     9599 ,    6264 ,    1292.29         ,
27 ,    805 ,     3 ,    0 ,     1404 ,     10506 ,    6297 ,    4418.01         ,
27 ,    815 ,     3 ,    0 ,     1380 ,     9619 ,    6525 ,    1315.98         ,
27 ,    825 ,     3 ,    0 ,     1452 ,     11067 ,    6483 ,    1359.38         ,
27 ,    835 ,     3 ,    0 ,     1428 ,     10303 ,    6609 ,    1367.22         ,
27 ,    845 ,     3 ,    0 ,     1460 ,     10026 ,    6810 ,    1386.87         ,
27 ,    855 ,     3 ,    0 ,     1472 ,     11758 ,    6780 ,    1630.68         ,
27 ,    865 ,     3 ,    0 ,     1502 ,     10381 ,    6951 ,    1432.48         ,
27 ,    875 ,     3 ,    0 ,     1514 ,     11955 ,    6882 ,    1479.9         ,
27 ,    885 ,     3 ,    0 ,     1534 ,     11414 ,    6999 ,    1458         ,
27 ,    895 ,     3 ,    0 ,     1558 ,     10921 ,    7182 ,    1857.87         ,
27 ,    905 ,     3 ,    0 ,     1548 ,     11217 ,    7245 ,    1650.71         ,
27 ,    915 ,     3 ,    0 ,     1564 ,     11568 ,    7224 ,    1502.08         ,
27 ,    925 ,     3 ,    0 ,     1592 ,     11377 ,    7419 ,    1541.21         ,
27 ,    935 ,     3 ,    0 ,     1608 ,     12413 ,    7398 ,    1569.71         ,
27 ,    945 ,     3 ,    0 ,     1620 ,     11669 ,    7653 ,    2091.63         ,
27 ,    955 ,     3 ,    0 ,     1636 ,     14490 ,    7428 ,    1645.15         ,
27 ,    965 ,     3 ,    0 ,     1670 ,     13024 ,    7830 ,    4711.95         ,
27 ,    975 ,     3 ,    0 ,     1686 ,     13116 ,    7686 ,    1632.71         ,
27 ,    985 ,     3 ,    0 ,     1728 ,     12723 ,    7905 ,    1655.27         ,
27 ,    995 ,     3 ,    0 ,     1702 ,     13621 ,    7962 ,    1668.89         ,


alg q3

SEED ,  SIZE ,  ALG ,  TYPE ,  CALLS ,  CMP ,     MOVE ,    TIME              ,
27 ,    5 ,     4 ,    0 ,     8 ,     14 ,    15 ,    7.98         ,
27 ,    15 ,     4 ,    0 ,     28 ,     68 ,    60 ,    19.15         ,
27 ,    25 ,     4 ,    0 ,     42 ,     124 ,    114 ,    28.52         ,
27 ,    35 ,     4 ,    0 ,     62 ,     233 ,    174 ,    44.07         ,
27 ,    45 ,     4 ,    0 ,     82 ,     289 ,    228 ,    53.85         ,
27 ,    55 ,     4 ,    0 ,     96 ,     363 ,    291 ,    67.83         ,
27 ,    65 ,     4 ,    0 ,     110 ,     473 ,    354 ,    87.18         ,
27 ,    75 ,     4 ,    0 ,     128 ,     559 ,    411 ,    96.56         ,
27 ,    85 ,     4 ,    0 ,     140 ,     627 ,    477 ,    115.47         ,
27 ,    95 ,     4 ,    0 ,     178 ,     763 ,    585 ,    133.6         ,
27 ,    105 ,     4 ,    0 ,     182 ,     835 ,    657 ,    142.2         ,
27 ,    115 ,     4 ,    0 ,     192 ,     906 ,    666 ,    154.57         ,
27 ,    125 ,     4 ,    0 ,     220 ,     1087 ,    774 ,    178.66         ,
27 ,    135 ,     4 ,    0 ,     240 ,     1279 ,    828 ,    192.99         ,
27 ,    145 ,     4 ,    0 ,     252 ,     1233 ,    918 ,    205.2         ,
27 ,    155 ,     4 ,    0 ,     268 ,     1376 ,    993 ,    218.98         ,
27 ,    165 ,     4 ,    0 ,     284 ,     1466 ,    1095 ,    592.74         ,
27 ,    175 ,     4 ,    0 ,     298 ,     1571 ,    1137 ,    297.04         ,
27 ,    185 ,     4 ,    0 ,     310 ,     1657 ,    1218 ,    261.23         ,
27 ,    195 ,     4 ,    0 ,     356 ,     1720 ,    1338 ,    283.75         ,
27 ,    205 ,     4 ,    0 ,     352 ,     1876 ,    1389 ,    289.54         ,
27 ,    215 ,     4 ,    0 ,     380 ,     2063 ,    1455 ,    310.06         ,
27 ,    225 ,     4 ,    0 ,     390 ,     2036 ,    1581 ,    328.57         ,
27 ,    235 ,     4 ,    0 ,     418 ,     2168 ,    1611 ,    346.85         ,
27 ,    245 ,     4 ,    0 ,     414 ,     2281 ,    1707 ,    360.04         ,
27 ,    255 ,     4 ,    0 ,     432 ,     2628 ,    1752 ,    387.37         ,
27 ,    265 ,     4 ,    0 ,     476 ,     2814 ,    1851 ,    404.45         ,
27 ,    275 ,     4 ,    0 ,     476 ,     2669 ,    1944 ,    410.55         ,
27 ,    285 ,     4 ,    0 ,     490 ,     2889 ,    1998 ,    418.45         ,
27 ,    295 ,     4 ,    0 ,     536 ,     2840 ,    2163 ,    442.4         ,
27 ,    305 ,     4 ,    0 ,     524 ,     2968 ,    2127 ,    458.76         ,
27 ,    315 ,     4 ,    0 ,     560 ,     3196 ,    2256 ,    615.49         ,
27 ,    325 ,     4 ,    0 ,     562 ,     3287 ,    2295 ,    471.78         ,
27 ,    335 ,     4 ,    0 ,     588 ,     3292 ,    2388 ,    498.34         ,
27 ,    345 ,     4 ,    0 ,     606 ,     3463 ,    2535 ,    659.97         ,
27 ,    355 ,     4 ,    0 ,     608 ,     3700 ,    2553 ,    899.85         ,
27 ,    365 ,     4 ,    0 ,     638 ,     3709 ,    2649 ,    565.07         ,
27 ,    375 ,     4 ,    0 ,     654 ,     3743 ,    2799 ,    581.55         ,
27 ,    385 ,     4 ,    0 ,     648 ,     3814 ,    2832 ,    603.26         ,
27 ,    395 ,     4 ,    0 ,     696 ,     4026 ,    2985 ,    617.47         ,
27 ,    405 ,     4 ,    0 ,     702 ,     4186 ,    3006 ,    628.9         ,
27 ,    415 ,     4 ,    0 ,     728 ,     4327 ,    3120 ,    643.9         ,
27 ,    425 ,     4 ,    0 ,     756 ,     4639 ,    3201 ,    671.26         ,
27 ,    435 ,     4 ,    0 ,     762 ,     4564 ,    3279 ,    676.95         ,
27 ,    445 ,     4 ,    0 ,     778 ,     4728 ,    3324 ,    686.88         ,
27 ,    455 ,     4 ,    0 ,     800 ,     5628 ,    3351 ,    730.84         ,
27 ,    465 ,     4 ,    0 ,     810 ,     5011 ,    3507 ,    739.09         ,
27 ,    475 ,     4 ,    0 ,     840 ,     5107 ,    3663 ,    1317.79         ,
27 ,    485 ,     4 ,    0 ,     850 ,     5250 ,    3690 ,    767.55         ,
27 ,    495 ,     4 ,    0 ,     882 ,     5309 ,    3798 ,    791.46         ,
27 ,    505 ,     4 ,    0 ,     892 ,     5622 ,    3879 ,    817.39         ,
27 ,    515 ,     4 ,    0 ,     894 ,     5964 ,    3837 ,    832.2         ,
27 ,    525 ,     4 ,    0 ,     888 ,     5458 ,    4056 ,    836.62         ,
27 ,    535 ,     4 ,    0 ,     924 ,     6025 ,    4107 ,    859.12         ,
27 ,    545 ,     4 ,    0 ,     952 ,     6088 ,    4164 ,    885.87         ,
27 ,    555 ,     4 ,    0 ,     940 ,     5929 ,    4251 ,    4610.27         ,
27 ,    565 ,     4 ,    0 ,     984 ,     6138 ,    4365 ,    901.56         ,
27 ,    575 ,     4 ,    0 ,     1018 ,     6597 ,    4389 ,    931.79         ,
27 ,    585 ,     4 ,    0 ,     1026 ,     6533 ,    4503 ,    949.48         ,
27 ,    595 ,     4 ,    0 ,     1044 ,     6562 ,    4587 ,    969.78         ,
27 ,    605 ,     4 ,    0 ,     1038 ,     6470 ,    4797 ,    1498.95         ,
27 ,    615 ,     4 ,    0 ,     1088 ,     6834 ,    4785 ,    1010.2         ,
27 ,    625 ,     4 ,    0 ,     1072 ,     6983 ,    4836 ,    1015.45         ,
27 ,    635 ,     4 ,    0 ,     1096 ,     7190 ,    5028 ,    1043.38         ,
27 ,    645 ,     4 ,    0 ,     1146 ,     7859 ,    5025 ,    1068.64         ,
27 ,    655 ,     4 ,    0 ,     1160 ,     7384 ,    5184 ,    1090.24         ,
27 ,    665 ,     4 ,    0 ,     1166 ,     7403 ,    5205 ,    1097.96         ,
27 ,    675 ,     4 ,    0 ,     1192 ,     7593 ,    5271 ,    1117.05         ,
27 ,    685 ,     4 ,    0 ,     1194 ,     7655 ,    5403 ,    1739.21         ,
27 ,    695 ,     4 ,    0 ,     1208 ,     7816 ,    5532 ,    1136.26         ,
27 ,    705 ,     4 ,    0 ,     1228 ,     8219 ,    5610 ,    1168.21         ,
27 ,    715 ,     4 ,    0 ,     1248 ,     7877 ,    5673 ,    1198.99         ,
27 ,    725 ,     4 ,    0 ,     1248 ,     8232 ,    5787 ,    1188.77         ,
27 ,    735 ,     4 ,    0 ,     1288 ,     8305 ,    5904 ,    1213.39         ,
27 ,    745 ,     4 ,    0 ,     1300 ,     8897 ,    5967 ,    1774.16         ,
27 ,    755 ,     4 ,    0 ,     1340 ,     8656 ,    6093 ,    1255.15         ,
27 ,    765 ,     4 ,    0 ,     1320 ,     8738 ,    6156 ,    1276.12         ,
27 ,    775 ,     4 ,    0 ,     1366 ,     9206 ,    6117 ,    1537.42         ,
27 ,    785 ,     4 ,    0 ,     1348 ,     8773 ,    6414 ,    1526.48         ,
27 ,    795 ,     4 ,    0 ,     1366 ,     8914 ,    6450 ,    1534.11         ,
27 ,    805 ,     4 ,    0 ,     1426 ,     9250 ,    6726 ,    1956.39         ,
27 ,    815 ,     4 ,    0 ,     1412 ,     9484 ,    6597 ,    4777.81         ,
27 ,    825 ,     4 ,    0 ,     1452 ,     9643 ,    6792 ,    1392.99         ,
27 ,    835 ,     4 ,    0 ,     1426 ,     10502 ,    6639 ,    2208.9         ,
27 ,    845 ,     4 ,    0 ,     1476 ,     9523 ,    6990 ,    1434.41         ,
27 ,    855 ,     4 ,    0 ,     1520 ,     10495 ,    6903 ,    1463.17         ,
27 ,    865 ,     4 ,    0 ,     1540 ,     10070 ,    7197 ,    1501.5         ,
27 ,    875 ,     4 ,    0 ,     1534 ,     10238 ,    7128 ,    1487.77         ,
27 ,    885 ,     4 ,    0 ,     1562 ,     10515 ,    7236 ,    1513.06         ,
27 ,    895 ,     4 ,    0 ,     1566 ,     10897 ,    7341 ,    2043.49         ,
27 ,    905 ,     4 ,    0 ,     1602 ,     10442 ,    7443 ,    1550.74         ,
27 ,    915 ,     4 ,    0 ,     1620 ,     10738 ,    7572 ,    1554.29         ,
27 ,    925 ,     4 ,    0 ,     1620 ,     10635 ,    7746 ,    1597         ,
27 ,    935 ,     4 ,    0 ,     1620 ,     11935 ,    7617 ,    1742.29         ,
27 ,    945 ,     4 ,    0 ,     1636 ,     11266 ,    7701 ,    2187.93         ,
27 ,    955 ,     4 ,    0 ,     1688 ,     11139 ,    8019 ,    1642.62         ,
27 ,    965 ,     4 ,    0 ,     1654 ,     11762 ,    7968 ,    1649.6         ,
27 ,    975 ,     4 ,    0 ,     1686 ,     11604 ,    8154 ,    1689.02         ,
27 ,    985 ,     4 ,    0 ,     1716 ,     11577 ,    8208 ,    1691.29         ,
27 ,    995 ,     4 ,    0 ,     1734 ,     12163 ,    8313 ,    4352.71         ,


alg qi

SEED ,  SIZE ,  ALG ,  TYPE ,  CALLS ,  CMP ,     MOVE ,    TIME              ,
27 ,    5 ,     5 ,    0 ,     3 ,     15 ,    14 ,    5.69         ,
27 ,    15 ,     5 ,    0 ,     4 ,     61 ,    63 ,    9.28         ,
27 ,    25 ,     5 ,    0 ,     4 ,     122 ,    136 ,    16.13         ,
27 ,    35 ,     5 ,    0 ,     4 ,     278 ,    289 ,    28.11         ,
27 ,    45 ,     5 ,    0 ,     4 ,     497 ,    499 ,    45.95         ,
27 ,    55 ,     5 ,    0 ,     4 ,     545 ,    571 ,    52.3         ,
27 ,    65 ,     5 ,    0 ,     4 ,     666 ,    707 ,    64.95         ,
27 ,    75 ,     5 ,    0 ,     13 ,     911 ,    806 ,    81.32         ,
27 ,    85 ,     5 ,    0 ,     10 ,     1035 ,    996 ,    95.99         ,
27 ,    95 ,     5 ,    0 ,     13 ,     845 ,    762 ,    88.12         ,
27 ,    105 ,     5 ,    0 ,     10 ,     1055 ,    1032 ,    107.13         ,
27 ,    115 ,     5 ,    0 ,     13 ,     1109 ,    1098 ,    118.2         ,
27 ,    125 ,     5 ,    0 ,     16 ,     1331 ,    1240 ,    133.45         ,
27 ,    135 ,     5 ,    0 ,     16 ,     1623 ,    1505 ,    151.81         ,
27 ,    145 ,     5 ,    0 ,     13 ,     1691 ,    1674 ,    165.73         ,
27 ,    155 ,     5 ,    0 ,     22 ,     1911 ,    1622 ,    177.85         ,
27 ,    165 ,     5 ,    0 ,     13 ,     1892 ,    1878 ,    187.91         ,
27 ,    175 ,     5 ,    0 ,     19 ,     2200 ,    1893 ,    205.1         ,
27 ,    185 ,     5 ,    0 ,     22 ,     2171 ,    1940 ,    211.55         ,
27 ,    195 ,     5 ,    0 ,     16 ,     2340 ,    2354 ,    235.16         ,
27 ,    205 ,     5 ,    0 ,     24 ,     2758 ,    2268 ,    248.63         ,
27 ,    215 ,     5 ,    0 ,     16 ,     2768 ,    2602 ,    259.08         ,
27 ,    225 ,     5 ,    0 ,     16 ,     2905 ,    2933 ,    656.91         ,
27 ,    235 ,     5 ,    0 ,     25 ,     3240 ,    2900 ,    461.06         ,
27 ,    245 ,     5 ,    0 ,     19 ,     3560 ,    3238 ,    323.65         ,
27 ,    255 ,     5 ,    0 ,     28 ,     3568 ,    2994 ,    326.39         ,
27 ,    265 ,     5 ,    0 ,     37 ,     3415 ,    2820 ,    323.7         ,
27 ,    275 ,     5 ,    0 ,     28 ,     3809 ,    3403 ,    350.83         ,
27 ,    285 ,     5 ,    0 ,     28 ,     3599 ,    3464 ,    360.41         ,
27 ,    295 ,     5 ,    0 ,     25 ,     3968 ,    3784 ,    383.61         ,
27 ,    305 ,     5 ,    0 ,     31 ,     3904 ,    3715 ,    396.05         ,
27 ,    315 ,     5 ,    0 ,     37 ,     4625 ,    4145 ,    430.04         ,
27 ,    325 ,     5 ,    0 ,     28 ,     4260 ,    4065 ,    416.44         ,
27 ,    335 ,     5 ,    0 ,     37 ,     4834 ,    4539 ,    462.03         ,
27 ,    345 ,     5 ,    0 ,     34 ,     4682 ,    4534 ,    467.48         ,
27 ,    355 ,     5 ,    0 ,     37 ,     4967 ,    4406 ,    477.21         ,
27 ,    365 ,     5 ,    0 ,     40 ,     4790 ,    4349 ,    605.29         ,
27 ,    375 ,     5 ,    0 ,     52 ,     5068 ,    4509 ,    481.44         ,
27 ,    385 ,     5 ,    0 ,     42 ,     5432 ,    4957 ,    504.5         ,
27 ,    395 ,     5 ,    0 ,     49 ,     4946 ,    4209 ,    473.68         ,
27 ,    405 ,     5 ,    0 ,     46 ,     5569 ,    4789 ,    1023         ,
27 ,    415 ,     5 ,    0 ,     49 ,     5737 ,    4893 ,    700.43         ,
27 ,    425 ,     5 ,    0 ,     43 ,     6383 ,    5431 ,    591.5         ,
27 ,    435 ,     5 ,    0 ,     45 ,     6237 ,    5851 ,    616.47         ,
27 ,    445 ,     5 ,    0 ,     49 ,     6172 ,    5684 ,    605.94         ,
27 ,    455 ,     5 ,    0 ,     46 ,     6494 ,    5647 ,    616.47         ,
27 ,    465 ,     5 ,    0 ,     58 ,     6371 ,    5798 ,    631.98         ,
27 ,    475 ,     5 ,    0 ,     52 ,     6864 ,    6342 ,    664.95         ,
27 ,    485 ,     5 ,    0 ,     52 ,     7054 ,    6388 ,    672.41         ,
27 ,    495 ,     5 ,    0 ,     52 ,     6773 ,    6187 ,    664.28         ,
27 ,    505 ,     5 ,    0 ,     49 ,     7054 ,    6655 ,    695.62         ,
27 ,    515 ,     5 ,    0 ,     58 ,     8076 ,    6486 ,    723.79         ,
27 ,    525 ,     5 ,    0 ,     63 ,     7378 ,    6683 ,    729.96         ,
27 ,    535 ,     5 ,    0 ,     55 ,     7614 ,    6812 ,    1299.26         ,
27 ,    545 ,     5 ,    0 ,     67 ,     8187 ,    6543 ,    747.01         ,
27 ,    555 ,     5 ,    0 ,     55 ,     7914 ,    7358 ,    784.06         ,
27 ,    565 ,     5 ,    0 ,     58 ,     7781 ,    7013 ,    777.26         ,
27 ,    575 ,     5 ,    0 ,     70 ,     8832 ,    7060 ,    826.25         ,
27 ,    585 ,     5 ,    0 ,     61 ,     8948 ,    7497 ,    839.8         ,
27 ,    595 ,     5 ,    0 ,     64 ,     8951 ,    7862 ,    863.98         ,
27 ,    605 ,     5 ,    0 ,     64 ,     8022 ,    7383 ,    824.21         ,
27 ,    615 ,     5 ,    0 ,     72 ,     8997 ,    7846 ,    863.41         ,
27 ,    625 ,     5 ,    0 ,     72 ,     9134 ,    8157 ,    1249.05         ,
27 ,    635 ,     5 ,    0 ,     64 ,     9515 ,    8969 ,    1155.8         ,
27 ,    645 ,     5 ,    0 ,     79 ,     10749 ,    8252 ,    956.7         ,
27 ,    655 ,     5 ,    0 ,     76 ,     9554 ,    8281 ,    3407.66         ,
27 ,    665 ,     5 ,    0 ,     70 ,     9977 ,    8709 ,    962.96         ,
27 ,    675 ,     5 ,    0 ,     91 ,     10787 ,    8906 ,    1007.88         ,
27 ,    685 ,     5 ,    0 ,     82 ,     9823 ,    8751 ,    1504.01         ,
27 ,    695 ,     5 ,    0 ,     76 ,     10698 ,    8910 ,    995.8         ,
27 ,    705 ,     5 ,    0 ,     85 ,     10719 ,    9153 ,    1020.88         ,
27 ,    715 ,     5 ,    0 ,     67 ,     10910 ,    9938 ,    1061.49         ,
27 ,    725 ,     5 ,    0 ,     90 ,     11150 ,    9471 ,    1059.69         ,
27 ,    735 ,     5 ,    0 ,     88 ,     11089 ,    9789 ,    1080.78         ,
27 ,    745 ,     5 ,    0 ,     79 ,     10609 ,    9670 ,    1072.34         ,
27 ,    755 ,     5 ,    0 ,     70 ,     12366 ,    10875 ,    1164.4         ,
27 ,    765 ,     5 ,    0 ,     82 ,     11702 ,    10245 ,    1665.92         ,
27 ,    775 ,     5 ,    0 ,     88 ,     11972 ,    10607 ,    1169.36         ,
27 ,    785 ,     5 ,    0 ,     73 ,     12415 ,    10730 ,    1217.76         ,
27 ,    795 ,     5 ,    0 ,     88 ,     11919 ,    10558 ,    1171.93         ,
27 ,    805 ,     5 ,    0 ,     100 ,     13146 ,    10991 ,    1233.98         ,
27 ,    815 ,     5 ,    0 ,     94 ,     11900 ,    10701 ,    1189.07         ,
27 ,    825 ,     5 ,    0 ,     106 ,     13429 ,    10951 ,    1767.83         ,
27 ,    835 ,     5 ,    0 ,     88 ,     12670 ,    10888 ,    1225.61         ,
27 ,    845 ,     5 ,    0 ,     97 ,     11827 ,    10759 ,    1235         ,
27 ,    855 ,     5 ,    0 ,     103 ,     14095 ,    11101 ,    1300.57         ,
27 ,    865 ,     5 ,    0 ,     91 ,     12596 ,    11352 ,    1271.66         ,
27 ,    875 ,     5 ,    0 ,     94 ,     14402 ,    11641 ,    1343.66         ,
27 ,    885 ,     5 ,    0 ,     127 ,     13402 ,    11058 ,    2084.36         ,
27 ,    895 ,     5 ,    0 ,     96 ,     13209 ,    11788 ,    4401.44         ,
27 ,    905 ,     5 ,    0 ,     96 ,     13528 ,    11819 ,    1330.84         ,
27 ,    915 ,     5 ,    0 ,     97 ,     13917 ,    11949 ,    1736.8         ,
27 ,    925 ,     5 ,    0 ,     91 ,     14290 ,    12789 ,    1591.24         ,
27 ,    935 ,     5 ,    0 ,     94 ,     14982 ,    12364 ,    1398.05         ,
27 ,    945 ,     5 ,    0 ,     110 ,     13853 ,    12348 ,    1400.45         ,
27 ,    955 ,     5 ,    0 ,     114 ,     17298 ,    12552 ,    1498.1         ,
27 ,    965 ,     5 ,    0 ,     118 ,     15097 ,    12164 ,    1449.43         ,
27 ,    975 ,     5 ,    0 ,     103 ,     16013 ,    13073 ,    1471.9         ,
27 ,    985 ,     5 ,    0 ,     103 ,     15599 ,    13230 ,    1485.54         ,
27 ,    995 ,     5 ,    0 ,     115 ,     16649 ,    13449 ,    1526.49         ,


alg q3i

SEED ,  SIZE ,  ALG ,  TYPE ,  CALLS ,  CMP ,     MOVE ,    TIME              ,
27 ,    5 ,     6 ,    0 ,     4 ,     10 ,    14 ,    4.4         ,
27 ,    15 ,     6 ,    0 ,     4 ,     50 ,    60 ,    9.42         ,
27 ,    25 ,     6 ,    0 ,     4 ,     122 ,    136 ,    15.92         ,
27 ,    35 ,     6 ,    0 ,     4 ,     278 ,    289 ,    28.9         ,
27 ,    45 ,     6 ,    0 ,     4 ,     351 ,    377 ,    37.64         ,
27 ,    55 ,     6 ,    0 ,     4 ,     493 ,    530 ,    49.68         ,
27 ,    65 ,     6 ,    0 ,     4 ,     687 ,    730 ,    66.08         ,
27 ,    75 ,     6 ,    0 ,     7 ,     866 ,    867 ,    82.46         ,
27 ,    85 ,     6 ,    0 ,     7 ,     851 ,    884 ,    84.93         ,
27 ,    95 ,     6 ,    0 ,     7 ,     986 ,    1016 ,    98.38         ,
27 ,    105 ,     6 ,    0 ,     7 ,     1066 ,    1123 ,    106.56         ,
27 ,    115 ,     6 ,    0 ,     7 ,     1292 ,    1342 ,    123.8         ,
27 ,    125 ,     6 ,    0 ,     10 ,     1466 ,    1461 ,    140.95         ,
27 ,    135 ,     6 ,    0 ,     16 ,     1568 ,    1463 ,    150.58         ,
27 ,    145 ,     6 ,    0 ,     13 ,     1688 ,    1677 ,    164.34         ,
27 ,    155 ,     6 ,    0 ,     16 ,     1665 ,    1651 ,    173.57         ,
27 ,    165 ,     6 ,    0 ,     13 ,     2131 ,    2121 ,    202.65         ,
27 ,    175 ,     6 ,    0 ,     13 ,     2291 ,    2278 ,    219.93         ,
27 ,    185 ,     6 ,    0 ,     19 ,     2125 ,    2051 ,    211.15         ,
27 ,    195 ,     6 ,    0 ,     19 ,     2124 ,    2156 ,    226.15         ,
27 ,    205 ,     6 ,    0 ,     16 ,     2544 ,    2539 ,    251.62         ,
27 ,    215 ,     6 ,    0 ,     16 ,     3053 ,    2904 ,    281.25         ,
27 ,    225 ,     6 ,    0 ,     19 ,     2745 ,    2745 ,    281.09         ,
27 ,    235 ,     6 ,    0 ,     22 ,     2954 ,    2892 ,    645.77         ,
27 ,    245 ,     6 ,    0 ,     25 ,     2912 ,    2840 ,    474.71         ,
27 ,    255 ,     6 ,    0 ,     31 ,     3357 ,    2949 ,    514.15         ,
27 ,    265 ,     6 ,    0 ,     31 ,     3407 ,    2962 ,    326.76         ,
27 ,    275 ,     6 ,    0 ,     28 ,     3244 ,    3122 ,    329.82         ,
27 ,    285 ,     6 ,    0 ,     34 ,     3634 ,    3280 ,    350.39         ,
27 ,    295 ,     6 ,    0 ,     25 ,     3946 ,    3872 ,    390.71         ,
27 ,    305 ,     6 ,    0 ,     28 ,     4105 ,    4022 ,    407.01         ,
27 ,    315 ,     6 ,    0 ,     28 ,     4502 ,    4365 ,    433.79         ,
27 ,    325 ,     6 ,    0 ,     34 ,     4234 ,    3977 ,    420.11         ,
27 ,    335 ,     6 ,    0 ,     34 ,     3974 ,    3858 ,    416.84         ,
27 ,    345 ,     6 ,    0 ,     31 ,     4599 ,    4547 ,    466.82         ,
27 ,    355 ,     6 ,    0 ,     34 ,     4541 ,    4182 ,    448.1         ,
27 ,    365 ,     6 ,    0 ,     31 ,     4850 ,    4701 ,    481.14         ,
27 ,    375 ,     6 ,    0 ,     34 ,     5017 ,    4913 ,    507.74         ,
27 ,    385 ,     6 ,    0 ,     34 ,     5373 ,    5284 ,    672.39         ,
27 ,    395 ,     6 ,    0 ,     34 ,     5377 ,    5266 ,    519.98         ,
27 ,    405 ,     6 ,    0 ,     43 ,     5096 ,    4833 ,    1015.53         ,
27 ,    415 ,     6 ,    0 ,     40 ,     5710 ,    5487 ,    573.71         ,
27 ,    425 ,     6 ,    0 ,     43 ,     5909 ,    5444 ,    616.43         ,
27 ,    435 ,     6 ,    0 ,     40 ,     5947 ,    5722 ,    593.3         ,
27 ,    445 ,     6 ,    0 ,     43 ,     6028 ,    5678 ,    604.19         ,
27 ,    455 ,     6 ,    0 ,     55 ,     6713 ,    5349 ,    616.22         ,
27 ,    465 ,     6 ,    0 ,     54 ,     5987 ,    5472 ,    615.67         ,
27 ,    475 ,     6 ,    0 ,     46 ,     6665 ,    6312 ,    881.66         ,
27 ,    485 ,     6 ,    0 ,     46 ,     6943 ,    6498 ,    4029.67         ,
27 ,    495 ,     6 ,    0 ,     49 ,     7244 ,    6778 ,    712.66         ,
27 ,    505 ,     6 ,    0 ,     46 ,     6968 ,    6419 ,    694.69         ,
27 ,    515 ,     6 ,    0 ,     51 ,     7694 ,    6850 ,    729.18         ,
27 ,    525 ,     6 ,    0 ,     52 ,     6866 ,    6607 ,    719.01         ,
27 ,    535 ,     6 ,    0 ,     55 ,     7521 ,    6814 ,    738.97         ,
27 ,    545 ,     6 ,    0 ,     49 ,     7920 ,    7288 ,    770.19         ,
27 ,    555 ,     6 ,    0 ,     52 ,     7829 ,    7406 ,    789.67         ,
27 ,    565 ,     6 ,    0 ,     49 ,     7772 ,    7301 ,    780.32         ,
27 ,    575 ,     6 ,    0 ,     69 ,     8311 ,    7369 ,    817.65         ,
27 ,    585 ,     6 ,    0 ,     52 ,     8332 ,    7780 ,    1193.15         ,
27 ,    595 ,     6 ,    0 ,     70 ,     7936 ,    7185 ,    814.41         ,
27 ,    605 ,     6 ,    0 ,     58 ,     8599 ,    8148 ,    870.99         ,
27 ,    615 ,     6 ,    0 ,     55 ,     9093 ,    8526 ,    890.53         ,
27 ,    625 ,     6 ,    0 ,     67 ,     8387 ,    7628 ,    849.11         ,
27 ,    635 ,     6 ,    0 ,     64 ,     9343 ,    8584 ,    927.95         ,
27 ,    645 ,     6 ,    0 ,     75 ,     9472 ,    8070 ,    913.98         ,
27 ,    655 ,     6 ,    0 ,     66 ,     9269 ,    8633 ,    943.17         ,
27 ,    665 ,     6 ,    0 ,     55 ,     9837 ,    9206 ,    970.85         ,
27 ,    675 ,     6 ,    0 ,     67 ,     9917 ,    9314 ,    1218.44         ,
27 ,    685 ,     6 ,    0 ,     73 ,     9412 ,    8647 ,    964.34         ,
27 ,    695 ,     6 ,    0 ,     58 ,     10869 ,    10116 ,    1046.61         ,
27 ,    705 ,     6 ,    0 ,     70 ,     10256 ,    9200 ,    1007.91         ,
27 ,    715 ,     6 ,    0 ,     67 ,     9935 ,    9421 ,    1033.1         ,
27 ,    725 ,     6 ,    0 ,     67 ,     11186 ,    10372 ,    1102.81         ,
27 ,    735 ,     6 ,    0 ,     73 ,     10345 ,    9508 ,    1047.87         ,
27 ,    745 ,     6 ,    0 ,     85 ,     11186 ,    9839 ,    1439.96         ,
27 ,    755 ,     6 ,    0 ,     61 ,     11660 ,    10858 ,    1155.51         ,
27 ,    765 ,     6 ,    0 ,     73 ,     11593 ,    10659 ,    1152.66         ,
27 ,    775 ,     6 ,    0 ,     76 ,     12023 ,    10732 ,    1168.16         ,
27 ,    785 ,     6 ,    0 ,     85 ,     10623 ,    9933 ,    1118.77         ,
27 ,    795 ,     6 ,    0 ,     76 ,     11604 ,    10924 ,    1562.01         ,
27 ,    805 ,     6 ,    0 ,     82 ,     11675 ,    10751 ,    1186.72         ,
27 ,    815 ,     6 ,    0 ,     73 ,     11999 ,    10925 ,    1189.61         ,
27 ,    825 ,     6 ,    0 ,     82 ,     12026 ,    10909 ,    1205.93         ,
27 ,    835 ,     6 ,    0 ,     85 ,     13342 ,    11308 ,    1252.33         ,
27 ,    845 ,     6 ,    0 ,     88 ,     12157 ,    11541 ,    1264.15         ,
27 ,    855 ,     6 ,    0 ,     82 ,     13378 ,    11792 ,    1281.6         ,
27 ,    865 ,     6 ,    0 ,     79 ,     12984 ,    11935 ,    1735.9         ,
27 ,    875 ,     6 ,    0 ,     79 ,     13850 ,    12930 ,    1356.03         ,
27 ,    885 ,     6 ,    0 ,     88 ,     12515 ,    11282 ,    1274.68         ,
27 ,    895 ,     6 ,    0 ,     91 ,     14031 ,    12478 ,    1371.9         ,
27 ,    905 ,     6 ,    0 ,     94 ,     13480 ,    12450 ,    1373.6         ,
27 ,    915 ,     6 ,    0 ,     79 ,     14403 ,    13451 ,    1414.29         ,
27 ,    925 ,     6 ,    0 ,     94 ,     13630 ,    12732 ,    1952.08         ,
27 ,    935 ,     6 ,    0 ,     105 ,     14882 ,    12529 ,    1434.74         ,
27 ,    945 ,     6 ,    0 ,     91 ,     14255 ,    12932 ,    1420.4         ,
27 ,    955 ,     6 ,    0 ,     100 ,     13899 ,    12934 ,    1445         ,
27 ,    965 ,     6 ,    0 ,     109 ,     14526 ,    12772 ,    1447.73         ,
27 ,    975 ,     6 ,    0 ,     99 ,     14777 ,    13475 ,    1521.66         ,
27 ,    985 ,     6 ,    0 ,     105 ,     14321 ,    13006 ,    1463.29         ,
27 ,    995 ,     6 ,    0 ,     100 ,     15458 ,    13837 ,    1871.57         ,


alg h

SEED ,  SIZE ,  ALG ,  TYPE ,  CALLS ,  CMP ,     MOVE ,    TIME              ,
27 ,    5 ,     7 ,    0 ,     1 ,     11 ,    18 ,    4.34         ,
27 ,    15 ,     7 ,    0 ,     1 ,     56 ,    90 ,    11.5         ,
27 ,    25 ,     7 ,    0 ,     1 ,     126 ,    204 ,    23.14         ,
27 ,    35 ,     7 ,    0 ,     1 ,     198 ,    341 ,    32.57         ,
27 ,    45 ,     7 ,    0 ,     1 ,     266 ,    450 ,    42.49         ,
27 ,    55 ,     7 ,    0 ,     1 ,     366 ,    591 ,    61.28         ,
27 ,    65 ,     7 ,    0 ,     1 ,     604 ,    931 ,    95.3         ,
27 ,    75 ,     7 ,    0 ,     1 ,     574 ,    953 ,    93.48         ,
27 ,    85 ,     7 ,    0 ,     1 ,     712 ,    1141 ,    115.17         ,
27 ,    95 ,     7 ,    0 ,     1 ,     753 ,    1234 ,    118.74         ,
27 ,    105 ,     7 ,    0 ,     1 ,     957 ,    1486 ,    157.73         ,
27 ,    115 ,     7 ,    0 ,     1 ,     1009 ,    1589 ,    165.24         ,
27 ,    125 ,     7 ,    0 ,     1 ,     1072 ,    1703 ,    174.54         ,
27 ,    135 ,     7 ,    0 ,     1 ,     1362 ,    2176 ,    205.6         ,
27 ,    145 ,     7 ,    0 ,     1 ,     1402 ,    2275 ,    219.89         ,
27 ,    155 ,     7 ,    0 ,     1 ,     1532 ,    2467 ,    240.01         ,
27 ,    165 ,     7 ,    0 ,     1 ,     1723 ,    2717 ,    267.81         ,
27 ,    175 ,     7 ,    0 ,     1 ,     1760 ,    2816 ,    276.47         ,
27 ,    185 ,     7 ,    0 ,     1 ,     1861 ,    2976 ,    291.93         ,
27 ,    195 ,     7 ,    0 ,     1 ,     2515 ,    3689 ,    363.13         ,
27 ,    205 ,     7 ,    0 ,     1 ,     2106 ,    3341 ,    333.89         ,
27 ,    215 ,     7 ,    0 ,     1 ,     2292 ,    3588 ,    360.38         ,
27 ,    225 ,     7 ,    0 ,     1 ,     2790 ,    4144 ,    416.65         ,
27 ,    235 ,     7 ,    0 ,     1 ,     2578 ,    3994 ,    403.59         ,
27 ,    245 ,     7 ,    0 ,     1 ,     2584 ,    4060 ,    439.77         ,
27 ,    255 ,     7 ,    0 ,     1 ,     2756 ,    4294 ,    433.25         ,
27 ,    265 ,     7 ,    0 ,     1 ,     3298 ,    5156 ,    503.47         ,
27 ,    275 ,     7 ,    0 ,     1 ,     3357 ,    5286 ,    503.43         ,
27 ,    285 ,     7 ,    0 ,     1 ,     3348 ,    5348 ,    507.6         ,
27 ,    295 ,     7 ,    0 ,     1 ,     3510 ,    5580 ,    920.95         ,
27 ,    305 ,     7 ,    0 ,     1 ,     3760 ,    5899 ,    727.47         ,
27 ,    315 ,     7 ,    0 ,     1 ,     3599 ,    5810 ,    550.64         ,
27 ,    325 ,     7 ,    0 ,     1 ,     4210 ,    6489 ,    624.76         ,
27 ,    335 ,     7 ,    0 ,     1 ,     4119 ,    6470 ,    621.54         ,
27 ,    345 ,     7 ,    0 ,     1 ,     4137 ,    6557 ,    643.98         ,
27 ,    355 ,     7 ,    0 ,     1 ,     4533 ,    7023 ,    684.86         ,
27 ,    365 ,     7 ,    0 ,     1 ,     4428 ,    6989 ,    677.54         ,
27 ,    375 ,     7 ,    0 ,     1 ,     4507 ,    7139 ,    692.72         ,
27 ,    385 ,     7 ,    0 ,     1 ,     6100 ,    8798 ,    847.68         ,
27 ,    395 ,     7 ,    0 ,     1 ,     5574 ,    8344 ,    818.88         ,
27 ,    405 ,     7 ,    0 ,     1 ,     5090 ,    7930 ,    1155.36         ,
27 ,    415 ,     7 ,    0 ,     1 ,     5334 ,    8246 ,    1011.14         ,
27 ,    425 ,     7 ,    0 ,     1 ,     5611 ,    8591 ,    852.38         ,
27 ,    435 ,     7 ,    0 ,     1 ,     5496 ,    8547 ,    843.76         ,
27 ,    445 ,     7 ,    0 ,     1 ,     5688 ,    8810 ,    891.05         ,
27 ,    455 ,     7 ,    0 ,     1 ,     6362 ,    9553 ,    940.96         ,
27 ,    465 ,     7 ,    0 ,     1 ,     6091 ,    9351 ,    943.64         ,
27 ,    475 ,     7 ,    0 ,     1 ,     5881 ,    9213 ,    3966.67         ,
27 ,    485 ,     7 ,    0 ,     1 ,     6217 ,    9618 ,    969.48         ,
27 ,    495 ,     7 ,    0 ,     1 ,     6380 ,    9853 ,    985.07         ,
27 ,    505 ,     7 ,    0 ,     1 ,     7205 ,    10747 ,    1071.84         ,
27 ,    515 ,     7 ,    0 ,     1 ,     9829 ,    13952 ,    1290.81         ,
27 ,    525 ,     7 ,    0 ,     1 ,     8596 ,    12800 ,    1215.9         ,
27 ,    535 ,     7 ,    0 ,     1 ,     7466 ,    11751 ,    1502.12         ,
27 ,    545 ,     7 ,    0 ,     1 ,     8163 ,    12526 ,    1197.49         ,
27 ,    555 ,     7 ,    0 ,     1 ,     7719 ,    12164 ,    1163.65         ,
27 ,    565 ,     7 ,    0 ,     1 ,     8429 ,    12954 ,    1247.38         ,
27 ,    575 ,     7 ,    0 ,     1 ,     8006 ,    12613 ,    1217.53         ,
27 ,    585 ,     7 ,    0 ,     1 ,     8597 ,    13281 ,    1266.79         ,
27 ,    595 ,     7 ,    0 ,     1 ,     8795 ,    13560 ,    1289.96         ,
27 ,    605 ,     7 ,    0 ,     1 ,     8738 ,    13584 ,    2106.43         ,
27 ,    615 ,     7 ,    0 ,     1 ,     8575 ,    13501 ,    1284.22         ,
27 ,    625 ,     7 ,    0 ,     1 ,     9287 ,    14292 ,    1374.7         ,
27 ,    635 ,     7 ,    0 ,     1 ,     8740 ,    13827 ,    1345.4         ,
27 ,    645 ,     7 ,    0 ,     1 ,     10398 ,    15562 ,    1477.29         ,
27 ,    655 ,     7 ,    0 ,     1 ,     9621 ,    14867 ,    1975.57         ,
27 ,    665 ,     7 ,    0 ,     1 ,     9900 ,    15225 ,    1471.18         ,
27 ,    675 ,     7 ,    0 ,     1 ,     10243 ,    15648 ,    1509.75         ,
27 ,    685 ,     7 ,    0 ,     1 ,     10099 ,    15585 ,    1555.03         ,
27 ,    695 ,     7 ,    0 ,     1 ,     9951 ,    15518 ,    1525.3         ,
27 ,    705 ,     7 ,    0 ,     1 ,     12436 ,    18080 ,    5219.68         ,
27 ,    715 ,     7 ,    0 ,     1 ,     10482 ,    16208 ,    1550.26         ,
27 ,    725 ,     7 ,    0 ,     1 ,     10183 ,    15989 ,    2102.85         ,
27 ,    735 ,     7 ,    0 ,     1 ,     10665 ,    16553 ,    2128.36         ,
27 ,    745 ,     7 ,    0 ,     1 ,     10786 ,    16752 ,    1824.39         ,
27 ,    755 ,     7 ,    0 ,     1 ,     11097 ,    17144 ,    1688.64         ,
27 ,    765 ,     7 ,    0 ,     1 ,     11013 ,    17141 ,    1712.85         ,
27 ,    775 ,     7 ,    0 ,     1 ,     15811 ,    22016 ,    2055.5         ,
27 ,    785 ,     7 ,    0 ,     1 ,     13360 ,    19644 ,    2447.01         ,
27 ,    795 ,     7 ,    0 ,     1 ,     12611 ,    18977 ,    1869.22         ,
27 ,    805 ,     7 ,    0 ,     1 ,     12468 ,    18913 ,    1854.54         ,
27 ,    815 ,     7 ,    0 ,     1 ,     12103 ,    18630 ,    1823.52         ,
27 ,    825 ,     7 ,    0 ,     1 ,     12772 ,    19378 ,    2451.68         ,
27 ,    835 ,     7 ,    0 ,     1 ,     14247 ,    20932 ,    2334.67         ,
27 ,    845 ,     7 ,    0 ,     1 ,     13302 ,    20068 ,    2262.68         ,
27 ,    855 ,     7 ,    0 ,     1 ,     13435 ,    20282 ,    5013.08         ,
27 ,    865 ,     7 ,    0 ,     1 ,     13968 ,    20893 ,    2057.53         ,
27 ,    875 ,     7 ,    0 ,     1 ,     12993 ,    20000 ,    1984.14         ,
27 ,    885 ,     7 ,    0 ,     1 ,     12931 ,    20018 ,    2555.87         ,
27 ,    895 ,     7 ,    0 ,     1 ,     13229 ,    20398 ,    2015.57         ,
27 ,    905 ,     7 ,    0 ,     1 ,     15161 ,    22406 ,    2174.54         ,
27 ,    915 ,     7 ,    0 ,     1 ,     14779 ,    22105 ,    2691.23         ,
27 ,    925 ,     7 ,    0 ,     1 ,     14283 ,    21690 ,    2147.69         ,
27 ,    935 ,     7 ,    0 ,     1 ,     14819 ,    22306 ,    2215.61         ,
27 ,    945 ,     7 ,    0 ,     1 ,     14086 ,    21652 ,    2670.55         ,
27 ,    955 ,     7 ,    0 ,     1 ,     13898 ,    21546 ,    2156.37         ,
27 ,    965 ,     7 ,    0 ,     1 ,     15288 ,    23014 ,    2256.5         ,
27 ,    975 ,     7 ,    0 ,     1 ,     14965 ,    22773 ,    2244.88         ,
27 ,    985 ,     7 ,    0 ,     1 ,     15144 ,    23031 ,    5470.23         ,
27 ,    995 ,     7 ,    0 ,     1 ,     15725 ,    23692 ,    2346.39         ,


alg rs

SEED ,  SIZE ,  ALG ,  TYPE ,  CALLS ,  CMP ,     MOVE ,    TIME              ,
27 ,    5 ,     8 ,    0 ,     4 ,     10 ,    9 ,    4.09         ,
27 ,    15 ,     8 ,    0 ,     14 ,     105 ,    39 ,    12.54         ,
27 ,    25 ,     8 ,    0 ,     24 ,     300 ,    60 ,    25.04         ,
27 ,    35 ,     8 ,    0 ,     34 ,     595 ,    87 ,    41.2         ,
27 ,    45 ,     8 ,    0 ,     44 ,     990 ,    120 ,    63.07         ,
27 ,    55 ,     8 ,    0 ,     54 ,     1485 ,    144 ,    92.09         ,
27 ,    65 ,     8 ,    0 ,     64 ,     2080 ,    180 ,    119.77         ,
27 ,    75 ,     8 ,    0 ,     74 ,     2775 ,    210 ,    550.22         ,
27 ,    85 ,     8 ,    0 ,     84 ,     3570 ,    237 ,    226.3         ,
27 ,    95 ,     8 ,    0 ,     94 ,     4465 ,    273 ,    379.88         ,
27 ,    105 ,     8 ,    0 ,     104 ,     5460 ,    303 ,    284.48         ,
27 ,    115 ,     8 ,    0 ,     114 ,     6555 ,    324 ,    336.86         ,
27 ,    125 ,     8 ,    0 ,     124 ,     7750 ,    357 ,    432.56         ,
27 ,    135 ,     8 ,    0 ,     134 ,     9045 ,    390 ,    451.53         ,
27 ,    145 ,     8 ,    0 ,     144 ,     10440 ,    420 ,    520.21         ,
27 ,    155 ,     8 ,    0 ,     154 ,     11935 ,    447 ,    586.14         ,
27 ,    165 ,     8 ,    0 ,     164 ,     13530 ,    486 ,    660.33         ,
27 ,    175 ,     8 ,    0 ,     174 ,     15225 ,    507 ,    732.98         ,
27 ,    185 ,     8 ,    0 ,     184 ,     17020 ,    537 ,    822.15         ,
27 ,    195 ,     8 ,    0 ,     194 ,     18915 ,    567 ,    924.74         ,
27 ,    205 ,     8 ,    0 ,     204 ,     20910 ,    597 ,    1367.77         ,
27 ,    215 ,     8 ,    0 ,     214 ,     23005 ,    627 ,    1528.86         ,
27 ,    225 ,     8 ,    0 ,     224 ,     25200 ,    654 ,    1328.14         ,
27 ,    235 ,     8 ,    0 ,     234 ,     27495 ,    696 ,    1286.39         ,
27 ,    245 ,     8 ,    0 ,     244 ,     29890 ,    702 ,    1391.44         ,
27 ,    255 ,     8 ,    0 ,     254 ,     32385 ,    741 ,    1556.64         ,
27 ,    265 ,     8 ,    0 ,     264 ,     34980 ,    759 ,    1619.17         ,
27 ,    275 ,     8 ,    0 ,     274 ,     37675 ,    810 ,    2257.01         ,
27 ,    285 ,     8 ,    0 ,     284 ,     40470 ,    834 ,    1860.03         ,
27 ,    295 ,     8 ,    0 ,     294 ,     43365 ,    861 ,    1991.55         ,
27 ,    305 ,     8 ,    0 ,     304 ,     46360 ,    882 ,    2123.93         ,
27 ,    315 ,     8 ,    0 ,     314 ,     49455 ,    924 ,    2331.29         ,
27 ,    325 ,     8 ,    0 ,     324 ,     52650 ,    960 ,    2390.96         ,
27 ,    335 ,     8 ,    0 ,     334 ,     55945 ,    978 ,    3137.15         ,
27 ,    345 ,     8 ,    0 ,     344 ,     59340 ,    1002 ,    2684.3         ,
27 ,    355 ,     8 ,    0 ,     354 ,     62835 ,    1050 ,    2826.86         ,
27 ,    365 ,     8 ,    0 ,     364 ,     66430 ,    1062 ,    3795.86         ,
27 ,    375 ,     8 ,    0 ,     374 ,     70125 ,    1098 ,    3149.47         ,
27 ,    385 ,     8 ,    0 ,     384 ,     73920 ,    1134 ,    3953.51         ,
27 ,    395 ,     8 ,    0 ,     394 ,     77815 ,    1173 ,    3487.48         ,
27 ,    405 ,     8 ,    0 ,     404 ,     81810 ,    1194 ,    3997.86         ,
27 ,    415 ,     8 ,    0 ,     414 ,     85905 ,    1230 ,    3843.41         ,
27 ,    425 ,     8 ,    0 ,     424 ,     90100 ,    1263 ,    4542.76         ,
27 ,    435 ,     8 ,    0 ,     434 ,     94395 ,    1293 ,    4988.84         ,
27 ,    445 ,     8 ,    0 ,     444 ,     98790 ,    1308 ,    4910.38         ,
27 ,    455 ,     8 ,    0 ,     454 ,     103285 ,    1356 ,    5105.27         ,
27 ,    465 ,     8 ,    0 ,     464 ,     107880 ,    1371 ,    4783.89         ,
27 ,    475 ,     8 ,    0 ,     474 ,     112575 ,    1407 ,    9368.15         ,
27 ,    485 ,     8 ,    0 ,     484 ,     117370 ,    1440 ,    6371.88         ,
27 ,    495 ,     8 ,    0 ,     494 ,     122265 ,    1464 ,    6377.05         ,
27 ,    505 ,     8 ,    0 ,     504 ,     127260 ,    1491 ,    5944.63         ,
27 ,    515 ,     8 ,    0 ,     514 ,     132355 ,    1521 ,    6046.71         ,
27 ,    525 ,     8 ,    0 ,     524 ,     137550 ,    1554 ,    6554.19         ,
27 ,    535 ,     8 ,    0 ,     534 ,     142845 ,    1590 ,    6882.31         ,
27 ,    545 ,     8 ,    0 ,     544 ,     148240 ,    1629 ,    7022.66         ,
27 ,    555 ,     8 ,    0 ,     554 ,     153735 ,    1644 ,    7213.91         ,
27 ,    565 ,     8 ,    0 ,     564 ,     159330 ,    1659 ,    7090.68         ,
27 ,    575 ,     8 ,    0 ,     574 ,     165025 ,    1704 ,    7618.76         ,
27 ,    585 ,     8 ,    0 ,     584 ,     170820 ,    1734 ,    7989.29         ,
27 ,    595 ,     8 ,    0 ,     594 ,     176715 ,    1764 ,    8196.84         ,
27 ,    605 ,     8 ,    0 ,     604 ,     182710 ,    1794 ,    9203.96         ,
27 ,    615 ,     8 ,    0 ,     614 ,     188805 ,    1824 ,    11764.4         ,
27 ,    625 ,     8 ,    0 ,     624 ,     195000 ,    1851 ,    9422.74         ,
27 ,    635 ,     8 ,    0 ,     634 ,     201295 ,    1881 ,    10773         ,
27 ,    645 ,     8 ,    0 ,     644 ,     207690 ,    1920 ,    9674.75         ,
27 ,    655 ,     8 ,    0 ,     654 ,     214185 ,    1938 ,    10309.5         ,
27 ,    665 ,     8 ,    0 ,     664 ,     220780 ,    1974 ,    10373.5         ,
27 ,    675 ,     8 ,    0 ,     674 ,     227475 ,    2013 ,    10543.4         ,
27 ,    685 ,     8 ,    0 ,     684 ,     234270 ,    2031 ,    13012.8         ,
27 ,    695 ,     8 ,    0 ,     694 ,     241165 ,    2064 ,    10891.5         ,
27 ,    705 ,     8 ,    0 ,     704 ,     248160 ,    2094 ,    11545.9         ,
27 ,    715 ,     8 ,    0 ,     714 ,     255255 ,    2115 ,    14830.8         ,
27 ,    725 ,     8 ,    0 ,     724 ,     262450 ,    2160 ,    12381.3         ,
27 ,    735 ,     8 ,    0 ,     734 ,     269745 ,    2181 ,    12425.1         ,
27 ,    745 ,     8 ,    0 ,     744 ,     277140 ,    2217 ,    12478.2         ,
27 ,    755 ,     8 ,    0 ,     754 ,     284635 ,    2247 ,    13826.4         ,
27 ,    765 ,     8 ,    0 ,     764 ,     292230 ,    2277 ,    15588         ,
27 ,    775 ,     8 ,    0 ,     774 ,     299925 ,    2310 ,    15735.3         ,
27 ,    785 ,     8 ,    0 ,     784 ,     307720 ,    2337 ,    13305.6         ,
27 ,    795 ,     8 ,    0 ,     794 ,     315615 ,    2376 ,    13992.7         ,
27 ,    805 ,     8 ,    0 ,     804 ,     323610 ,    2403 ,    14974.6         ,
27 ,    815 ,     8 ,    0 ,     814 ,     331705 ,    2421 ,    14365.9         ,
27 ,    825 ,     8 ,    0 ,     824 ,     339900 ,    2451 ,    14487.5         ,
27 ,    835 ,     8 ,    0 ,     834 ,     348195 ,    2478 ,    17471.5         ,
27 ,    845 ,     8 ,    0 ,     844 ,     356590 ,    2520 ,    14798         ,
27 ,    855 ,     8 ,    0 ,     854 ,     365085 ,    2547 ,    17534         ,
27 ,    865 ,     8 ,    0 ,     864 ,     373680 ,    2568 ,    15354.1         ,
27 ,    875 ,     8 ,    0 ,     874 ,     382375 ,    2604 ,    14547.3         ,
27 ,    885 ,     8 ,    0 ,     884 ,     391170 ,    2634 ,    15811.9         ,
27 ,    895 ,     8 ,    0 ,     894 ,     400065 ,    2676 ,    15771.2         ,
27 ,    905 ,     8 ,    0 ,     904 ,     409060 ,    2676 ,    14930.5         ,
27 ,    915 ,     8 ,    0 ,     914 ,     418155 ,    2727 ,    16401.4         ,
27 ,    925 ,     8 ,    0 ,     924 ,     427350 ,    2763 ,    16391.7         ,
27 ,    935 ,     8 ,    0 ,     934 ,     436645 ,    2778 ,    17334.2         ,
27 ,    945 ,     8 ,    0 ,     944 ,     446040 ,    2820 ,    22167.8         ,
27 ,    955 ,     8 ,    0 ,     954 ,     455535 ,    2847 ,    17058.9         ,
27 ,    965 ,     8 ,    0 ,     964 ,     465130 ,    2865 ,    16350.1         ,
27 ,    975 ,     8 ,    0 ,     974 ,     474825 ,    2898 ,    17918.4         ,
27 ,    985 ,     8 ,    0 ,     984 ,     484620 ,    2934 ,    19088.6         ,
27 ,    995 ,     8 ,    0 ,     994 ,     494515 ,    2970 ,    18329.3         ,


