SEED ,  SIZE ,  ALG ,  TYPE ,  CALLS ,  CMP ,     MOVE ,    TIME              ,
27 ,    5 ,     h ,    0 ,     1 ,     11 ,    18 ,    4         ,
27 ,    45 ,     h ,    0 ,     1 ,     266 ,    450 ,    40         ,
27 ,    85 ,     h ,    0 ,     1 ,     712 ,    1141 ,    103         ,
27 ,    125 ,     h ,    0 ,     1 ,     1072 ,    1703 ,    155         ,
27 ,    165 ,     h ,    0 ,     1 ,     1723 ,    2717 ,    243         ,
27 ,    205 ,     h ,    0 ,     1 ,     2106 ,    3341 ,    297         ,
27 ,    245 ,     h ,    0 ,     1 ,     2584 ,    4060 ,    373         ,
27 ,    285 ,     h ,    0 ,     1 ,     3348 ,    5348 ,    470         ,
27 ,    325 ,     h ,    0 ,     1 ,     4210 ,    6489 ,    576         ,
27 ,    365 ,     h ,    0 ,     1 ,     4428 ,    6989 ,    629         ,
27 ,    405 ,     h ,    0 ,     1 ,     5090 ,    7930 ,    723         ,
27 ,    445 ,     h ,    0 ,     1 ,     5688 ,    8810 ,    805         ,
27 ,    485 ,     h ,    0 ,     1 ,     6217 ,    9618 ,    1014         ,
27 ,    525 ,     h ,    0 ,     1 ,     8596 ,    12800 ,    1116         ,
27 ,    565 ,     h ,    0 ,     1 ,     8429 ,    12954 ,    1157         ,
27 ,    605 ,     h ,    0 ,     1 ,     8738 ,    13584 ,    1208         ,
27 ,    645 ,     h ,    0 ,     1 ,     10398 ,    15562 ,    1375         ,
27 ,    685 ,     h ,    0 ,     1 ,     10099 ,    15585 ,    1413         ,
27 ,    725 ,     h ,    0 ,     1 ,     10183 ,    15989 ,    1414         ,
27 ,    765 ,     h ,    0 ,     1 ,     11013 ,    17141 ,    1544         ,
27 ,    805 ,     h ,    0 ,     1 ,     12468 ,    18913 ,    1705         ,
27 ,    845 ,     h ,    0 ,     1 ,     13302 ,    20068 ,    1933         ,
27 ,    885 ,     h ,    0 ,     1 ,     12931 ,    20018 ,    1809         ,
27 ,    925 ,     h ,    0 ,     1 ,     14283 ,    21690 ,    1958         ,
27 ,    965 ,     h ,    0 ,     1 ,     15288 ,    23014 ,    2070         ,
27 ,    1005 ,     h ,    0 ,     1 ,     16200 ,    24248 ,    2207         ,
27 ,    1045 ,     h ,    0 ,     1 ,     18734 ,    28143 ,    2469         ,
27 ,    1085 ,     h ,    0 ,     1 ,     17919 ,    27690 ,    2538         ,
27 ,    1125 ,     h ,    0 ,     1 ,     18816 ,    28946 ,    2555         ,
27 ,    1165 ,     h ,    0 ,     1 ,     19764 ,    30254 ,    2666         ,
27 ,    1205 ,     h ,    0 ,     1 ,     20480 ,    31331 ,    2879         ,
27 ,    1245 ,     h ,    0 ,     1 ,     19891 ,    31103 ,    2760         ,
27 ,    1285 ,     h ,    0 ,     1 ,     26917 ,    38486 ,    3489         ,
27 ,    1325 ,     h ,    0 ,     1 ,     22406 ,    34337 ,    3064         ,
27 ,    1365 ,     h ,    0 ,     1 ,     22902 ,    35193 ,    3148         ,
27 ,    1405 ,     h ,    0 ,     1 ,     23522 ,    36175 ,    5504         ,
27 ,    1445 ,     h ,    0 ,     1 ,     23810 ,    36821 ,    3290         ,
27 ,    1485 ,     h ,    0 ,     1 ,     26960 ,    40332 ,    3618         ,
27 ,    1525 ,     h ,    0 ,     1 ,     25295 ,    39028 ,    3551         ,
27 ,    1565 ,     h ,    0 ,     1 ,     31131 ,    45222 ,    4612         ,
27 ,    1605 ,     h ,    0 ,     1 ,     29590 ,    44040 ,    4035         ,
27 ,    1645 ,     h ,    0 ,     1 ,     29837 ,    44649 ,    10068         ,
27 ,    1685 ,     h ,    0 ,     1 ,     29578 ,    44749 ,    3997         ,
27 ,    1725 ,     h ,    0 ,     1 ,     30087 ,    45620 ,    4252         ,
27 ,    1765 ,     h ,    0 ,     1 ,     31313 ,    47205 ,    4461         ,
27 ,    1805 ,     h ,    0 ,     1 ,     37312 ,    53563 ,    5262         ,
27 ,    1845 ,     h ,    0 ,     1 ,     33170 ,    49782 ,    4575         ,
27 ,    1885 ,     h ,    0 ,     1 ,     32619 ,    49592 ,    4476         ,
27 ,    1925 ,     h ,    0 ,     1 ,     37020 ,    54351 ,    5464         ,
27 ,    1965 ,     h ,    0 ,     1 ,     35678 ,    53371 ,    5057         ,
27 ,    2005 ,     h ,    0 ,     1 ,     36878 ,    54931 ,    4958         ,
27 ,    2045 ,     h ,    0 ,     1 ,     37744 ,    56159 ,    5130         ,
27 ,    2085 ,     h ,    0 ,     1 ,     44361 ,    65215 ,    5789         ,
27 ,    2125 ,     h ,    0 ,     1 ,     41294 ,    62549 ,    5486         ,
27 ,    2165 ,     h ,    0 ,     1 ,     41187 ,    62843 ,    5575         ,
27 ,    2205 ,     h ,    0 ,     1 ,     41418 ,    63474 ,    5694         ,
27 ,    2245 ,     h ,    0 ,     1 ,     43128 ,    65583 ,    5916         ,
27 ,    2285 ,     h ,    0 ,     1 ,     42876 ,    65733 ,    6081         ,
27 ,    2325 ,     h ,    0 ,     1 ,     46514 ,    69769 ,    6613         ,
27 ,    2365 ,     h ,    0 ,     1 ,     46913 ,    70570 ,    6345         ,
27 ,    2405 ,     h ,    0 ,     1 ,     46030 ,    70086 ,    6311         ,
27 ,    2445 ,     h ,    0 ,     1 ,     49391 ,    73847 ,    6631         ,
27 ,    2485 ,     h ,    0 ,     1 ,     47582 ,    72439 ,    7027         ,
27 ,    2525 ,     h ,    0 ,     1 ,     47120 ,    72378 ,    6651         ,
27 ,    2565 ,     h ,    0 ,     1 ,     68832 ,    94486 ,    8788         ,
27 ,    2605 ,     h ,    0 ,     1 ,     54513 ,    80569 ,    7334         ,
27 ,    2645 ,     h ,    0 ,     1 ,     51747 ,    78203 ,    6998         ,
27 ,    2685 ,     h ,    0 ,     1 ,     51161 ,    78019 ,    7103         ,
27 ,    2725 ,     h ,    0 ,     1 ,     53334 ,    80590 ,    7488         ,
27 ,    2765 ,     h ,    0 ,     1 ,     55785 ,    83442 ,    7429         ,
27 ,    2805 ,     h ,    0 ,     1 ,     54513 ,    82571 ,    7576         ,
27 ,    2845 ,     h ,    0 ,     1 ,     59943 ,    88400 ,    7956         ,
27 ,    2885 ,     h ,    0 ,     1 ,     57651 ,    86507 ,    7864         ,
27 ,    2925 ,     h ,    0 ,     1 ,     55939 ,    85197 ,    7792         ,
27 ,    2965 ,     h ,    0 ,     1 ,     62350 ,    92007 ,    8273         ,
27 ,    3005 ,     h ,    0 ,     1 ,     57130 ,    87189 ,    8139         ,
27 ,    3045 ,     h ,    0 ,     1 ,     58527 ,    88985 ,    8658         ,
27 ,    3085 ,     h ,    0 ,     1 ,     84969 ,    115824 ,    11071         ,
27 ,    3125 ,     h ,    0 ,     1 ,     70473 ,    101729 ,    9171         ,
27 ,    3165 ,     h ,    0 ,     1 ,     65839 ,    97496 ,    8893         ,
27 ,    3205 ,     h ,    0 ,     1 ,     68465 ,    100520 ,    9089         ,
27 ,    3245 ,     h ,    0 ,     1 ,     66632 ,    99089 ,    10835         ,
27 ,    3285 ,     h ,    0 ,     1 ,     69553 ,    102410 ,    9286         ,
27 ,    3325 ,     h ,    0 ,     1 ,     69099 ,    102358 ,    9390         ,
27 ,    3365 ,     h ,    0 ,     1 ,     70914 ,    104570 ,    9429         ,
27 ,    3405 ,     h ,    0 ,     1 ,     73498 ,    107555 ,    9728         ,
27 ,    3445 ,     h ,    0 ,     1 ,     69708 ,    104166 ,    9527         ,
27 ,    3485 ,     h ,    0 ,     1 ,     69127 ,    103985 ,    9367         ,
27 ,    3525 ,     h ,    0 ,     1 ,     74544 ,    109801 ,    9975         ,
27 ,    3565 ,     h ,    0 ,     1 ,     73517 ,    109176 ,    10292         ,
27 ,    3605 ,     h ,    0 ,     1 ,     82879 ,    118935 ,    11776         ,
27 ,    3645 ,     h ,    0 ,     1 ,     76918 ,    113376 ,    14877         ,
27 ,    3685 ,     h ,    0 ,     1 ,     78792 ,    115649 ,    14604         ,
27 ,    3725 ,     h ,    0 ,     1 ,     76804 ,    114061 ,    14461         ,
27 ,    3765 ,     h ,    0 ,     1 ,     75651 ,    113309 ,    14373         ,
27 ,    3805 ,     h ,    0 ,     1 ,     75898 ,    113957 ,    15027         ,
27 ,    3845 ,     h ,    0 ,     1 ,     91342 ,    129798 ,    13789         ,
27 ,    3885 ,     h ,    0 ,     1 ,     83790 ,    122648 ,    11191         ,
27 ,    3925 ,     h ,    0 ,     1 ,     82736 ,    121994 ,    11122         ,
27 ,    3965 ,     h ,    0 ,     1 ,     78913 ,    118573 ,    11002         ,
27 ,    4005 ,     h ,    0 ,     1 ,     88078 ,    128136 ,    11747         ,
27 ,    4045 ,     h ,    0 ,     1 ,     87826 ,    128285 ,    11667         ,
27 ,    4085 ,     h ,    0 ,     1 ,     85937 ,    126797 ,    11699         ,
27 ,    4125 ,     h ,    0 ,     1 ,     119563 ,    164943 ,    14430         ,
27 ,    4165 ,     h ,    0 ,     1 ,     100466 ,    146285 ,    13059         ,
27 ,    4205 ,     h ,    0 ,     1 ,     97592 ,    143853 ,    12749         ,
27 ,    4245 ,     h ,    0 ,     1 ,     98043 ,    144743 ,    12813         ,
27 ,    4285 ,     h ,    0 ,     1 ,     92483 ,    139625 ,    12451         ,
27 ,    4325 ,     h ,    0 ,     1 ,     100243 ,    147824 ,    13099         ,
27 ,    4365 ,     h ,    0 ,     1 ,     106041 ,    154061 ,    13586         ,
27 ,    4405 ,     h ,    0 ,     1 ,     95417 ,    143878 ,    12964         ,
27 ,    4445 ,     h ,    0 ,     1 ,     100239 ,    149141 ,    13526         ,
27 ,    4485 ,     h ,    0 ,     1 ,     100831 ,    150171 ,    15921         ,
27 ,    4525 ,     h ,    0 ,     1 ,     99333 ,    149115 ,    14402         ,
27 ,    4565 ,     h ,    0 ,     1 ,     97692 ,    147914 ,    13764         ,
27 ,    4605 ,     h ,    0 ,     1 ,     100814 ,    151478 ,    13660         ,
27 ,    4645 ,     h ,    0 ,     1 ,     107441 ,    158541 ,    14222         ,
27 ,    4685 ,     h ,    0 ,     1 ,     105309 ,    156850 ,    14019         ,
27 ,    4725 ,     h ,    0 ,     1 ,     106862 ,    158844 ,    14162         ,
27 ,    4765 ,     h ,    0 ,     1 ,     103921 ,    156343 ,    13966         ,
27 ,    4805 ,     h ,    0 ,     1 ,     111289 ,    164150 ,    14675         ,
27 ,    4845 ,     h ,    0 ,     1 ,     105954 ,    159257 ,    14395         ,
27 ,    4885 ,     h ,    0 ,     1 ,     115968 ,    169709 ,    15263         ,
27 ,    4925 ,     h ,    0 ,     1 ,     107710 ,    161893 ,    14468         ,
27 ,    4965 ,     h ,    0 ,     1 ,     107635 ,    162257 ,    14616         ,
27 ,    5 ,     h ,    1 ,     1 ,     7 ,    14 ,    3         ,
27 ,    45 ,     h ,    1 ,     1 ,     184 ,    368 ,    23         ,
27 ,    85 ,     h ,    1 ,     1 ,     429 ,    858 ,    53         ,
27 ,    125 ,     h ,    1 ,     1 ,     631 ,    1262 ,    79         ,
27 ,    165 ,     h ,    1 ,     1 ,     994 ,    1988 ,    121         ,
27 ,    205 ,     h ,    1 ,     1 ,     1235 ,    2470 ,    151         ,
27 ,    245 ,     h ,    1 ,     1 ,     1476 ,    2952 ,    182         ,
27 ,    285 ,     h ,    1 ,     1 ,     2000 ,    4000 ,    243         ,
27 ,    325 ,     h ,    1 ,     1 ,     2279 ,    4558 ,    276         ,
27 ,    365 ,     h ,    1 ,     1 ,     2561 ,    5122 ,    313         ,
27 ,    405 ,     h ,    1 ,     1 ,     2840 ,    5680 ,    347         ,
27 ,    445 ,     h ,    1 ,     1 ,     3122 ,    6244 ,    380         ,
27 ,    485 ,     h ,    1 ,     1 ,     3401 ,    6802 ,    413         ,
27 ,    525 ,     h ,    1 ,     1 ,     4204 ,    8408 ,    512         ,
27 ,    565 ,     h ,    1 ,     1 ,     4525 ,    9050 ,    558         ,
27 ,    605 ,     h ,    1 ,     1 ,     4846 ,    9692 ,    594         ,
27 ,    645 ,     h ,    1 ,     1 ,     5164 ,    10328 ,    629         ,
27 ,    685 ,     h ,    1 ,     1 ,     5486 ,    10972 ,    666         ,
27 ,    725 ,     h ,    1 ,     1 ,     5806 ,    11612 ,    709         ,
27 ,    765 ,     h ,    1 ,     1 ,     6128 ,    12256 ,    750         ,
27 ,    805 ,     h ,    1 ,     1 ,     6445 ,    12890 ,    792         ,
27 ,    845 ,     h ,    1 ,     1 ,     6766 ,    13532 ,    828         ,
27 ,    885 ,     h ,    1 ,     1 ,     7087 ,    14174 ,    966         ,
27 ,    925 ,     h ,    1 ,     1 ,     7407 ,    14814 ,    904         ,
27 ,    965 ,     h ,    1 ,     1 ,     7726 ,    15452 ,    943         ,
27 ,    1005 ,     h ,    1 ,     1 ,     8048 ,    16096 ,    981         ,
27 ,    1045 ,     h ,    1 ,     1 ,     9409 ,    18818 ,    1147         ,
27 ,    1085 ,     h ,    1 ,     1 ,     9771 ,    19542 ,    1199         ,
27 ,    1125 ,     h ,    1 ,     1 ,     10130 ,    20260 ,    1335         ,
27 ,    1165 ,     h ,    1 ,     1 ,     10490 ,    20980 ,    1277         ,
27 ,    1205 ,     h ,    1 ,     1 ,     10851 ,    21702 ,    1323         ,
27 ,    1245 ,     h ,    1 ,     1 ,     11212 ,    22424 ,    1368         ,
27 ,    1285 ,     h ,    1 ,     1 ,     11569 ,    23138 ,    1508         ,
27 ,    1325 ,     h ,    1 ,     1 ,     11931 ,    23862 ,    1461         ,
27 ,    1365 ,     h ,    1 ,     1 ,     12291 ,    24582 ,    1500         ,
27 ,    1405 ,     h ,    1 ,     1 ,     12653 ,    25306 ,    1544         ,
27 ,    1445 ,     h ,    1 ,     1 ,     13011 ,    26022 ,    1587         ,
27 ,    1485 ,     h ,    1 ,     1 ,     13372 ,    26744 ,    2267         ,
27 ,    1525 ,     h ,    1 ,     1 ,     13733 ,    27466 ,    1680         ,
27 ,    1565 ,     h ,    1 ,     1 ,     14091 ,    28182 ,    1995         ,
27 ,    1605 ,     h ,    1 ,     1 ,     14450 ,    28900 ,    1762         ,
27 ,    1645 ,     h ,    1 ,     1 ,     14812 ,    29624 ,    1805         ,
27 ,    1685 ,     h ,    1 ,     1 ,     15171 ,    30342 ,    1956         ,
27 ,    1725 ,     h ,    1 ,     1 ,     15533 ,    31066 ,    1897         ,
27 ,    1765 ,     h ,    1 ,     1 ,     15892 ,    31784 ,    1950         ,
27 ,    1805 ,     h ,    1 ,     1 ,     16251 ,    32502 ,    1987         ,
27 ,    1845 ,     h ,    1 ,     1 ,     16612 ,    33224 ,    2170         ,
27 ,    1885 ,     h ,    1 ,     1 ,     16973 ,    33946 ,    2068         ,
27 ,    1925 ,     h ,    1 ,     1 ,     17331 ,    34662 ,    2118         ,
27 ,    1965 ,     h ,    1 ,     1 ,     17693 ,    35386 ,    2160         ,
27 ,    2005 ,     h ,    1 ,     1 ,     18053 ,    36106 ,    2228         ,
27 ,    2045 ,     h ,    1 ,     1 ,     18415 ,    36830 ,    2625         ,
27 ,    2085 ,     h ,    1 ,     1 ,     20854 ,    41708 ,    2646         ,
27 ,    2125 ,     h ,    1 ,     1 ,     21255 ,    42510 ,    2991         ,
27 ,    2165 ,     h ,    1 ,     1 ,     21656 ,    43312 ,    2649         ,
27 ,    2205 ,     h ,    1 ,     1 ,     22056 ,    44112 ,    2708         ,
27 ,    2245 ,     h ,    1 ,     1 ,     22455 ,    44910 ,    2921         ,
27 ,    2285 ,     h ,    1 ,     1 ,     22857 ,    45714 ,    2794         ,
27 ,    2325 ,     h ,    1 ,     1 ,     23255 ,    46510 ,    2963         ,
27 ,    2365 ,     h ,    1 ,     1 ,     23657 ,    47314 ,    2884         ,
27 ,    2405 ,     h ,    1 ,     1 ,     24056 ,    48112 ,    3048         ,
27 ,    2445 ,     h ,    1 ,     1 ,     24456 ,    48912 ,    2993         ,
27 ,    2485 ,     h ,    1 ,     1 ,     24857 ,    49714 ,    3041         ,
27 ,    2525 ,     h ,    1 ,     1 ,     25258 ,    50516 ,    3075         ,
27 ,    2565 ,     h ,    1 ,     1 ,     25654 ,    51308 ,    3140         ,
27 ,    2605 ,     h ,    1 ,     1 ,     26056 ,    52112 ,    3295         ,
27 ,    2645 ,     h ,    1 ,     1 ,     26456 ,    52912 ,    3243         ,
27 ,    2685 ,     h ,    1 ,     1 ,     26858 ,    53716 ,    3384         ,
27 ,    2725 ,     h ,    1 ,     1 ,     27256 ,    54512 ,    3332         ,
27 ,    2765 ,     h ,    1 ,     1 ,     27657 ,    55314 ,    3556         ,
27 ,    2805 ,     h ,    1 ,     1 ,     28058 ,    56116 ,    3423         ,
27 ,    2845 ,     h ,    1 ,     1 ,     28457 ,    56914 ,    3580         ,
27 ,    2885 ,     h ,    1 ,     1 ,     28856 ,    57712 ,    3526         ,
27 ,    2925 ,     h ,    1 ,     1 ,     29258 ,    58516 ,    3691         ,
27 ,    2965 ,     h ,    1 ,     1 ,     29657 ,    59314 ,    3614         ,
27 ,    3005 ,     h ,    1 ,     1 ,     30059 ,    60118 ,    3857         ,
27 ,    3045 ,     h ,    1 ,     1 ,     30458 ,    60916 ,    3721         ,
27 ,    3085 ,     h ,    1 ,     1 ,     30855 ,    61710 ,    3896         ,
27 ,    3125 ,     h ,    1 ,     1 ,     31256 ,    62512 ,    3818         ,
27 ,    3165 ,     h ,    1 ,     1 ,     31657 ,    63314 ,    3907         ,
27 ,    3205 ,     h ,    1 ,     1 ,     32055 ,    64110 ,    3927         ,
27 ,    3245 ,     h ,    1 ,     1 ,     32457 ,    64914 ,    3964         ,
27 ,    3285 ,     h ,    1 ,     1 ,     32857 ,    65714 ,    4119         ,
27 ,    3325 ,     h ,    1 ,     1 ,     33259 ,    66518 ,    4064         ,
27 ,    3365 ,     h ,    1 ,     1 ,     33656 ,    67312 ,    4439         ,
27 ,    3405 ,     h ,    1 ,     1 ,     34057 ,    68114 ,    4168         ,
27 ,    3445 ,     h ,    1 ,     1 ,     34458 ,    68916 ,    4700         ,
27 ,    3485 ,     h ,    1 ,     1 ,     34858 ,    69716 ,    4377         ,
27 ,    3525 ,     h ,    1 ,     1 ,     35257 ,    70514 ,    4312         ,
27 ,    3565 ,     h ,    1 ,     1 ,     35659 ,    71318 ,    4462         ,
27 ,    3605 ,     h ,    1 ,     1 ,     36056 ,    72112 ,    6344         ,
27 ,    3645 ,     h ,    1 ,     1 ,     36458 ,    72916 ,    4964         ,
27 ,    3685 ,     h ,    1 ,     1 ,     36857 ,    73714 ,    4525         ,
27 ,    3725 ,     h ,    1 ,     1 ,     37257 ,    74514 ,    4679         ,
27 ,    3765 ,     h ,    1 ,     1 ,     37658 ,    75316 ,    4706         ,
27 ,    3805 ,     h ,    1 ,     1 ,     38059 ,    76118 ,    4655         ,
27 ,    3845 ,     h ,    1 ,     1 ,     38456 ,    76912 ,    4726         ,
27 ,    3885 ,     h ,    1 ,     1 ,     38858 ,    77716 ,    5163         ,
27 ,    3925 ,     h ,    1 ,     1 ,     39258 ,    78516 ,    4796         ,
27 ,    3965 ,     h ,    1 ,     1 ,     39660 ,    79320 ,    5001         ,
27 ,    4005 ,     h ,    1 ,     1 ,     40058 ,    80116 ,    4997         ,
27 ,    4045 ,     h ,    1 ,     1 ,     40459 ,    80918 ,    4944         ,
27 ,    4085 ,     h ,    1 ,     1 ,     40860 ,    81720 ,    5011         ,
27 ,    4125 ,     h ,    1 ,     1 ,     45380 ,    90760 ,    5662         ,
27 ,    4165 ,     h ,    1 ,     1 ,     45819 ,    91638 ,    5707         ,
27 ,    4205 ,     h ,    1 ,     1 ,     46261 ,    92522 ,    5779         ,
27 ,    4245 ,     h ,    1 ,     1 ,     46700 ,    93400 ,    6110         ,
27 ,    4285 ,     h ,    1 ,     1 ,     47142 ,    94284 ,    5882         ,
27 ,    4325 ,     h ,    1 ,     1 ,     47581 ,    95162 ,    5931         ,
27 ,    4365 ,     h ,    1 ,     1 ,     48020 ,    96040 ,    5878         ,
27 ,    4405 ,     h ,    1 ,     1 ,     48461 ,    96922 ,    5959         ,
27 ,    4445 ,     h ,    1 ,     1 ,     48902 ,    97804 ,    5989         ,
27 ,    4485 ,     h ,    1 ,     1 ,     49340 ,    98680 ,    6069         ,
27 ,    4525 ,     h ,    1 ,     1 ,     49782 ,    99564 ,    6275         ,
27 ,    4565 ,     h ,    1 ,     1 ,     50222 ,    100444 ,    6248         ,
27 ,    4605 ,     h ,    1 ,     1 ,     50664 ,    101328 ,    6343         ,
27 ,    4645 ,     h ,    1 ,     1 ,     51100 ,    102200 ,    6365         ,
27 ,    4685 ,     h ,    1 ,     1 ,     51541 ,    103082 ,    6692         ,
27 ,    4725 ,     h ,    1 ,     1 ,     51982 ,    103964 ,    6488         ,
27 ,    4765 ,     h ,    1 ,     1 ,     52422 ,    104844 ,    6540         ,
27 ,    4805 ,     h ,    1 ,     1 ,     52861 ,    105722 ,    6582         ,
27 ,    4845 ,     h ,    1 ,     1 ,     53303 ,    106606 ,    6623         ,
27 ,    4885 ,     h ,    1 ,     1 ,     53741 ,    107482 ,    6591         ,
27 ,    4925 ,     h ,    1 ,     1 ,     54183 ,    108366 ,    6730         ,
27 ,    4965 ,     h ,    1 ,     1 ,     54622 ,    109244 ,    6804         ,
27 ,    5 ,     h ,    2 ,     1 ,     11 ,    18 ,    3         ,
27 ,    45 ,     h ,    2 ,     1 ,     280 ,    464 ,    34         ,
27 ,    85 ,     h ,    2 ,     1 ,     657 ,    1086 ,    75         ,
27 ,    125 ,     h ,    2 ,     1 ,     1031 ,    1662 ,    122         ,
27 ,    165 ,     h ,    2 ,     1 ,     1526 ,    2520 ,    167         ,
27 ,    205 ,     h ,    2 ,     1 ,     1859 ,    3094 ,    211         ,
27 ,    245 ,     h ,    2 ,     1 ,     2392 ,    3868 ,    265         ,
27 ,    285 ,     h ,    2 ,     1 ,     3088 ,    5088 ,    351         ,
27 ,    325 ,     h ,    2 ,     1 ,     3499 ,    5778 ,    388         ,
27 ,    365 ,     h ,    2 ,     1 ,     3873 ,    6434 ,    426         ,
27 ,    405 ,     h ,    2 ,     1 ,     4284 ,    7124 ,    475         ,
27 ,    445 ,     h ,    2 ,     1 ,     4738 ,    7860 ,    537         ,
27 ,    485 ,     h ,    2 ,     1 ,     5469 ,    8870 ,    602         ,
27 ,    525 ,     h ,    2 ,     1 ,     6044 ,    10248 ,    669         ,
27 ,    565 ,     h ,    2 ,     1 ,     6977 ,    11502 ,    782         ,
27 ,    605 ,     h ,    2 ,     1 ,     7150 ,    11996 ,    906         ,
27 ,    645 ,     h ,    2 ,     1 ,     7920 ,    13084 ,    858         ,
27 ,    685 ,     h ,    2 ,     1 ,     8334 ,    13820 ,    916         ,
27 ,    725 ,     h ,    2 ,     1 ,     8786 ,    14592 ,    961         ,
27 ,    765 ,     h ,    2 ,     1 ,     9280 ,    15408 ,    1035         ,
27 ,    805 ,     h ,    2 ,     1 ,     9729 ,    16174 ,    1081         ,
27 ,    845 ,     h ,    2 ,     1 ,     10782 ,    17548 ,    1179         ,
27 ,    885 ,     h ,    2 ,     1 ,     10755 ,    17842 ,    1194         ,
27 ,    925 ,     h ,    2 ,     1 ,     11503 ,    18910 ,    1256         ,
27 ,    965 ,     h ,    2 ,     1 ,     12338 ,    20064 ,    1348         ,
27 ,    1005 ,     h ,    2 ,     1 ,     12752 ,    20800 ,    1392         ,
27 ,    1045 ,     h ,    2 ,     1 ,     13605 ,    23014 ,    1599         ,
27 ,    1085 ,     h ,    2 ,     1 ,     14139 ,    23910 ,    1577         ,
27 ,    1125 ,     h ,    2 ,     1 ,     15590 ,    25720 ,    1716         ,
27 ,    1165 ,     h ,    2 ,     1 ,     15978 ,    26468 ,    1775         ,
27 ,    1205 ,     h ,    2 ,     1 ,     16055 ,    26906 ,    1768         ,
27 ,    1245 ,     h ,    2 ,     1 ,     17164 ,    28376 ,    1990         ,
27 ,    1285 ,     h ,    2 ,     1 ,     17717 ,    29286 ,    1942         ,
27 ,    1325 ,     h ,    2 ,     1 ,     18171 ,    30102 ,    1978         ,
27 ,    1365 ,     h ,    2 ,     1 ,     18663 ,    30954 ,    2134         ,
27 ,    1405 ,     h ,    2 ,     1 ,     19197 ,    31850 ,    2119         ,
27 ,    1445 ,     h ,    2 ,     1 ,     19687 ,    32698 ,    2145         ,
27 ,    1485 ,     h ,    2 ,     1 ,     20396 ,    33768 ,    2236         ,
27 ,    1525 ,     h ,    2 ,     1 ,     20793 ,    34526 ,    2300         ,
27 ,    1565 ,     h ,    2 ,     1 ,     22603 ,    36694 ,    2521         ,
27 ,    1605 ,     h ,    2 ,     1 ,     21814 ,    36264 ,    2389         ,
27 ,    1645 ,     h ,    2 ,     1 ,     22268 ,    37080 ,    2453         ,
27 ,    1685 ,     h ,    2 ,     1 ,     24039 ,    39210 ,    2620         ,
27 ,    1725 ,     h ,    2 ,     1 ,     24573 ,    40106 ,    2684         ,
27 ,    1765 ,     h ,    2 ,     1 ,     24104 ,    39996 ,    2766         ,
27 ,    1805 ,     h ,    2 ,     1 ,     25515 ,    41766 ,    2753         ,
27 ,    1845 ,     h ,    2 ,     1 ,     25720 ,    42332 ,    2889         ,
27 ,    1885 ,     h ,    2 ,     1 ,     26701 ,    43674 ,    2899         ,
27 ,    1925 ,     h ,    2 ,     1 ,     27511 ,    44842 ,    3615         ,
27 ,    1965 ,     h ,    2 ,     1 ,     27965 ,    45658 ,    3130         ,
27 ,    2005 ,     h ,    2 ,     1 ,     28457 ,    46510 ,    3131         ,
27 ,    2045 ,     h ,    2 ,     1 ,     28991 ,    47406 ,    3283         ,
27 ,    2085 ,     h ,    2 ,     1 ,     30282 ,    51136 ,    3338         ,
27 ,    2125 ,     h ,    2 ,     1 ,     32695 ,    53950 ,    3582         ,
27 ,    2165 ,     h ,    2 ,     1 ,     31468 ,    53124 ,    3583         ,
27 ,    2205 ,     h ,    2 ,     1 ,     32296 ,    54352 ,    3665         ,
27 ,    2245 ,     h ,    2 ,     1 ,     34491 ,    56946 ,    3826         ,
27 ,    2285 ,     h ,    2 ,     1 ,     34985 ,    57842 ,    3864         ,
27 ,    2325 ,     h ,    2 ,     1 ,     35387 ,    58642 ,    3946         ,
27 ,    2365 ,     h ,    2 ,     1 ,     35961 ,    59618 ,    3956         ,
27 ,    2405 ,     h ,    2 ,     1 ,     35660 ,    59716 ,    3915         ,
27 ,    2445 ,     h ,    2 ,     1 ,     36088 ,    60544 ,    4083         ,
27 ,    2485 ,     h ,    2 ,     1 ,     37997 ,    62854 ,    4167         ,
27 ,    2525 ,     h ,    2 ,     1 ,     37354 ,    62612 ,    4238         ,
27 ,    2565 ,     h ,    2 ,     1 ,     39226 ,    64880 ,    4227         ,
27 ,    2605 ,     h ,    2 ,     1 ,     39720 ,    65776 ,    4413         ,
27 ,    2645 ,     h ,    2 ,     1 ,     40252 ,    66708 ,    4379         ,
27 ,    2685 ,     h ,    2 ,     1 ,     40826 ,    67684 ,    4454         ,
27 ,    2725 ,     h ,    2 ,     1 ,     41356 ,    68612 ,    4875         ,
27 ,    2765 ,     h ,    2 ,     1 ,     41849 ,    69506 ,    4731         ,
27 ,    2805 ,     h ,    2 ,     1 ,     42542 ,    70600 ,    4681         ,
27 ,    2845 ,     h ,    2 ,     1 ,     43625 ,    72082 ,    4733         ,
27 ,    2885 ,     h ,    2 ,     1 ,     43644 ,    72500 ,    4760         ,
27 ,    2925 ,     h ,    2 ,     1 ,     44138 ,    73396 ,    4858         ,
27 ,    2965 ,     h ,    2 ,     1 ,     45181 ,    74838 ,    5178         ,
27 ,    3005 ,     h ,    2 ,     1 ,     45755 ,    75814 ,    6982         ,
27 ,    3045 ,     h ,    2 ,     1 ,     46094 ,    76552 ,    6955         ,
27 ,    3085 ,     h ,    2 ,     1 ,     46263 ,    77118 ,    6346         ,
27 ,    3125 ,     h ,    2 ,     1 ,     49836 ,    81092 ,    5978         ,
27 ,    3165 ,     h ,    2 ,     1 ,     47529 ,    79186 ,    5393         ,
27 ,    3205 ,     h ,    2 ,     1 ,     48379 ,    80434 ,    5570         ,
27 ,    3245 ,     h ,    2 ,     1 ,     48873 ,    81330 ,    5338         ,
27 ,    3285 ,     h ,    2 ,     1 ,     49405 ,    82262 ,    5519         ,
27 ,    3325 ,     h ,    2 ,     1 ,     49979 ,    83238 ,    5603         ,
27 ,    3365 ,     h ,    2 ,     1 ,     53068 ,    86724 ,    5836         ,
27 ,    3405 ,     h ,    2 ,     1 ,     51641 ,    85698 ,    5660         ,
27 ,    3445 ,     h ,    2 ,     1 ,     54254 ,    88712 ,    6242         ,
27 ,    3485 ,     h ,    2 ,     1 ,     55082 ,    89940 ,    6134         ,
27 ,    3525 ,     h ,    2 ,     1 ,     53437 ,    88694 ,    6021         ,
27 ,    3565 ,     h ,    2 ,     1 ,     53931 ,    89590 ,    5976         ,
27 ,    3605 ,     h ,    2 ,     1 ,     56380 ,    92436 ,    6586         ,
27 ,    3645 ,     h ,    2 ,     1 ,     56954 ,    93412 ,    6242         ,
27 ,    3685 ,     h ,    2 ,     1 ,     56909 ,    93766 ,    6248         ,
27 ,    3725 ,     h ,    2 ,     1 ,     57337 ,    94594 ,    6351         ,
27 ,    3765 ,     h ,    2 ,     1 ,     58990 ,    96648 ,    6590         ,
27 ,    3805 ,     h ,    2 ,     1 ,     58603 ,    96662 ,    6383         ,
27 ,    3845 ,     h ,    2 ,     1 ,     60732 ,    99188 ,    8853         ,
27 ,    3885 ,     h ,    2 ,     1 ,     61226 ,    100084 ,    6671         ,
27 ,    3925 ,     h ,    2 ,     1 ,     61758 ,    101016 ,    6805         ,
27 ,    3965 ,     h ,    2 ,     1 ,     62332 ,    101992 ,    6887         ,
27 ,    4005 ,     h ,    2 ,     1 ,     62862 ,    102920 ,    6978         ,
27 ,    4045 ,     h ,    2 ,     1 ,     62075 ,    102534 ,    6819         ,
27 ,    4085 ,     h ,    2 ,     1 ,     64048 ,    104908 ,    7325         ,
27 ,    4125 ,     h ,    2 ,     1 ,     70020 ,    115400 ,    7758         ,
27 ,    4165 ,     h ,    2 ,     1 ,     66751 ,    112570 ,    7317         ,
27 ,    4205 ,     h ,    2 ,     1 ,     67285 ,    113546 ,    7491         ,
27 ,    4245 ,     h ,    2 ,     1 ,     71696 ,    118396 ,    7977         ,
27 ,    4285 ,     h ,    2 ,     1 ,     72310 ,    119452 ,    7991         ,
27 ,    4325 ,     h ,    2 ,     1 ,     69361 ,    116942 ,    7739         ,
27 ,    4365 ,     h ,    2 ,     1 ,     73412 ,    121432 ,    8155         ,
27 ,    4405 ,     h ,    2 ,     1 ,     71137 ,    119598 ,    7977         ,
27 ,    4445 ,     h ,    2 ,     1 ,     74758 ,    123660 ,    8383         ,
27 ,    4485 ,     h ,    2 ,     1 ,     75648 ,    124988 ,    8541         ,
27 ,    4525 ,     h ,    2 ,     1 ,     76182 ,    125964 ,    8574         ,
27 ,    4565 ,     h ,    2 ,     1 ,     76754 ,    126976 ,    8744         ,
27 ,    4605 ,     h ,    2 ,     1 ,     77368 ,    128032 ,    8787         ,
27 ,    4645 ,     h ,    2 ,     1 ,     77680 ,    128780 ,    8532         ,
27 ,    4685 ,     h ,    2 ,     1 ,     76549 ,    128090 ,    8453         ,
27 ,    4725 ,     h ,    2 ,     1 ,     78946 ,    130928 ,    8676         ,
27 ,    4765 ,     h ,    2 ,     1 ,     79814 ,    132236 ,    8828         ,
27 ,    4805 ,     h ,    2 ,     1 ,     78465 ,    131326 ,    8798         ,
27 ,    4845 ,     h ,    2 ,     1 ,     78999 ,    132302 ,    8796         ,
27 ,    4885 ,     h ,    2 ,     1 ,     79441 ,    133182 ,    8833         ,
27 ,    4925 ,     h ,    2 ,     1 ,     80055 ,    134238 ,    9051         ,
27 ,    4965 ,     h ,    2 ,     1 ,     83378 ,    138000 ,    9265         ,
27 ,    5 ,     h ,    3 ,     1 ,     10 ,    17 ,    4         ,
27 ,    45 ,     h ,    3 ,     1 ,     211 ,    395 ,    32         ,
27 ,    85 ,     h ,    3 ,     1 ,     485 ,    914 ,    67         ,
27 ,    125 ,     h ,    3 ,     1 ,     709 ,    1340 ,    94         ,
27 ,    165 ,     h ,    3 ,     1 ,     1101 ,    2095 ,    143         ,
27 ,    205 ,     h ,    3 ,     1 ,     1365 ,    2600 ,    177         ,
27 ,    245 ,     h ,    3 ,     1 ,     1622 ,    3098 ,    210         ,
27 ,    285 ,     h ,    3 ,     1 ,     2151 ,    4151 ,    273         ,
27 ,    325 ,     h ,    3 ,     1 ,     2454 ,    4733 ,    311         ,
27 ,    365 ,     h ,    3 ,     1 ,     2795 ,    5356 ,    355         ,
27 ,    405 ,     h ,    3 ,     1 ,     3142 ,    5982 ,    402         ,
27 ,    445 ,     h ,    3 ,     1 ,     3438 ,    6560 ,    440         ,
27 ,    485 ,     h ,    3 ,     1 ,     3734 ,    7135 ,    477         ,
27 ,    525 ,     h ,    3 ,     1 ,     4548 ,    8752 ,    582         ,
27 ,    565 ,     h ,    3 ,     1 ,     4893 ,    9418 ,    615         ,
27 ,    605 ,     h ,    3 ,     1 ,     5234 ,    10080 ,    665         ,
27 ,    645 ,     h ,    3 ,     1 ,     5740 ,    10904 ,    737         ,
27 ,    685 ,     h ,    3 ,     1 ,     5987 ,    11473 ,    769         ,
27 ,    725 ,     h ,    3 ,     1 ,     6321 ,    12127 ,    800         ,
27 ,    765 ,     h ,    3 ,     1 ,     6719 ,    12847 ,    858         ,
27 ,    805 ,     h ,    3 ,     1 ,     6995 ,    13440 ,    900         ,
27 ,    845 ,     h ,    3 ,     1 ,     7379 ,    14145 ,    944         ,
27 ,    885 ,     h ,    3 ,     1 ,     7716 ,    14803 ,    1090         ,
27 ,    925 ,     h ,    3 ,     1 ,     7991 ,    15398 ,    1015         ,
27 ,    965 ,     h ,    3 ,     1 ,     8401 ,    16127 ,    1067         ,
27 ,    1005 ,     h ,    3 ,     1 ,     8659 ,    16707 ,    1092         ,
27 ,    1045 ,     h ,    3 ,     1 ,     10243 ,    19652 ,    1394         ,
27 ,    1085 ,     h ,    3 ,     1 ,     10467 ,    20238 ,    1321         ,
27 ,    1125 ,     h ,    3 ,     1 ,     10844 ,    20974 ,    1379         ,
27 ,    1165 ,     h ,    3 ,     1 ,     11267 ,    21757 ,    1419         ,
27 ,    1205 ,     h ,    3 ,     1 ,     11695 ,    22546 ,    1476         ,
27 ,    1245 ,     h ,    3 ,     1 ,     12038 ,    23250 ,    1520         ,
27 ,    1285 ,     h ,    3 ,     1 ,     12620 ,    24189 ,    1598         ,
27 ,    1325 ,     h ,    3 ,     1 ,     12936 ,    24867 ,    1640         ,
27 ,    1365 ,     h ,    3 ,     1 ,     13266 ,    25557 ,    1672         ,
27 ,    1405 ,     h ,    3 ,     1 ,     13573 ,    26226 ,    1714         ,
27 ,    1445 ,     h ,    3 ,     1 ,     14016 ,    27027 ,    1772         ,
27 ,    1485 ,     h ,    3 ,     1 ,     14417 ,    27789 ,    1817         ,
27 ,    1525 ,     h ,    3 ,     1 ,     14795 ,    28528 ,    1862         ,
27 ,    1565 ,     h ,    3 ,     1 ,     15134 ,    29225 ,    1910         ,
27 ,    1605 ,     h ,    3 ,     1 ,     15758 ,    30208 ,    2000         ,
27 ,    1645 ,     h ,    3 ,     1 ,     15942 ,    30754 ,    2007         ,
27 ,    1685 ,     h ,    3 ,     1 ,     16440 ,    31611 ,    2076         ,
27 ,    1725 ,     h ,    3 ,     1 ,     16693 ,    32226 ,    2104         ,
27 ,    1765 ,     h ,    3 ,     1 ,     17260 ,    33152 ,    2179         ,
27 ,    1805 ,     h ,    3 ,     1 ,     17639 ,    33890 ,    2230         ,
27 ,    1845 ,     h ,    3 ,     1 ,     17862 ,    34474 ,    2355         ,
27 ,    1885 ,     h ,    3 ,     1 ,     18279 ,    35252 ,    2313         ,
27 ,    1925 ,     h ,    3 ,     1 ,     18992 ,    36323 ,    2391         ,
27 ,    1965 ,     h ,    3 ,     1 ,     19019 ,    36712 ,    2395         ,
27 ,    2005 ,     h ,    3 ,     1 ,     19514 ,    37567 ,    2468         ,
27 ,    2045 ,     h ,    3 ,     1 ,     19895 ,    38310 ,    2526         ,
27 ,    2085 ,     h ,    3 ,     1 ,     22484 ,    43338 ,    2846         ,
27 ,    2125 ,     h ,    3 ,     1 ,     22919 ,    44174 ,    2872         ,
27 ,    2165 ,     h ,    3 ,     1 ,     23195 ,    44851 ,    2917         ,
27 ,    2205 ,     h ,    3 ,     1 ,     23729 ,    45785 ,    2991         ,
27 ,    2245 ,     h ,    3 ,     1 ,     24239 ,    46694 ,    3057         ,
27 ,    2285 ,     h ,    3 ,     1 ,     24459 ,    47316 ,    3169         ,
27 ,    2325 ,     h ,    3 ,     1 ,     24889 ,    48144 ,    3232         ,
27 ,    2365 ,     h ,    3 ,     1 ,     25329 ,    48986 ,    3211         ,
27 ,    2405 ,     h ,    3 ,     1 ,     25753 ,    49809 ,    3260         ,
27 ,    2445 ,     h ,    3 ,     1 ,     26341 ,    50797 ,    3415         ,
27 ,    2485 ,     h ,    3 ,     1 ,     26676 ,    51533 ,    3366         ,
27 ,    2525 ,     h ,    3 ,     1 ,     26927 ,    52185 ,    3391         ,
27 ,    2565 ,     h ,    3 ,     1 ,     28466 ,    54120 ,    3555         ,
27 ,    2605 ,     h ,    3 ,     1 ,     27938 ,    53994 ,    3520         ,
27 ,    2645 ,     h ,    3 ,     1 ,     28233 ,    54689 ,    3657         ,
27 ,    2685 ,     h ,    3 ,     1 ,     28672 ,    55530 ,    3621         ,
27 ,    2725 ,     h ,    3 ,     1 ,     29282 ,    56538 ,    3681         ,
27 ,    2765 ,     h ,    3 ,     1 ,     29663 ,    57320 ,    3757         ,
27 ,    2805 ,     h ,    3 ,     1 ,     29926 ,    57984 ,    3911         ,
27 ,    2845 ,     h ,    3 ,     1 ,     30429 ,    58886 ,    3836         ,
27 ,    2885 ,     h ,    3 ,     1 ,     30976 ,    59832 ,    4010         ,
27 ,    2925 ,     h ,    3 ,     1 ,     31260 ,    60518 ,    3961         ,
27 ,    2965 ,     h ,    3 ,     1 ,     31812 ,    61469 ,    4112         ,
27 ,    3005 ,     h ,    3 ,     1 ,     32107 ,    62166 ,    4067         ,
27 ,    3045 ,     h ,    3 ,     1 ,     32774 ,    63232 ,    4240         ,
27 ,    3085 ,     h ,    3 ,     1 ,     33311 ,    64166 ,    4206         ,
27 ,    3125 ,     h ,    3 ,     1 ,     33556 ,    64812 ,    4232         ,
27 ,    3165 ,     h ,    3 ,     1 ,     33798 ,    65455 ,    4506         ,
27 ,    3205 ,     h ,    3 ,     1 ,     34825 ,    66880 ,    4387         ,
27 ,    3245 ,     h ,    3 ,     1 ,     34667 ,    67124 ,    4579         ,
27 ,    3285 ,     h ,    3 ,     1 ,     35125 ,    67982 ,    4548         ,
27 ,    3325 ,     h ,    3 ,     1 ,     35492 ,    68751 ,    4577         ,
27 ,    3365 ,     h ,    3 ,     1 ,     36387 ,    70043 ,    4687         ,
27 ,    3405 ,     h ,    3 ,     1 ,     36541 ,    70598 ,    4741         ,
27 ,    3445 ,     h ,    3 ,     1 ,     37135 ,    71593 ,    5205         ,
27 ,    3485 ,     h ,    3 ,     1 ,     37176 ,    72034 ,    4807         ,
27 ,    3525 ,     h ,    3 ,     1 ,     38032 ,    73289 ,    4788         ,
27 ,    3565 ,     h ,    3 ,     1 ,     38201 ,    73860 ,    4914         ,
27 ,    3605 ,     h ,    3 ,     1 ,     38816 ,    74872 ,    5000         ,
27 ,    3645 ,     h ,    3 ,     1 ,     38935 ,    75393 ,    4907         ,
27 ,    3685 ,     h ,    3 ,     1 ,     39691 ,    76548 ,    5111         ,
27 ,    3725 ,     h ,    3 ,     1 ,     39785 ,    77042 ,    5020         ,
27 ,    3765 ,     h ,    3 ,     1 ,     40362 ,    78020 ,    5096         ,
27 ,    3805 ,     h ,    3 ,     1 ,     40759 ,    78818 ,    5239         ,
27 ,    3845 ,     h ,    3 ,     1 ,     42755 ,    81211 ,    5467         ,
27 ,    3885 ,     h ,    3 ,     1 ,     41638 ,    80496 ,    5423         ,
27 ,    3925 ,     h ,    3 ,     1 ,     42341 ,    81599 ,    5611         ,
27 ,    3965 ,     h ,    3 ,     1 ,     42237 ,    81897 ,    5469         ,
27 ,    4005 ,     h ,    3 ,     1 ,     43297 ,    83355 ,    5780         ,
27 ,    4045 ,     h ,    3 ,     1 ,     43319 ,    83778 ,    5584         ,
27 ,    4085 ,     h ,    3 ,     1 ,     43969 ,    84829 ,    5703         ,
27 ,    4125 ,     h ,    3 ,     1 ,     48431 ,    93811 ,    6356         ,
27 ,    4165 ,     h ,    3 ,     1 ,     49050 ,    94869 ,    6195         ,
27 ,    4205 ,     h ,    3 ,     1 ,     49166 ,    95427 ,    6267         ,
27 ,    4245 ,     h ,    3 ,     1 ,     49844 ,    96544 ,    6373         ,
27 ,    4285 ,     h ,    3 ,     1 ,     49817 ,    96959 ,    6240         ,
27 ,    4325 ,     h ,    3 ,     1 ,     50948 ,    98529 ,    6499         ,
27 ,    4365 ,     h ,    3 ,     1 ,     51597 ,    99617 ,    6472         ,
27 ,    4405 ,     h ,    3 ,     1 ,     51725 ,    100186 ,    6615         ,
27 ,    4445 ,     h ,    3 ,     1 ,     52041 ,    100943 ,    6549         ,
27 ,    4485 ,     h ,    3 ,     1 ,     53225 ,    102565 ,    6708         ,
27 ,    4525 ,     h ,    3 ,     1 ,     53093 ,    102875 ,    6792         ,
27 ,    4565 ,     h ,    3 ,     1 ,     53540 ,    103762 ,    6750         ,
27 ,    4605 ,     h ,    3 ,     1 ,     53735 ,    104399 ,    7023         ,
27 ,    4645 ,     h ,    3 ,     1 ,     54953 ,    106053 ,    10008         ,
27 ,    4685 ,     h ,    3 ,     1 ,     54755 ,    106296 ,    7293         ,
27 ,    4725 ,     h ,    3 ,     1 ,     55593 ,    107575 ,    7024         ,
27 ,    4765 ,     h ,    3 ,     1 ,     55820 ,    108242 ,    7131         ,
27 ,    4805 ,     h ,    3 ,     1 ,     56738 ,    109599 ,    7247         ,
27 ,    4845 ,     h ,    3 ,     1 ,     56818 ,    110121 ,    7150         ,
27 ,    4885 ,     h ,    3 ,     1 ,     57444 ,    111185 ,    7398         ,
27 ,    4925 ,     h ,    3 ,     1 ,     57604 ,    111787 ,    7391         ,
27 ,    4965 ,     h ,    3 ,     1 ,     58247 ,    112869 ,    7310         ,
27 ,    5 ,     h ,    4 ,     1 ,     8 ,    15 ,    3         ,
27 ,    45 ,     h ,    4 ,     1 ,     243 ,    427 ,    37         ,
27 ,    85 ,     h ,    4 ,     1 ,     586 ,    1015 ,    84         ,
27 ,    125 ,     h ,    4 ,     1 ,     809 ,    1440 ,    113         ,
27 ,    165 ,     h ,    4 ,     1 ,     1228 ,    2222 ,    165         ,
27 ,    205 ,     h ,    4 ,     1 ,     1591 ,    2826 ,    219         ,
27 ,    245 ,     h ,    4 ,     1 ,     1884 ,    3360 ,    257         ,
27 ,    285 ,     h ,    4 ,     1 ,     2435 ,    4435 ,    327         ,
27 ,    325 ,     h ,    4 ,     1 ,     2891 ,    5170 ,    392         ,
27 ,    365 ,     h ,    4 ,     1 ,     3154 ,    5715 ,    422         ,
27 ,    405 ,     h ,    4 ,     1 ,     3583 ,    6423 ,    482         ,
27 ,    445 ,     h ,    4 ,     1 ,     3803 ,    6925 ,    513         ,
27 ,    485 ,     h ,    4 ,     1 ,     4323 ,    7724 ,    574         ,
27 ,    525 ,     h ,    4 ,     1 ,     5060 ,    9264 ,    668         ,
27 ,    565 ,     h ,    4 ,     1 ,     5497 ,    10022 ,    823         ,
27 ,    605 ,     h ,    4 ,     1 ,     5791 ,    10637 ,    766         ,
27 ,    645 ,     h ,    4 ,     1 ,     6680 ,    11844 ,    882         ,
27 ,    685 ,     h ,    4 ,     1 ,     6517 ,    12003 ,    857         ,
27 ,    725 ,     h ,    4 ,     1 ,     7186 ,    12992 ,    954         ,
27 ,    765 ,     h ,    4 ,     1 ,     7382 ,    13510 ,    973         ,
27 ,    805 ,     h ,    4 ,     1 ,     7883 ,    14328 ,    1055         ,
27 ,    845 ,     h ,    4 ,     1 ,     8304 ,    15070 ,    1105         ,
27 ,    885 ,     h ,    4 ,     1 ,     8535 ,    15622 ,    1139         ,
27 ,    925 ,     h ,    4 ,     1 ,     9012 ,    16419 ,    1205         ,
27 ,    965 ,     h ,    4 ,     1 ,     9635 ,    17361 ,    1285         ,
27 ,    1005 ,     h ,    4 ,     1 ,     9801 ,    17849 ,    1302         ,
27 ,    1045 ,     h ,    4 ,     1 ,     11355 ,    20764 ,    1504         ,
27 ,    1085 ,     h ,    4 ,     1 ,     11545 ,    21316 ,    1518         ,
27 ,    1125 ,     h ,    4 ,     1 ,     11989 ,    22119 ,    1571         ,
27 ,    1165 ,     h ,    4 ,     1 ,     12620 ,    23110 ,    1668         ,
27 ,    1205 ,     h ,    4 ,     1 ,     13021 ,    23872 ,    1716         ,
27 ,    1245 ,     h ,    4 ,     1 ,     13172 ,    24384 ,    1725         ,
27 ,    1285 ,     h ,    4 ,     1 ,     14592 ,    26161 ,    1913         ,
27 ,    1325 ,     h ,    4 ,     1 ,     14213 ,    26144 ,    1866         ,
27 ,    1365 ,     h ,    4 ,     1 ,     14536 ,    26827 ,    1909         ,
27 ,    1405 ,     h ,    4 ,     1 ,     15039 ,    27692 ,    2078         ,
27 ,    1445 ,     h ,    4 ,     1 ,     16493 ,    29504 ,    2181         ,
27 ,    1485 ,     h ,    4 ,     1 ,     16133 ,    29505 ,    2121         ,
27 ,    1525 ,     h ,    4 ,     1 ,     16499 ,    30232 ,    2183         ,
27 ,    1565 ,     h ,    4 ,     1 ,     17042 ,    31133 ,    2252         ,
27 ,    1605 ,     h ,    4 ,     1 ,     17726 ,    32176 ,    2427         ,
27 ,    1645 ,     h ,    4 ,     1 ,     17780 ,    32592 ,    2347         ,
27 ,    1685 ,     h ,    4 ,     1 ,     18518 ,    33689 ,    2444         ,
27 ,    1725 ,     h ,    4 ,     1 ,     18426 ,    33959 ,    2423         ,
27 ,    1765 ,     h ,    4 ,     1 ,     19321 ,    35213 ,    2561         ,
27 ,    1805 ,     h ,    4 ,     1 ,     19685 ,    35936 ,    2600         ,
27 ,    1845 ,     h ,    4 ,     1 ,     19710 ,    36322 ,    2596         ,
27 ,    1885 ,     h ,    4 ,     1 ,     20162 ,    37135 ,    2650         ,
27 ,    1925 ,     h ,    4 ,     1 ,     21581 ,    38912 ,    2864         ,
27 ,    1965 ,     h ,    4 ,     1 ,     21079 ,    38772 ,    2765         ,
27 ,    2005 ,     h ,    4 ,     1 ,     21689 ,    39742 ,    2873         ,
27 ,    2045 ,     h ,    4 ,     1 ,     21850 ,    40265 ,    2888         ,
27 ,    2085 ,     h ,    4 ,     1 ,     24816 ,    45670 ,    3253         ,
27 ,    2125 ,     h ,    4 ,     1 ,     25219 ,    46474 ,    3313         ,
27 ,    2165 ,     h ,    4 ,     1 ,     25774 ,    47430 ,    3392         ,
27 ,    2205 ,     h ,    4 ,     1 ,     26282 ,    48338 ,    3437         ,
27 ,    2245 ,     h ,    4 ,     1 ,     26886 ,    49341 ,    3544         ,
27 ,    2285 ,     h ,    4 ,     1 ,     26859 ,    49716 ,    3606         ,
27 ,    2325 ,     h ,    4 ,     1 ,     27922 ,    51177 ,    3998         ,
27 ,    2365 ,     h ,    4 ,     1 ,     27630 ,    51287 ,    3628         ,
27 ,    2405 ,     h ,    4 ,     1 ,     28498 ,    52554 ,    3739         ,
27 ,    2445 ,     h ,    4 ,     1 ,     28954 ,    53410 ,    3780         ,
27 ,    2485 ,     h ,    4 ,     1 ,     29121 ,    53978 ,    3815         ,
27 ,    2525 ,     h ,    4 ,     1 ,     29459 ,    54717 ,    3881         ,
27 ,    2565 ,     h ,    4 ,     1 ,     32096 ,    57750 ,    4278         ,
27 ,    2605 ,     h ,    4 ,     1 ,     30656 ,    56712 ,    4095         ,
27 ,    2645 ,     h ,    4 ,     1 ,     31482 ,    57938 ,    4409         ,
27 ,    2685 ,     h ,    4 ,     1 ,     31488 ,    58346 ,    4433         ,
27 ,    2725 ,     h ,    4 ,     1 ,     32412 ,    59668 ,    5529         ,
27 ,    2765 ,     h ,    4 ,     1 ,     32524 ,    60181 ,    6047         ,
27 ,    2805 ,     h ,    4 ,     1 ,     33364 ,    61422 ,    5214         ,
27 ,    2845 ,     h ,    4 ,     1 ,     33546 ,    62003 ,    5024         ,
27 ,    2885 ,     h ,    4 ,     1 ,     34475 ,    63331 ,    6058         ,
27 ,    2925 ,     h ,    4 ,     1 ,     34455 ,    63713 ,    6434         ,
27 ,    2965 ,     h ,    4 ,     1 ,     35232 ,    64889 ,    6823         ,
27 ,    3005 ,     h ,    4 ,     1 ,     34947 ,    65006 ,    6411         ,
27 ,    3045 ,     h ,    4 ,     1 ,     36284 ,    66742 ,    7016         ,
27 ,    3085 ,     h ,    4 ,     1 ,     37657 ,    68512 ,    6927         ,
27 ,    3125 ,     h ,    4 ,     1 ,     37398 ,    68654 ,    7018         ,
27 ,    3165 ,     h ,    4 ,     1 ,     36989 ,    68646 ,    6861         ,
27 ,    3205 ,     h ,    4 ,     1 ,     39120 ,    71175 ,    7953         ,
27 ,    3245 ,     h ,    4 ,     1 ,     38219 ,    70676 ,    6767         ,
27 ,    3285 ,     h ,    4 ,     1 ,     38823 ,    71680 ,    8042         ,
27 ,    3325 ,     h ,    4 ,     1 ,     38736 ,    71995 ,    7574         ,
27 ,    3365 ,     h ,    4 ,     1 ,     40055 ,    73711 ,    8597         ,
27 ,    3405 ,     h ,    4 ,     1 ,     40326 ,    74383 ,    7209         ,
27 ,    3445 ,     h ,    4 ,     1 ,     41346 ,    75804 ,    8193         ,
27 ,    3485 ,     h ,    4 ,     1 ,     41316 ,    76174 ,    6393         ,
27 ,    3525 ,     h ,    4 ,     1 ,     42568 ,    77825 ,    7766         ,
27 ,    3565 ,     h ,    4 ,     1 ,     41698 ,    77357 ,    9543         ,
27 ,    3605 ,     h ,    4 ,     1 ,     43384 ,    79440 ,    8660         ,
27 ,    3645 ,     h ,    4 ,     1 ,     43040 ,    79498 ,    9196         ,
27 ,    3685 ,     h ,    4 ,     1 ,     43884 ,    80741 ,    8399         ,
27 ,    3725 ,     h ,    4 ,     1 ,     44247 ,    81504 ,    7948         ,
27 ,    3765 ,     h ,    4 ,     1 ,     44550 ,    82208 ,    7678         ,
27 ,    3805 ,     h ,    4 ,     1 ,     44614 ,    82673 ,    15405         ,
27 ,    3845 ,     h ,    4 ,     1 ,     47469 ,    85925 ,    11883         ,
27 ,    3885 ,     h ,    4 ,     1 ,     46118 ,    84976 ,    12310         ,
27 ,    3925 ,     h ,    4 ,     1 ,     46700 ,    85958 ,    9019         ,
27 ,    3965 ,     h ,    4 ,     1 ,     46363 ,    86023 ,    8839         ,
27 ,    4005 ,     h ,    4 ,     1 ,     47756 ,    87814 ,    9176         ,
27 ,    4045 ,     h ,    4 ,     1 ,     48470 ,    88929 ,    14514         ,
27 ,    4085 ,     h ,    4 ,     1 ,     48272 ,    89132 ,    9380         ,
27 ,    4125 ,     h ,    4 ,     1 ,     53352 ,    98732 ,    10410         ,
27 ,    4165 ,     h ,    4 ,     1 ,     54330 ,    100149 ,    14988         ,
27 ,    4205 ,     h ,    4 ,     1 ,     53638 ,    99899 ,    12431         ,
27 ,    4245 ,     h ,    4 ,     1 ,     54408 ,    101108 ,    12571         ,
27 ,    4285 ,     h ,    4 ,     1 ,     54408 ,    101550 ,    14904         ,
27 ,    4325 ,     h ,    4 ,     1 ,     56047 ,    103628 ,    10535         ,
27 ,    4365 ,     h ,    4 ,     1 ,     56520 ,    104540 ,    11098         ,
27 ,    4405 ,     h ,    4 ,     1 ,     56776 ,    105237 ,    17916         ,
27 ,    4445 ,     h ,    4 ,     1 ,     56955 ,    105857 ,    9872         ,
27 ,    4485 ,     h ,    4 ,     1 ,     60014 ,    109354 ,    11615         ,
27 ,    4525 ,     h ,    4 ,     1 ,     58270 ,    108052 ,    10931         ,
27 ,    4565 ,     h ,    4 ,     1 ,     58389 ,    108611 ,    12928         ,
27 ,    4605 ,     h ,    4 ,     1 ,     58244 ,    108908 ,    11541         ,
27 ,    4645 ,     h ,    4 ,     1 ,     60641 ,    111741 ,    12927         ,
27 ,    4685 ,     h ,    4 ,     1 ,     60532 ,    112073 ,    15565         ,
27 ,    4725 ,     h ,    4 ,     1 ,     60435 ,    112417 ,    16772         ,
27 ,    4765 ,     h ,    4 ,     1 ,     60755 ,    113177 ,    20079         ,
27 ,    4805 ,     h ,    4 ,     1 ,     63609 ,    116470 ,    13818         ,
27 ,    4845 ,     h ,    4 ,     1 ,     61531 ,    114834 ,    14218         ,
27 ,    4885 ,     h ,    4 ,     1 ,     62911 ,    116652 ,    14166         ,
27 ,    4925 ,     h ,    4 ,     1 ,     63159 ,    117342 ,    12661         ,
27 ,    4965 ,     h ,    4 ,     1 ,     64312 ,    118934 ,    13752         ,


