SEED ,  SIZE ,  ALG ,  TYPE ,  CALLS ,  CMP ,     MOVE ,    TIME              ,
27 ,    5 ,     i ,    0 ,     1 ,     11 ,    15 ,    6         ,
27 ,    45 ,     i ,    0 ,     1 ,     520 ,    564 ,    46         ,
27 ,    85 ,     i ,    0 ,     1 ,     1913 ,    1997 ,    150         ,
27 ,    125 ,     i ,    0 ,     1 ,     3952 ,    4076 ,    1967         ,
27 ,    165 ,     i ,    0 ,     1 ,     6938 ,    7102 ,    527         ,
27 ,    205 ,     i ,    0 ,     1 ,     10709 ,    10913 ,    2613         ,
27 ,    245 ,     i ,    0 ,     1 ,     15547 ,    15791 ,    1151         ,
27 ,    285 ,     i ,    0 ,     1 ,     20253 ,    20537 ,    1495         ,
27 ,    325 ,     i ,    0 ,     1 ,     27447 ,    27771 ,    2014         ,
27 ,    365 ,     i ,    0 ,     1 ,     34906 ,    35270 ,    2727         ,
27 ,    405 ,     i ,    0 ,     1 ,     43483 ,    43887 ,    3238         ,
27 ,    445 ,     i ,    0 ,     1 ,     52112 ,    52556 ,    3970         ,
27 ,    485 ,     i ,    0 ,     1 ,     62568 ,    63052 ,    4534         ,
27 ,    525 ,     i ,    0 ,     1 ,     71588 ,    72112 ,    5264         ,
27 ,    565 ,     i ,    0 ,     1 ,     80602 ,    81166 ,    6120         ,
27 ,    605 ,     i ,    0 ,     1 ,     93671 ,    94275 ,    10086         ,
27 ,    645 ,     i ,    0 ,     1 ,     105874 ,    106518 ,    7801         ,
27 ,    685 ,     i ,    0 ,     1 ,     119009 ,    119693 ,    8807         ,
27 ,    725 ,     i ,    0 ,     1 ,     133268 ,    133992 ,    9808         ,
27 ,    765 ,     i ,    0 ,     1 ,     147817 ,    148581 ,    10880         ,
27 ,    805 ,     i ,    0 ,     1 ,     165016 ,    165820 ,    14088         ,
27 ,    845 ,     i ,    0 ,     1 ,     183655 ,    184499 ,    17333         ,
27 ,    885 ,     i ,    0 ,     1 ,     201034 ,    201918 ,    14554         ,
27 ,    925 ,     i ,    0 ,     1 ,     217185 ,    218109 ,    24377         ,
27 ,    965 ,     i ,    0 ,     1 ,     240046 ,    241010 ,    18648         ,
27 ,    1005 ,     i ,    0 ,     1 ,     260632 ,    261636 ,    23724         ,
27 ,    1045 ,     i ,    0 ,     1 ,     279820 ,    280864 ,    55240         ,
27 ,    1085 ,     i ,    0 ,     1 ,     296563 ,    297647 ,    49466         ,
27 ,    1125 ,     i ,    0 ,     1 ,     317535 ,    318659 ,    46470         ,
27 ,    1165 ,     i ,    0 ,     1 ,     338945 ,    340109 ,    35919         ,
27 ,    1205 ,     i ,    0 ,     1 ,     363211 ,    364415 ,    31029         ,
27 ,    1245 ,     i ,    0 ,     1 ,     389785 ,    391029 ,    51434         ,
27 ,    1285 ,     i ,    0 ,     1 ,     414698 ,    415982 ,    163989         ,
27 ,    1325 ,     i ,    0 ,     1 ,     442726 ,    444050 ,    168451         ,
27 ,    1365 ,     i ,    0 ,     1 ,     472451 ,    473815 ,    51897         ,
27 ,    1405 ,     i ,    0 ,     1 ,     496413 ,    497817 ,    42396         ,
27 ,    1445 ,     i ,    0 ,     1 ,     521145 ,    522589 ,    55186         ,
27 ,    1485 ,     i ,    0 ,     1 ,     551274 ,    552758 ,    41431         ,
27 ,    1525 ,     i ,    0 ,     1 ,     579979 ,    581503 ,    44400         ,
27 ,    1565 ,     i ,    0 ,     1 ,     616169 ,    617733 ,    49836         ,
27 ,    1605 ,     i ,    0 ,     1 ,     647801 ,    649405 ,    50680         ,
27 ,    1645 ,     i ,    0 ,     1 ,     684115 ,    685759 ,    50828         ,
27 ,    1685 ,     i ,    0 ,     1 ,     716426 ,    718110 ,    54758         ,
27 ,    1725 ,     i ,    0 ,     1 ,     748980 ,    750704 ,    55866         ,
27 ,    1765 ,     i ,    0 ,     1 ,     782805 ,    784569 ,    59760         ,
27 ,    1805 ,     i ,    0 ,     1 ,     817979 ,    819783 ,    60792         ,
27 ,    1845 ,     i ,    0 ,     1 ,     856481 ,    858325 ,    66484         ,
27 ,    1885 ,     i ,    0 ,     1 ,     897837 ,    899721 ,    67264         ,
27 ,    1925 ,     i ,    0 ,     1 ,     935716 ,    937640 ,    83243         ,
27 ,    1965 ,     i ,    0 ,     1 ,     972811 ,    974775 ,    70039         ,
27 ,    2005 ,     i ,    0 ,     1 ,     1014443 ,    1016447 ,    73191         ,
27 ,    2045 ,     i ,    0 ,     1 ,     1059456 ,    1061500 ,    82579         ,
27 ,    2085 ,     i ,    0 ,     1 ,     1095829 ,    1097913 ,    79406         ,
27 ,    2125 ,     i ,    0 ,     1 ,     1132995 ,    1135119 ,    139626         ,
27 ,    2165 ,     i ,    0 ,     1 ,     1172639 ,    1174803 ,    88653         ,
27 ,    2205 ,     i ,    0 ,     1 ,     1214886 ,    1217090 ,    92490         ,
27 ,    2245 ,     i ,    0 ,     1 ,     1252463 ,    1254707 ,    90358         ,
27 ,    2285 ,     i ,    0 ,     1 ,     1292827 ,    1295111 ,    97793         ,
27 ,    2325 ,     i ,    0 ,     1 ,     1338434 ,    1340758 ,    97211         ,
27 ,    2365 ,     i ,    0 ,     1 ,     1384315 ,    1386679 ,    102389         ,
27 ,    2405 ,     i ,    0 ,     1 ,     1434656 ,    1437060 ,    103493         ,
27 ,    2445 ,     i ,    0 ,     1 ,     1482910 ,    1485354 ,    108887         ,
27 ,    2485 ,     i ,    0 ,     1 ,     1535798 ,    1538282 ,    112857         ,
27 ,    2525 ,     i ,    0 ,     1 ,     1589623 ,    1592147 ,    116547         ,
27 ,    2565 ,     i ,    0 ,     1 ,     1641176 ,    1643740 ,    120270         ,
27 ,    2605 ,     i ,    0 ,     1 ,     1693439 ,    1696043 ,    125526         ,
27 ,    2645 ,     i ,    0 ,     1 ,     1747983 ,    1750627 ,    130193         ,
27 ,    2685 ,     i ,    0 ,     1 ,     1799144 ,    1801828 ,    133436         ,
27 ,    2725 ,     i ,    0 ,     1 ,     1852344 ,    1855068 ,    137123         ,
27 ,    2765 ,     i ,    0 ,     1 ,     1901627 ,    1904391 ,    140844         ,
27 ,    2805 ,     i ,    0 ,     1 ,     1951753 ,    1954557 ,    142427         ,
27 ,    2845 ,     i ,    0 ,     1 ,     2010060 ,    2012904 ,    146315         ,
27 ,    2885 ,     i ,    0 ,     1 ,     2064463 ,    2067347 ,    152226         ,
27 ,    2925 ,     i ,    0 ,     1 ,     2124426 ,    2127350 ,    154894         ,
27 ,    2965 ,     i ,    0 ,     1 ,     2191397 ,    2194361 ,    161859         ,
27 ,    3005 ,     i ,    0 ,     1 ,     2253090 ,    2256094 ,    165266         ,
27 ,    3045 ,     i ,    0 ,     1 ,     2301722 ,    2304766 ,    168449         ,
27 ,    3085 ,     i ,    0 ,     1 ,     2354455 ,    2357539 ,    174777         ,
27 ,    3125 ,     i ,    0 ,     1 ,     2410655 ,    2413779 ,    176663         ,
27 ,    3165 ,     i ,    0 ,     1 ,     2474771 ,    2477935 ,    181677         ,
27 ,    3205 ,     i ,    0 ,     1 ,     2541813 ,    2545017 ,    187704         ,
27 ,    3245 ,     i ,    0 ,     1 ,     2604137 ,    2607381 ,    206789         ,
27 ,    3285 ,     i ,    0 ,     1 ,     2669651 ,    2672935 ,    196109         ,
27 ,    3325 ,     i ,    0 ,     1 ,     2722616 ,    2725940 ,    198394         ,
27 ,    3365 ,     i ,    0 ,     1 ,     2783570 ,    2786934 ,    202787         ,
27 ,    3405 ,     i ,    0 ,     1 ,     2846675 ,    2850079 ,    206504         ,
27 ,    3445 ,     i ,    0 ,     1 ,     2912944 ,    2916388 ,    211010         ,
27 ,    3485 ,     i ,    0 ,     1 ,     2981773 ,    2985257 ,    217336         ,
27 ,    3525 ,     i ,    0 ,     1 ,     3048084 ,    3051608 ,    220142         ,
27 ,    3565 ,     i ,    0 ,     1 ,     3112860 ,    3116424 ,    229596         ,
27 ,    3605 ,     i ,    0 ,     1 ,     3193692 ,    3197296 ,    234709         ,
27 ,    3645 ,     i ,    0 ,     1 ,     3274373 ,    3278017 ,    239654         ,
27 ,    3685 ,     i ,    0 ,     1 ,     3350263 ,    3353947 ,    245472         ,
27 ,    3725 ,     i ,    0 ,     1 ,     3422811 ,    3426535 ,    249373         ,
27 ,    3765 ,     i ,    0 ,     1 ,     3494983 ,    3498747 ,    254120         ,
27 ,    3805 ,     i ,    0 ,     1 ,     3564385 ,    3568189 ,    257129         ,
27 ,    3845 ,     i ,    0 ,     1 ,     3627429 ,    3631273 ,    266065         ,
27 ,    3885 ,     i ,    0 ,     1 ,     3696063 ,    3699947 ,    273983         ,
27 ,    3925 ,     i ,    0 ,     1 ,     3773686 ,    3777610 ,    274433         ,
27 ,    3965 ,     i ,    0 ,     1 ,     3862732 ,    3866696 ,    280314         ,
27 ,    4005 ,     i ,    0 ,     1 ,     3930605 ,    3934609 ,    283828         ,
27 ,    4045 ,     i ,    0 ,     1 ,     4018546 ,    4022590 ,    295757         ,
27 ,    4085 ,     i ,    0 ,     1 ,     4102957 ,    4107041 ,    300538         ,
27 ,    4125 ,     i ,    0 ,     1 ,     4196545 ,    4200669 ,    303469         ,
27 ,    4165 ,     i ,    0 ,     1 ,     4307069 ,    4311233 ,    312539         ,
27 ,    4205 ,     i ,    0 ,     1 ,     4390575 ,    4394779 ,    324787         ,
27 ,    4245 ,     i ,    0 ,     1 ,     4463358 ,    4467602 ,    326214         ,
27 ,    4285 ,     i ,    0 ,     1 ,     4562019 ,    4566303 ,    327687         ,
27 ,    4325 ,     i ,    0 ,     1 ,     4642296 ,    4646620 ,    340694         ,
27 ,    4365 ,     i ,    0 ,     1 ,     4741780 ,    4746144 ,    351254         ,
27 ,    4405 ,     i ,    0 ,     1 ,     4831307 ,    4835711 ,    350466         ,
27 ,    4445 ,     i ,    0 ,     1 ,     4923702 ,    4928146 ,    363622         ,
27 ,    4485 ,     i ,    0 ,     1 ,     5000812 ,    5005296 ,    368452         ,
27 ,    4525 ,     i ,    0 ,     1 ,     5096850 ,    5101374 ,    373379         ,
27 ,    4565 ,     i ,    0 ,     1 ,     5184342 ,    5188906 ,    382120         ,
27 ,    4605 ,     i ,    0 ,     1 ,     5282819 ,    5287423 ,    382469         ,
27 ,    4645 ,     i ,    0 ,     1 ,     5374909 ,    5379553 ,    395372         ,
27 ,    4685 ,     i ,    0 ,     1 ,     5458643 ,    5463327 ,    394218         ,
27 ,    4725 ,     i ,    0 ,     1 ,     5558476 ,    5563200 ,    410395         ,
27 ,    4765 ,     i ,    0 ,     1 ,     5654717 ,    5659481 ,    412805         ,
27 ,    4805 ,     i ,    0 ,     1 ,     5756878 ,    5761682 ,    428699         ,
27 ,    4845 ,     i ,    0 ,     1 ,     5843853 ,    5848697 ,    638005         ,
27 ,    4885 ,     i ,    0 ,     1 ,     5947287 ,    5952171 ,    464997         ,
27 ,    4925 ,     i ,    0 ,     1 ,     6053858 ,    6058782 ,    464249         ,
27 ,    4965 ,     i ,    0 ,     1 ,     6144812 ,    6149776 ,    472402         ,
27 ,    5 ,     i ,    1 ,     1 ,     4 ,    8 ,    3         ,
27 ,    45 ,     i ,    1 ,     1 ,     44 ,    88 ,    6         ,
27 ,    85 ,     i ,    1 ,     1 ,     84 ,    168 ,    11         ,
27 ,    125 ,     i ,    1 ,     1 ,     124 ,    248 ,    16         ,
27 ,    165 ,     i ,    1 ,     1 ,     164 ,    328 ,    20         ,
27 ,    205 ,     i ,    1 ,     1 ,     204 ,    408 ,    25         ,
27 ,    245 ,     i ,    1 ,     1 ,     244 ,    488 ,    31         ,
27 ,    285 ,     i ,    1 ,     1 ,     284 ,    568 ,    36         ,
27 ,    325 ,     i ,    1 ,     1 ,     324 ,    648 ,    42         ,
27 ,    365 ,     i ,    1 ,     1 ,     364 ,    728 ,    47         ,
27 ,    405 ,     i ,    1 ,     1 ,     404 ,    808 ,    52         ,
27 ,    445 ,     i ,    1 ,     1 ,     444 ,    888 ,    57         ,
27 ,    485 ,     i ,    1 ,     1 ,     484 ,    968 ,    61         ,
27 ,    525 ,     i ,    1 ,     1 ,     524 ,    1048 ,    67         ,
27 ,    565 ,     i ,    1 ,     1 ,     564 ,    1128 ,    72         ,
27 ,    605 ,     i ,    1 ,     1 ,     604 ,    1208 ,    77         ,
27 ,    645 ,     i ,    1 ,     1 ,     644 ,    1288 ,    82         ,
27 ,    685 ,     i ,    1 ,     1 ,     684 ,    1368 ,    86         ,
27 ,    725 ,     i ,    1 ,     1 ,     724 ,    1448 ,    91         ,
27 ,    765 ,     i ,    1 ,     1 ,     764 ,    1528 ,    100         ,
27 ,    805 ,     i ,    1 ,     1 ,     804 ,    1608 ,    103         ,
27 ,    845 ,     i ,    1 ,     1 ,     844 ,    1688 ,    109         ,
27 ,    885 ,     i ,    1 ,     1 ,     884 ,    1768 ,    113         ,
27 ,    925 ,     i ,    1 ,     1 ,     924 ,    1848 ,    118         ,
27 ,    965 ,     i ,    1 ,     1 ,     964 ,    1928 ,    123         ,
27 ,    1005 ,     i ,    1 ,     1 ,     1004 ,    2008 ,    128         ,
27 ,    1045 ,     i ,    1 ,     1 ,     1044 ,    2088 ,    133         ,
27 ,    1085 ,     i ,    1 ,     1 ,     1084 ,    2168 ,    138         ,
27 ,    1125 ,     i ,    1 ,     1 ,     1124 ,    2248 ,    145         ,
27 ,    1165 ,     i ,    1 ,     1 ,     1164 ,    2328 ,    265         ,
27 ,    1205 ,     i ,    1 ,     1 ,     1204 ,    2408 ,    154         ,
27 ,    1245 ,     i ,    1 ,     1 ,     1244 ,    2488 ,    157         ,
27 ,    1285 ,     i ,    1 ,     1 ,     1284 ,    2568 ,    163         ,
27 ,    1325 ,     i ,    1 ,     1 ,     1324 ,    2648 ,    169         ,
27 ,    1365 ,     i ,    1 ,     1 ,     1364 ,    2728 ,    174         ,
27 ,    1405 ,     i ,    1 ,     1 ,     1404 ,    2808 ,    180         ,
27 ,    1445 ,     i ,    1 ,     1 ,     1444 ,    2888 ,    183         ,
27 ,    1485 ,     i ,    1 ,     1 ,     1484 ,    2968 ,    191         ,
27 ,    1525 ,     i ,    1 ,     1 ,     1524 ,    3048 ,    194         ,
27 ,    1565 ,     i ,    1 ,     1 ,     1564 ,    3128 ,    197         ,
27 ,    1605 ,     i ,    1 ,     1 ,     1604 ,    3208 ,    204         ,
27 ,    1645 ,     i ,    1 ,     1 ,     1644 ,    3288 ,    210         ,
27 ,    1685 ,     i ,    1 ,     1 ,     1684 ,    3368 ,    215         ,
27 ,    1725 ,     i ,    1 ,     1 ,     1724 ,    3448 ,    219         ,
27 ,    1765 ,     i ,    1 ,     1 ,     1764 ,    3528 ,    226         ,
27 ,    1805 ,     i ,    1 ,     1 ,     1804 ,    3608 ,    230         ,
27 ,    1845 ,     i ,    1 ,     1 ,     1844 ,    3688 ,    235         ,
27 ,    1885 ,     i ,    1 ,     1 ,     1884 ,    3768 ,    240         ,
27 ,    1925 ,     i ,    1 ,     1 ,     1924 ,    3848 ,    245         ,
27 ,    1965 ,     i ,    1 ,     1 ,     1964 ,    3928 ,    250         ,
27 ,    2005 ,     i ,    1 ,     1 ,     2004 ,    4008 ,    257         ,
27 ,    2045 ,     i ,    1 ,     1 ,     2044 ,    4088 ,    262         ,
27 ,    2085 ,     i ,    1 ,     1 ,     2084 ,    4168 ,    265         ,
27 ,    2125 ,     i ,    1 ,     1 ,     2124 ,    4248 ,    272         ,
27 ,    2165 ,     i ,    1 ,     1 ,     2164 ,    4328 ,    274         ,
27 ,    2205 ,     i ,    1 ,     1 ,     2204 ,    4408 ,    283         ,
27 ,    2245 ,     i ,    1 ,     1 ,     2244 ,    4488 ,    286         ,
27 ,    2285 ,     i ,    1 ,     1 ,     2284 ,    4568 ,    295         ,
27 ,    2325 ,     i ,    1 ,     1 ,     2324 ,    4648 ,    294         ,
27 ,    2365 ,     i ,    1 ,     1 ,     2364 ,    4728 ,    304         ,
27 ,    2405 ,     i ,    1 ,     1 ,     2404 ,    4808 ,    309         ,
27 ,    2445 ,     i ,    1 ,     1 ,     2444 ,    4888 ,    316         ,
27 ,    2485 ,     i ,    1 ,     1 ,     2484 ,    4968 ,    318         ,
27 ,    2525 ,     i ,    1 ,     1 ,     2524 ,    5048 ,    322         ,
27 ,    2565 ,     i ,    1 ,     1 ,     2564 ,    5128 ,    325         ,
27 ,    2605 ,     i ,    1 ,     1 ,     2604 ,    5208 ,    333         ,
27 ,    2645 ,     i ,    1 ,     1 ,     2644 ,    5288 ,    335         ,
27 ,    2685 ,     i ,    1 ,     1 ,     2684 ,    5368 ,    343         ,
27 ,    2725 ,     i ,    1 ,     1 ,     2724 ,    5448 ,    347         ,
27 ,    2765 ,     i ,    1 ,     1 ,     2764 ,    5528 ,    355         ,
27 ,    2805 ,     i ,    1 ,     1 ,     2804 ,    5608 ,    356         ,
27 ,    2845 ,     i ,    1 ,     1 ,     2844 ,    5688 ,    369         ,
27 ,    2885 ,     i ,    1 ,     1 ,     2884 ,    5768 ,    371         ,
27 ,    2925 ,     i ,    1 ,     1 ,     2924 ,    5848 ,    376         ,
27 ,    2965 ,     i ,    1 ,     1 ,     2964 ,    5928 ,    381         ,
27 ,    3005 ,     i ,    1 ,     1 ,     3004 ,    6008 ,    418         ,
27 ,    3045 ,     i ,    1 ,     1 ,     3044 ,    6088 ,    390         ,
27 ,    3085 ,     i ,    1 ,     1 ,     3084 ,    6168 ,    394         ,
27 ,    3125 ,     i ,    1 ,     1 ,     3124 ,    6248 ,    400         ,
27 ,    3165 ,     i ,    1 ,     1 ,     3164 ,    6328 ,    448         ,
27 ,    3205 ,     i ,    1 ,     1 ,     3204 ,    6408 ,    411         ,
27 ,    3245 ,     i ,    1 ,     1 ,     3244 ,    6488 ,    416         ,
27 ,    3285 ,     i ,    1 ,     1 ,     3284 ,    6568 ,    422         ,
27 ,    3325 ,     i ,    1 ,     1 ,     3324 ,    6648 ,    425         ,
27 ,    3365 ,     i ,    1 ,     1 ,     3364 ,    6728 ,    432         ,
27 ,    3405 ,     i ,    1 ,     1 ,     3404 ,    6808 ,    432         ,
27 ,    3445 ,     i ,    1 ,     1 ,     3444 ,    6888 ,    441         ,
27 ,    3485 ,     i ,    1 ,     1 ,     3484 ,    6968 ,    444         ,
27 ,    3525 ,     i ,    1 ,     1 ,     3524 ,    7048 ,    452         ,
27 ,    3565 ,     i ,    1 ,     1 ,     3564 ,    7128 ,    455         ,
27 ,    3605 ,     i ,    1 ,     1 ,     3604 ,    7208 ,    459         ,
27 ,    3645 ,     i ,    1 ,     1 ,     3644 ,    7288 ,    803         ,
27 ,    3685 ,     i ,    1 ,     1 ,     3684 ,    7368 ,    471         ,
27 ,    3725 ,     i ,    1 ,     1 ,     3724 ,    7448 ,    476         ,
27 ,    3765 ,     i ,    1 ,     1 ,     3764 ,    7528 ,    482         ,
27 ,    3805 ,     i ,    1 ,     1 ,     3804 ,    7608 ,    481         ,
27 ,    3845 ,     i ,    1 ,     1 ,     3844 ,    7688 ,    486         ,
27 ,    3885 ,     i ,    1 ,     1 ,     3884 ,    7768 ,    497         ,
27 ,    3925 ,     i ,    1 ,     1 ,     3924 ,    7848 ,    602         ,
27 ,    3965 ,     i ,    1 ,     1 ,     3964 ,    7928 ,    507         ,
27 ,    4005 ,     i ,    1 ,     1 ,     4004 ,    8008 ,    513         ,
27 ,    4045 ,     i ,    1 ,     1 ,     4044 ,    8088 ,    515         ,
27 ,    4085 ,     i ,    1 ,     1 ,     4084 ,    8168 ,    521         ,
27 ,    4125 ,     i ,    1 ,     1 ,     4124 ,    8248 ,    528         ,
27 ,    4165 ,     i ,    1 ,     1 ,     4164 ,    8328 ,    606         ,
27 ,    4205 ,     i ,    1 ,     1 ,     4204 ,    8408 ,    543         ,
27 ,    4245 ,     i ,    1 ,     1 ,     4244 ,    8488 ,    546         ,
27 ,    4285 ,     i ,    1 ,     1 ,     4284 ,    8568 ,    549         ,
27 ,    4325 ,     i ,    1 ,     1 ,     4324 ,    8648 ,    558         ,
27 ,    4365 ,     i ,    1 ,     1 ,     4364 ,    8728 ,    657         ,
27 ,    4405 ,     i ,    1 ,     1 ,     4404 ,    8808 ,    568         ,
27 ,    4445 ,     i ,    1 ,     1 ,     4444 ,    8888 ,    568         ,
27 ,    4485 ,     i ,    1 ,     1 ,     4484 ,    8968 ,    572         ,
27 ,    4525 ,     i ,    1 ,     1 ,     4524 ,    9048 ,    590         ,
27 ,    4565 ,     i ,    1 ,     1 ,     4564 ,    9128 ,    582         ,
27 ,    4605 ,     i ,    1 ,     1 ,     4604 ,    9208 ,    590         ,
27 ,    4645 ,     i ,    1 ,     1 ,     4644 ,    9288 ,    596         ,
27 ,    4685 ,     i ,    1 ,     1 ,     4684 ,    9368 ,    601         ,
27 ,    4725 ,     i ,    1 ,     1 ,     4724 ,    9448 ,    604         ,
27 ,    4765 ,     i ,    1 ,     1 ,     4764 ,    9528 ,    609         ,
27 ,    4805 ,     i ,    1 ,     1 ,     4804 ,    9608 ,    613         ,
27 ,    4845 ,     i ,    1 ,     1 ,     4844 ,    9688 ,    621         ,
27 ,    4885 ,     i ,    1 ,     1 ,     4884 ,    9768 ,    626         ,
27 ,    4925 ,     i ,    1 ,     1 ,     4924 ,    9848 ,    630         ,
27 ,    4965 ,     i ,    1 ,     1 ,     4964 ,    9928 ,    637         ,
27 ,    5 ,     i ,    2 ,     1 ,     14 ,    18 ,    3         ,
27 ,    45 ,     i ,    2 ,     1 ,     1034 ,    1078 ,    80         ,
27 ,    85 ,     i ,    2 ,     1 ,     3654 ,    3738 ,    268         ,
27 ,    125 ,     i ,    2 ,     1 ,     7874 ,    7998 ,    571         ,
27 ,    165 ,     i ,    2 ,     1 ,     13694 ,    13858 ,    996         ,
27 ,    205 ,     i ,    2 ,     1 ,     21114 ,    21318 ,    1517         ,
27 ,    245 ,     i ,    2 ,     1 ,     30134 ,    30378 ,    2163         ,
27 ,    285 ,     i ,    2 ,     1 ,     40754 ,    41038 ,    2931         ,
27 ,    325 ,     i ,    2 ,     1 ,     52974 ,    53298 ,    3813         ,
27 ,    365 ,     i ,    2 ,     1 ,     66794 ,    67158 ,    4874         ,
27 ,    405 ,     i ,    2 ,     1 ,     82214 ,    82618 ,    6131         ,
27 ,    445 ,     i ,    2 ,     1 ,     99234 ,    99678 ,    7071         ,
27 ,    485 ,     i ,    2 ,     1 ,     117854 ,    118338 ,    8398         ,
27 ,    525 ,     i ,    2 ,     1 ,     138074 ,    138598 ,    10509         ,
27 ,    565 ,     i ,    2 ,     1 ,     159894 ,    160458 ,    11807         ,
27 ,    605 ,     i ,    2 ,     1 ,     183314 ,    183918 ,    13143         ,
27 ,    645 ,     i ,    2 ,     1 ,     208334 ,    208978 ,    15247         ,
27 ,    685 ,     i ,    2 ,     1 ,     234954 ,    235638 ,    17168         ,
27 ,    725 ,     i ,    2 ,     1 ,     263174 ,    263898 ,    18947         ,
27 ,    765 ,     i ,    2 ,     1 ,     292994 ,    293758 ,    21171         ,
27 ,    805 ,     i ,    2 ,     1 ,     324414 ,    325218 ,    23827         ,
27 ,    845 ,     i ,    2 ,     1 ,     357434 ,    358278 ,    25688         ,
27 ,    885 ,     i ,    2 ,     1 ,     392054 ,    392938 ,    28329         ,
27 ,    925 ,     i ,    2 ,     1 ,     428274 ,    429198 ,    31117         ,
27 ,    965 ,     i ,    2 ,     1 ,     466094 ,    467058 ,    33992         ,
27 ,    1005 ,     i ,    2 ,     1 ,     505514 ,    506518 ,    36496         ,
27 ,    1045 ,     i ,    2 ,     1 ,     546534 ,    547578 ,    39506         ,
27 ,    1085 ,     i ,    2 ,     1 ,     589154 ,    590238 ,    42356         ,
27 ,    1125 ,     i ,    2 ,     1 ,     633374 ,    634498 ,    46106         ,
27 ,    1165 ,     i ,    2 ,     1 ,     679194 ,    680358 ,    51279         ,
27 ,    1205 ,     i ,    2 ,     1 ,     726614 ,    727818 ,    53299         ,
27 ,    1245 ,     i ,    2 ,     1 ,     775634 ,    776878 ,    56990         ,
27 ,    1285 ,     i ,    2 ,     1 ,     826254 ,    827538 ,    91414         ,
27 ,    1325 ,     i ,    2 ,     1 ,     878474 ,    879798 ,    64398         ,
27 ,    1365 ,     i ,    2 ,     1 ,     932294 ,    933658 ,    72723         ,
27 ,    1405 ,     i ,    2 ,     1 ,     987714 ,    989118 ,    84992         ,
27 ,    1445 ,     i ,    2 ,     1 ,     1044734 ,    1046178 ,    76317         ,
27 ,    1485 ,     i ,    2 ,     1 ,     1103354 ,    1104838 ,    121495         ,
27 ,    1525 ,     i ,    2 ,     1 ,     1163574 ,    1165098 ,    89380         ,
27 ,    1565 ,     i ,    2 ,     1 ,     1225394 ,    1226958 ,    91881         ,
27 ,    1605 ,     i ,    2 ,     1 ,     1288814 ,    1290418 ,    102494         ,
27 ,    1645 ,     i ,    2 ,     1 ,     1353834 ,    1355478 ,    136894         ,
27 ,    1685 ,     i ,    2 ,     1 ,     1420454 ,    1422138 ,    112732         ,
27 ,    1725 ,     i ,    2 ,     1 ,     1488674 ,    1490398 ,    112803         ,
27 ,    1765 ,     i ,    2 ,     1 ,     1558494 ,    1560258 ,    133890         ,
27 ,    1805 ,     i ,    2 ,     1 ,     1629914 ,    1631718 ,    149691         ,
27 ,    1845 ,     i ,    2 ,     1 ,     1702934 ,    1704778 ,    129806         ,
27 ,    1885 ,     i ,    2 ,     1 ,     1777554 ,    1779438 ,    129494         ,
27 ,    1925 ,     i ,    2 ,     1 ,     1853774 ,    1855698 ,    142755         ,
27 ,    1965 ,     i ,    2 ,     1 ,     1931594 ,    1933558 ,    144325         ,
27 ,    2005 ,     i ,    2 ,     1 ,     2011014 ,    2013018 ,    147067         ,
27 ,    2045 ,     i ,    2 ,     1 ,     2092034 ,    2094078 ,    154772         ,
27 ,    2085 ,     i ,    2 ,     1 ,     2174654 ,    2176738 ,    159871         ,
27 ,    2125 ,     i ,    2 ,     1 ,     2258874 ,    2260998 ,    169384         ,
27 ,    2165 ,     i ,    2 ,     1 ,     2344694 ,    2346858 ,    170290         ,
27 ,    2205 ,     i ,    2 ,     1 ,     2432114 ,    2434318 ,    179033         ,
27 ,    2245 ,     i ,    2 ,     1 ,     2521134 ,    2523378 ,    185742         ,
27 ,    2285 ,     i ,    2 ,     1 ,     2611754 ,    2614038 ,    193464         ,
27 ,    2325 ,     i ,    2 ,     1 ,     2703974 ,    2706298 ,    198679         ,
27 ,    2365 ,     i ,    2 ,     1 ,     2797794 ,    2800158 ,    207222         ,
27 ,    2405 ,     i ,    2 ,     1 ,     2893214 ,    2895618 ,    211026         ,
27 ,    2445 ,     i ,    2 ,     1 ,     2990234 ,    2992678 ,    219308         ,
27 ,    2485 ,     i ,    2 ,     1 ,     3088854 ,    3091338 ,    243936         ,
27 ,    2525 ,     i ,    2 ,     1 ,     3189074 ,    3191598 ,    246471         ,
27 ,    2565 ,     i ,    2 ,     1 ,     3290894 ,    3293458 ,    254255         ,
27 ,    2605 ,     i ,    2 ,     1 ,     3394314 ,    3396918 ,    268028         ,
27 ,    2645 ,     i ,    2 ,     1 ,     3499334 ,    3501978 ,    269863         ,
27 ,    2685 ,     i ,    2 ,     1 ,     3605954 ,    3608638 ,    275880         ,
27 ,    2725 ,     i ,    2 ,     1 ,     3714174 ,    3716898 ,    286790         ,
27 ,    2765 ,     i ,    2 ,     1 ,     3823994 ,    3826758 ,    295687         ,
27 ,    2805 ,     i ,    2 ,     1 ,     3935414 ,    3938218 ,    300468         ,
27 ,    2845 ,     i ,    2 ,     1 ,     4048434 ,    4051278 ,    313592         ,
27 ,    2885 ,     i ,    2 ,     1 ,     4163054 ,    4165938 ,    322683         ,
27 ,    2925 ,     i ,    2 ,     1 ,     4279274 ,    4282198 ,    330668         ,
27 ,    2965 ,     i ,    2 ,     1 ,     4397094 ,    4400058 ,    338302         ,
27 ,    3005 ,     i ,    2 ,     1 ,     4516514 ,    4519518 ,    341816         ,
27 ,    3045 ,     i ,    2 ,     1 ,     4637534 ,    4640578 ,    337029         ,
27 ,    3085 ,     i ,    2 ,     1 ,     4760154 ,    4763238 ,    349955         ,
27 ,    3125 ,     i ,    2 ,     1 ,     4884374 ,    4887498 ,    356402         ,
27 ,    3165 ,     i ,    2 ,     1 ,     5010194 ,    5013358 ,    362539         ,
27 ,    3205 ,     i ,    2 ,     1 ,     5137614 ,    5140818 ,    380682         ,
27 ,    3245 ,     i ,    2 ,     1 ,     5266634 ,    5269878 ,    383238         ,
27 ,    3285 ,     i ,    2 ,     1 ,     5397254 ,    5400538 ,    393437         ,
27 ,    3325 ,     i ,    2 ,     1 ,     5529474 ,    5532798 ,    407440         ,
27 ,    3365 ,     i ,    2 ,     1 ,     5663294 ,    5666658 ,    413523         ,
27 ,    3405 ,     i ,    2 ,     1 ,     5798714 ,    5802118 ,    428462         ,
27 ,    3445 ,     i ,    2 ,     1 ,     5935734 ,    5939178 ,    437130         ,
27 ,    3485 ,     i ,    2 ,     1 ,     6074354 ,    6077838 ,    444737         ,
27 ,    3525 ,     i ,    2 ,     1 ,     6214574 ,    6218098 ,    451820         ,
27 ,    3565 ,     i ,    2 ,     1 ,     6356394 ,    6359958 ,    462398         ,
27 ,    3605 ,     i ,    2 ,     1 ,     6499814 ,    6503418 ,    473044         ,
27 ,    3645 ,     i ,    2 ,     1 ,     6644834 ,    6648478 ,    489342         ,
27 ,    3685 ,     i ,    2 ,     1 ,     6791454 ,    6795138 ,    496439         ,
27 ,    3725 ,     i ,    2 ,     1 ,     6939674 ,    6943398 ,    512947         ,
27 ,    3765 ,     i ,    2 ,     1 ,     7089494 ,    7093258 ,    525967         ,
27 ,    3805 ,     i ,    2 ,     1 ,     7240914 ,    7244718 ,    660531         ,
27 ,    3845 ,     i ,    2 ,     1 ,     7393934 ,    7397778 ,    788869         ,
27 ,    3885 ,     i ,    2 ,     1 ,     7548554 ,    7552438 ,    706940         ,
27 ,    3925 ,     i ,    2 ,     1 ,     7704774 ,    7708698 ,    566840         ,
27 ,    3965 ,     i ,    2 ,     1 ,     7862594 ,    7866558 ,    705155         ,
27 ,    4005 ,     i ,    2 ,     1 ,     8022014 ,    8026018 ,    591718         ,
27 ,    4045 ,     i ,    2 ,     1 ,     8183034 ,    8187078 ,    603550         ,
27 ,    4085 ,     i ,    2 ,     1 ,     8345654 ,    8349738 ,    618160         ,
27 ,    4125 ,     i ,    2 ,     1 ,     8509874 ,    8513998 ,    629516         ,
27 ,    4165 ,     i ,    2 ,     1 ,     8675694 ,    8679858 ,    630325         ,
27 ,    4205 ,     i ,    2 ,     1 ,     8843114 ,    8847318 ,    636974         ,
27 ,    4245 ,     i ,    2 ,     1 ,     9012134 ,    9016378 ,    666745         ,
27 ,    4285 ,     i ,    2 ,     1 ,     9182754 ,    9187038 ,    729720         ,
27 ,    4325 ,     i ,    2 ,     1 ,     9354974 ,    9359298 ,    750613         ,
27 ,    4365 ,     i ,    2 ,     1 ,     9528794 ,    9533158 ,    702185         ,
27 ,    4405 ,     i ,    2 ,     1 ,     9704214 ,    9708618 ,    759478         ,
27 ,    4445 ,     i ,    2 ,     1 ,     9881234 ,    9885678 ,    816121         ,
27 ,    4485 ,     i ,    2 ,     1 ,     10059854 ,    10064338 ,    746249         ,
27 ,    4525 ,     i ,    2 ,     1 ,     10240074 ,    10244598 ,    750373         ,
27 ,    4565 ,     i ,    2 ,     1 ,     10421894 ,    10426458 ,    777281         ,
27 ,    4605 ,     i ,    2 ,     1 ,     10605314 ,    10609918 ,    1173453         ,
27 ,    4645 ,     i ,    2 ,     1 ,     10790334 ,    10794978 ,    787397         ,
27 ,    4685 ,     i ,    2 ,     1 ,     10976954 ,    10981638 ,    817378         ,
27 ,    4725 ,     i ,    2 ,     1 ,     11165174 ,    11169898 ,    820394         ,
27 ,    4765 ,     i ,    2 ,     1 ,     11354994 ,    11359758 ,    837843         ,
27 ,    4805 ,     i ,    2 ,     1 ,     11546414 ,    11551218 ,    885401         ,
27 ,    4845 ,     i ,    2 ,     1 ,     11739434 ,    11744278 ,    854680         ,
27 ,    4885 ,     i ,    2 ,     1 ,     11934054 ,    11938938 ,    884367         ,
27 ,    4925 ,     i ,    2 ,     1 ,     12130274 ,    12135198 ,    883676         ,
27 ,    4965 ,     i ,    2 ,     1 ,     12328094 ,    12333058 ,    913784         ,
27 ,    5 ,     i ,    3 ,     1 ,     7 ,    11 ,    4         ,
27 ,    45 ,     i ,    3 ,     1 ,     282 ,    326 ,    31         ,
27 ,    85 ,     i ,    3 ,     1 ,     862 ,    946 ,    78         ,
27 ,    125 ,     i ,    3 ,     1 ,     2159 ,    2283 ,    180         ,
27 ,    165 ,     i ,    3 ,     1 ,     3675 ,    3839 ,    292         ,
27 ,    205 ,     i ,    3 ,     1 ,     5823 ,    6027 ,    454         ,
27 ,    245 ,     i ,    3 ,     1 ,     7647 ,    7891 ,    602         ,
27 ,    285 ,     i ,    3 ,     1 ,     10736 ,    11020 ,    806         ,
27 ,    325 ,     i ,    3 ,     1 ,     12569 ,    12893 ,    944         ,
27 ,    365 ,     i ,    3 ,     1 ,     17405 ,    17769 ,    1633         ,
27 ,    405 ,     i ,    3 ,     1 ,     19063 ,    19467 ,    1472         ,
27 ,    445 ,     i ,    3 ,     1 ,     25257 ,    25701 ,    1963         ,
27 ,    485 ,     i ,    3 ,     1 ,     30748 ,    31232 ,    2281         ,
27 ,    525 ,     i ,    3 ,     1 ,     34304 ,    34828 ,    2625         ,
27 ,    565 ,     i ,    3 ,     1 ,     41625 ,    42189 ,    3049         ,
27 ,    605 ,     i ,    3 ,     1 ,     51435 ,    52039 ,    3773         ,
27 ,    645 ,     i ,    3 ,     1 ,     53109 ,    53753 ,    4293         ,
27 ,    685 ,     i ,    3 ,     1 ,     57950 ,    58634 ,    4323         ,
27 ,    725 ,     i ,    3 ,     1 ,     66216 ,    66940 ,    4900         ,
27 ,    765 ,     i ,    3 ,     1 ,     75556 ,    76320 ,    5521         ,
27 ,    805 ,     i ,    3 ,     1 ,     82746 ,    83550 ,    6062         ,
27 ,    845 ,     i ,    3 ,     1 ,     94804 ,    95648 ,    6843         ,
27 ,    885 ,     i ,    3 ,     1 ,     102019 ,    102903 ,    7662         ,
27 ,    925 ,     i ,    3 ,     1 ,     114457 ,    115381 ,    8362         ,
27 ,    965 ,     i ,    3 ,     1 ,     129569 ,    130533 ,    9431         ,
27 ,    1005 ,     i ,    3 ,     1 ,     128862 ,    129866 ,    10218         ,
27 ,    1045 ,     i ,    3 ,     1 ,     135658 ,    136702 ,    10004         ,
27 ,    1085 ,     i ,    3 ,     1 ,     142635 ,    143719 ,    10483         ,
27 ,    1125 ,     i ,    3 ,     1 ,     160258 ,    161382 ,    11857         ,
27 ,    1165 ,     i ,    3 ,     1 ,     164023 ,    165187 ,    12156         ,
27 ,    1205 ,     i ,    3 ,     1 ,     175411 ,    176615 ,    12718         ,
27 ,    1245 ,     i ,    3 ,     1 ,     193132 ,    194376 ,    13991         ,
27 ,    1285 ,     i ,    3 ,     1 ,     207272 ,    208556 ,    15027         ,
27 ,    1325 ,     i ,    3 ,     1 ,     220769 ,    222093 ,    16051         ,
27 ,    1365 ,     i ,    3 ,     1 ,     240560 ,    241924 ,    19442         ,
27 ,    1405 ,     i ,    3 ,     1 ,     241626 ,    243030 ,    19936         ,
27 ,    1445 ,     i ,    3 ,     1 ,     269759 ,    271203 ,    19785         ,
27 ,    1485 ,     i ,    3 ,     1 ,     274271 ,    275755 ,    19915         ,
27 ,    1525 ,     i ,    3 ,     1 ,     293061 ,    294585 ,    23827         ,
27 ,    1565 ,     i ,    3 ,     1 ,     305119 ,    306683 ,    22163         ,
27 ,    1605 ,     i ,    3 ,     1 ,     328888 ,    330492 ,    25366         ,
27 ,    1645 ,     i ,    3 ,     1 ,     351175 ,    352819 ,    25548         ,
27 ,    1685 ,     i ,    3 ,     1 ,     353042 ,    354726 ,    25792         ,
27 ,    1725 ,     i ,    3 ,     1 ,     352310 ,    354034 ,    25511         ,
27 ,    1765 ,     i ,    3 ,     1 ,     400919 ,    402683 ,    29117         ,
27 ,    1805 ,     i ,    3 ,     1 ,     428597 ,    430401 ,    32238         ,
27 ,    1845 ,     i ,    3 ,     1 ,     416273 ,    418117 ,    30255         ,
27 ,    1885 ,     i ,    3 ,     1 ,     440372 ,    442256 ,    33743         ,
27 ,    1925 ,     i ,    3 ,     1 ,     457788 ,    459712 ,    33063         ,
27 ,    1965 ,     i ,    3 ,     1 ,     466149 ,    468113 ,    34476         ,
27 ,    2005 ,     i ,    3 ,     1 ,     510327 ,    512331 ,    37123         ,
27 ,    2045 ,     i ,    3 ,     1 ,     503921 ,    505965 ,    36669         ,
27 ,    2085 ,     i ,    3 ,     1 ,     560772 ,    562856 ,    42666         ,
27 ,    2125 ,     i ,    3 ,     1 ,     566004 ,    568128 ,    41697         ,
27 ,    2165 ,     i ,    3 ,     1 ,     580207 ,    582371 ,    43580         ,
27 ,    2205 ,     i ,    3 ,     1 ,     595871 ,    598075 ,    43463         ,
27 ,    2245 ,     i ,    3 ,     1 ,     621657 ,    623901 ,    48219         ,
27 ,    2285 ,     i ,    3 ,     1 ,     650789 ,    653073 ,    47344         ,
27 ,    2325 ,     i ,    3 ,     1 ,     676553 ,    678877 ,    51845         ,
27 ,    2365 ,     i ,    3 ,     1 ,     710940 ,    713304 ,    52481         ,
27 ,    2405 ,     i ,    3 ,     1 ,     753945 ,    756349 ,    58991         ,
27 ,    2445 ,     i ,    3 ,     1 ,     750286 ,    752730 ,    64588         ,
27 ,    2485 ,     i ,    3 ,     1 ,     755984 ,    758468 ,    61170         ,
27 ,    2525 ,     i ,    3 ,     1 ,     817564 ,    820088 ,    67901         ,
27 ,    2565 ,     i ,    3 ,     1 ,     845218 ,    847782 ,    70565         ,
27 ,    2605 ,     i ,    3 ,     1 ,     860152 ,    862756 ,    74698         ,
27 ,    2645 ,     i ,    3 ,     1 ,     833494 ,    836138 ,    65651         ,
27 ,    2685 ,     i ,    3 ,     1 ,     880333 ,    883017 ,    70283         ,
27 ,    2725 ,     i ,    3 ,     1 ,     932420 ,    935144 ,    75518         ,
27 ,    2765 ,     i ,    3 ,     1 ,     954712 ,    957476 ,    75788         ,
27 ,    2805 ,     i ,    3 ,     1 ,     1009950 ,    1012754 ,    79440         ,
27 ,    2845 ,     i ,    3 ,     1 ,     1014933 ,    1017777 ,    78526         ,
27 ,    2885 ,     i ,    3 ,     1 ,     976561 ,    979445 ,    74132         ,
27 ,    2925 ,     i ,    3 ,     1 ,     1042106 ,    1045030 ,    82114         ,
27 ,    2965 ,     i ,    3 ,     1 ,     1132107 ,    1135071 ,    86127         ,
27 ,    3005 ,     i ,    3 ,     1 ,     1134600 ,    1137604 ,    85205         ,
27 ,    3045 ,     i ,    3 ,     1 ,     1149698 ,    1152742 ,    87818         ,
27 ,    3085 ,     i ,    3 ,     1 ,     1180572 ,    1183656 ,    88291         ,
27 ,    3125 ,     i ,    3 ,     1 ,     1216076 ,    1219200 ,    89560         ,
27 ,    3165 ,     i ,    3 ,     1 ,     1240554 ,    1243718 ,    91791         ,
27 ,    3205 ,     i ,    3 ,     1 ,     1285817 ,    1289021 ,    93277         ,
27 ,    3245 ,     i ,    3 ,     1 ,     1329797 ,    1333041 ,    96793         ,
27 ,    3285 ,     i ,    3 ,     1 ,     1389659 ,    1392943 ,    102351         ,
27 ,    3325 ,     i ,    3 ,     1 ,     1381232 ,    1384556 ,    101916         ,
27 ,    3365 ,     i ,    3 ,     1 ,     1406213 ,    1409577 ,    102688         ,
27 ,    3405 ,     i ,    3 ,     1 ,     1417072 ,    1420476 ,    102230         ,
27 ,    3445 ,     i ,    3 ,     1 ,     1452122 ,    1455566 ,    108459         ,
27 ,    3485 ,     i ,    3 ,     1 ,     1536793 ,    1540277 ,    113622         ,
27 ,    3525 ,     i ,    3 ,     1 ,     1567994 ,    1571518 ,    115073         ,
27 ,    3565 ,     i ,    3 ,     1 ,     1570006 ,    1573570 ,    113634         ,
27 ,    3605 ,     i ,    3 ,     1 ,     1662035 ,    1665639 ,    122259         ,
27 ,    3645 ,     i ,    3 ,     1 ,     1688675 ,    1692319 ,    124272         ,
27 ,    3685 ,     i ,    3 ,     1 ,     1643338 ,    1647022 ,    120614         ,
27 ,    3725 ,     i ,    3 ,     1 ,     1665166 ,    1668890 ,    122437         ,
27 ,    3765 ,     i ,    3 ,     1 ,     1773631 ,    1777395 ,    132828         ,
27 ,    3805 ,     i ,    3 ,     1 ,     1708560 ,    1712364 ,    128468         ,
27 ,    3845 ,     i ,    3 ,     1 ,     1906843 ,    1910687 ,    140532         ,
27 ,    3885 ,     i ,    3 ,     1 ,     1901595 ,    1905479 ,    141719         ,
27 ,    3925 ,     i ,    3 ,     1 ,     1955794 ,    1959718 ,    142458         ,
27 ,    3965 ,     i ,    3 ,     1 ,     2005665 ,    2009629 ,    147806         ,
27 ,    4005 ,     i ,    3 ,     1 ,     1991011 ,    1995015 ,    147519         ,
27 ,    4045 ,     i ,    3 ,     1 ,     2073280 ,    2077324 ,    150085         ,
27 ,    4085 ,     i ,    3 ,     1 ,     2038034 ,    2042118 ,    149654         ,
27 ,    4125 ,     i ,    3 ,     1 ,     2169430 ,    2173554 ,    161458         ,
27 ,    4165 ,     i ,    3 ,     1 ,     2207271 ,    2211435 ,    163233         ,
27 ,    4205 ,     i ,    3 ,     1 ,     2189161 ,    2193365 ,    160641         ,
27 ,    4245 ,     i ,    3 ,     1 ,     2252558 ,    2256802 ,    165900         ,
27 ,    4285 ,     i ,    3 ,     1 ,     2274384 ,    2278668 ,    163914         ,
27 ,    4325 ,     i ,    3 ,     1 ,     2286022 ,    2290346 ,    166940         ,
27 ,    4365 ,     i ,    3 ,     1 ,     2426297 ,    2430661 ,    180817         ,
27 ,    4405 ,     i ,    3 ,     1 ,     2453509 ,    2457913 ,    183630         ,
27 ,    4445 ,     i ,    3 ,     1 ,     2571032 ,    2575476 ,    189807         ,
27 ,    4485 ,     i ,    3 ,     1 ,     2471165 ,    2475649 ,    183322         ,
27 ,    4525 ,     i ,    3 ,     1 ,     2586162 ,    2590686 ,    189475         ,
27 ,    4565 ,     i ,    3 ,     1 ,     2647298 ,    2651862 ,    193765         ,
27 ,    4605 ,     i ,    3 ,     1 ,     2648542 ,    2653146 ,    194955         ,
27 ,    4645 ,     i ,    3 ,     1 ,     2732460 ,    2737104 ,    199922         ,
27 ,    4685 ,     i ,    3 ,     1 ,     2836026 ,    2840710 ,    212349         ,
27 ,    4725 ,     i ,    3 ,     1 ,     2795278 ,    2800002 ,    205139         ,
27 ,    4765 ,     i ,    3 ,     1 ,     2757626 ,    2762390 ,    200616         ,
27 ,    4805 ,     i ,    3 ,     1 ,     2907616 ,    2912420 ,    212928         ,
27 ,    4845 ,     i ,    3 ,     1 ,     2932115 ,    2936959 ,    215608         ,
27 ,    4885 ,     i ,    3 ,     1 ,     3047029 ,    3051913 ,    234216         ,
27 ,    4925 ,     i ,    3 ,     1 ,     3003430 ,    3008354 ,    264283         ,
27 ,    4965 ,     i ,    3 ,     1 ,     3130023 ,    3134987 ,    240083         ,
27 ,    5 ,     i ,    4 ,     1 ,     7 ,    11 ,    4         ,
27 ,    45 ,     i ,    4 ,     1 ,     392 ,    436 ,    40         ,
27 ,    85 ,     i ,    4 ,     1 ,     1677 ,    1761 ,    134         ,
27 ,    125 ,     i ,    4 ,     1 ,     3375 ,    3499 ,    269         ,
27 ,    165 ,     i ,    4 ,     1 ,     5675 ,    5839 ,    426         ,
27 ,    205 ,     i ,    4 ,     1 ,     7961 ,    8165 ,    595         ,
27 ,    245 ,     i ,    4 ,     1 ,     12671 ,    12915 ,    960         ,
27 ,    285 ,     i ,    4 ,     1 ,     14372 ,    14656 ,    1061         ,
27 ,    325 ,     i ,    4 ,     1 ,     20850 ,    21174 ,    1932         ,
27 ,    365 ,     i ,    4 ,     1 ,     28539 ,    28903 ,    2189         ,
27 ,    405 ,     i ,    4 ,     1 ,     35069 ,    35473 ,    2646         ,
27 ,    445 ,     i ,    4 ,     1 ,     39746 ,    40190 ,    2882         ,
27 ,    485 ,     i ,    4 ,     1 ,     46701 ,    47185 ,    3378         ,
27 ,    525 ,     i ,    4 ,     1 ,     59693 ,    60217 ,    4485         ,
27 ,    565 ,     i ,    4 ,     1 ,     63273 ,    63837 ,    4567         ,
27 ,    605 ,     i ,    4 ,     1 ,     74101 ,    74705 ,    5331         ,
27 ,    645 ,     i ,    4 ,     1 ,     86778 ,    87422 ,    6401         ,
27 ,    685 ,     i ,    4 ,     1 ,     94398 ,    95082 ,    6801         ,
27 ,    725 ,     i ,    4 ,     1 ,     102844 ,    103568 ,    7594         ,
27 ,    765 ,     i ,    4 ,     1 ,     117228 ,    117992 ,    8510         ,
27 ,    805 ,     i ,    4 ,     1 ,     129556 ,    130360 ,    9425         ,
27 ,    845 ,     i ,    4 ,     1 ,     142486 ,    143330 ,    10313         ,
27 ,    885 ,     i ,    4 ,     1 ,     155170 ,    156054 ,    11306         ,
27 ,    925 ,     i ,    4 ,     1 ,     174758 ,    175682 ,    12708         ,
27 ,    965 ,     i ,    4 ,     1 ,     189362 ,    190326 ,    14444         ,
27 ,    1005 ,     i ,    4 ,     1 ,     207736 ,    208740 ,    14957         ,
27 ,    1045 ,     i ,    4 ,     1 ,     224741 ,    225785 ,    16156         ,
27 ,    1085 ,     i ,    4 ,     1 ,     233377 ,    234461 ,    16917         ,
27 ,    1125 ,     i ,    4 ,     1 ,     256010 ,    257134 ,    18489         ,
27 ,    1165 ,     i ,    4 ,     1 ,     271839 ,    273003 ,    19796         ,
27 ,    1205 ,     i ,    4 ,     1 ,     297419 ,    298623 ,    21733         ,
27 ,    1245 ,     i ,    4 ,     1 ,     328680 ,    329924 ,    24199         ,
27 ,    1285 ,     i ,    4 ,     1 ,     318112 ,    319396 ,    23440         ,
27 ,    1325 ,     i ,    4 ,     1 ,     336751 ,    338075 ,    24565         ,
27 ,    1365 ,     i ,    4 ,     1 ,     367890 ,    369254 ,    26985         ,
27 ,    1405 ,     i ,    4 ,     1 ,     394013 ,    395417 ,    30660         ,
27 ,    1445 ,     i ,    4 ,     1 ,     416855 ,    418299 ,    31119         ,
27 ,    1485 ,     i ,    4 ,     1 ,     445165 ,    446649 ,    32056         ,
27 ,    1525 ,     i ,    4 ,     1 ,     465757 ,    467281 ,    34406         ,
27 ,    1565 ,     i ,    4 ,     1 ,     485332 ,    486896 ,    34986         ,
27 ,    1605 ,     i ,    4 ,     1 ,     527542 ,    529146 ,    38765         ,
27 ,    1645 ,     i ,    4 ,     1 ,     557535 ,    559179 ,    40399         ,
27 ,    1685 ,     i ,    4 ,     1 ,     573718 ,    575402 ,    41595         ,
27 ,    1725 ,     i ,    4 ,     1 ,     584608 ,    586332 ,    42240         ,
27 ,    1765 ,     i ,    4 ,     1 ,     633040 ,    634804 ,    46183         ,
27 ,    1805 ,     i ,    4 ,     1 ,     651834 ,    653638 ,    46873         ,
27 ,    1845 ,     i ,    4 ,     1 ,     713695 ,    715539 ,    52210         ,
27 ,    1885 ,     i ,    4 ,     1 ,     716294 ,    718178 ,    52071         ,
27 ,    1925 ,     i ,    4 ,     1 ,     741088 ,    743012 ,    55362         ,
27 ,    1965 ,     i ,    4 ,     1 ,     751625 ,    753589 ,    54695         ,
27 ,    2005 ,     i ,    4 ,     1 ,     802701 ,    804705 ,    59995         ,
27 ,    2045 ,     i ,    4 ,     1 ,     867876 ,    869920 ,    63018         ,
27 ,    2085 ,     i ,    4 ,     1 ,     864237 ,    866321 ,    74622         ,
27 ,    2125 ,     i ,    4 ,     1 ,     885902 ,    888026 ,    77134         ,
27 ,    2165 ,     i ,    4 ,     1 ,     957653 ,    959817 ,    75132         ,
27 ,    2205 ,     i ,    4 ,     1 ,     972701 ,    974905 ,    70656         ,
27 ,    2245 ,     i ,    4 ,     1 ,     1006857 ,    1009101 ,    73308         ,
27 ,    2285 ,     i ,    4 ,     1 ,     1030719 ,    1033003 ,    76555         ,
27 ,    2325 ,     i ,    4 ,     1 ,     1067774 ,    1070098 ,    79870         ,
27 ,    2365 ,     i ,    4 ,     1 ,     1141532 ,    1143896 ,    84173         ,
27 ,    2405 ,     i ,    4 ,     1 ,     1145386 ,    1147790 ,    85539         ,
27 ,    2445 ,     i ,    4 ,     1 ,     1208982 ,    1211426 ,    89795         ,
27 ,    2485 ,     i ,    4 ,     1 ,     1209874 ,    1212358 ,    87677         ,
27 ,    2525 ,     i ,    4 ,     1 ,     1266130 ,    1268654 ,    91465         ,
27 ,    2565 ,     i ,    4 ,     1 ,     1289644 ,    1292208 ,    93389         ,
27 ,    2605 ,     i ,    4 ,     1 ,     1384087 ,    1386691 ,    102886         ,
27 ,    2645 ,     i ,    4 ,     1 ,     1396399 ,    1399043 ,    100939         ,
27 ,    2685 ,     i ,    4 ,     1 ,     1469195 ,    1471879 ,    105886         ,
27 ,    2725 ,     i ,    4 ,     1 ,     1477503 ,    1480227 ,    108574         ,
27 ,    2765 ,     i ,    4 ,     1 ,     1535702 ,    1538466 ,    113308         ,
27 ,    2805 ,     i ,    4 ,     1 ,     1613030 ,    1615834 ,    118209         ,
27 ,    2845 ,     i ,    4 ,     1 ,     1663589 ,    1666433 ,    142934         ,
27 ,    2885 ,     i ,    4 ,     1 ,     1687434 ,    1690318 ,    124747         ,
27 ,    2925 ,     i ,    4 ,     1 ,     1716487 ,    1719411 ,    127882         ,
27 ,    2965 ,     i ,    4 ,     1 ,     1767569 ,    1770533 ,    130778         ,
27 ,    3005 ,     i ,    4 ,     1 ,     1810325 ,    1813329 ,    135061         ,
27 ,    3045 ,     i ,    4 ,     1 ,     1855880 ,    1858924 ,    136488         ,
27 ,    3085 ,     i ,    4 ,     1 ,     1945564 ,    1948648 ,    142475         ,
27 ,    3125 ,     i ,    4 ,     1 ,     1956069 ,    1959193 ,    146994         ,
27 ,    3165 ,     i ,    4 ,     1 ,     2004116 ,    2007280 ,    149374         ,
27 ,    3205 ,     i ,    4 ,     1 ,     2046536 ,    2049740 ,    152365         ,
27 ,    3245 ,     i ,    4 ,     1 ,     2144146 ,    2147390 ,    155762         ,
27 ,    3285 ,     i ,    4 ,     1 ,     2179821 ,    2183105 ,    158521         ,
27 ,    3325 ,     i ,    4 ,     1 ,     2241454 ,    2244778 ,    166023         ,
27 ,    3365 ,     i ,    4 ,     1 ,     2262411 ,    2265775 ,    166396         ,
27 ,    3405 ,     i ,    4 ,     1 ,     2353954 ,    2357358 ,    181828         ,
27 ,    3445 ,     i ,    4 ,     1 ,     2395705 ,    2399149 ,    179390         ,
27 ,    3485 ,     i ,    4 ,     1 ,     2420155 ,    2423639 ,    179791         ,
27 ,    3525 ,     i ,    4 ,     1 ,     2486439 ,    2489963 ,    181613         ,
27 ,    3565 ,     i ,    4 ,     1 ,     2614273 ,    2617837 ,    191156         ,
27 ,    3605 ,     i ,    4 ,     1 ,     2590486 ,    2594090 ,    192433         ,
27 ,    3645 ,     i ,    4 ,     1 ,     2640110 ,    2643754 ,    194790         ,
27 ,    3685 ,     i ,    4 ,     1 ,     2783234 ,    2786918 ,    205408         ,
27 ,    3725 ,     i ,    4 ,     1 ,     2815887 ,    2819611 ,    208546         ,
27 ,    3765 ,     i ,    4 ,     1 ,     2804183 ,    2807947 ,    207119         ,
27 ,    3805 ,     i ,    4 ,     1 ,     2936210 ,    2940014 ,    214935         ,
27 ,    3845 ,     i ,    4 ,     1 ,     3013424 ,    3017268 ,    222839         ,
27 ,    3885 ,     i ,    4 ,     1 ,     3069104 ,    3072988 ,    231878         ,
27 ,    3925 ,     i ,    4 ,     1 ,     3078992 ,    3082916 ,    226718         ,
27 ,    3965 ,     i ,    4 ,     1 ,     3153496 ,    3157460 ,    230614         ,
27 ,    4005 ,     i ,    4 ,     1 ,     3253875 ,    3257879 ,    241395         ,
27 ,    4045 ,     i ,    4 ,     1 ,     3300383 ,    3304427 ,    244013         ,
27 ,    4085 ,     i ,    4 ,     1 ,     3351062 ,    3355146 ,    250378         ,
27 ,    4125 ,     i ,    4 ,     1 ,     3401541 ,    3405665 ,    277521         ,
27 ,    4165 ,     i ,    4 ,     1 ,     3483632 ,    3487796 ,    251505         ,
27 ,    4205 ,     i ,    4 ,     1 ,     3552327 ,    3556531 ,    264164         ,
27 ,    4245 ,     i ,    4 ,     1 ,     3583155 ,    3587399 ,    265301         ,
27 ,    4285 ,     i ,    4 ,     1 ,     3650015 ,    3654299 ,    271735         ,
27 ,    4325 ,     i ,    4 ,     1 ,     3747365 ,    3751689 ,    276044         ,
27 ,    4365 ,     i ,    4 ,     1 ,     3851983 ,    3856347 ,    285614         ,
27 ,    4405 ,     i ,    4 ,     1 ,     3837443 ,    3841847 ,    285503         ,
27 ,    4445 ,     i ,    4 ,     1 ,     3975606 ,    3980050 ,    298723         ,
27 ,    4485 ,     i ,    4 ,     1 ,     4011259 ,    4015743 ,    297315         ,
27 ,    4525 ,     i ,    4 ,     1 ,     4115341 ,    4119865 ,    306493         ,
27 ,    4565 ,     i ,    4 ,     1 ,     4167688 ,    4172252 ,    308775         ,
27 ,    4605 ,     i ,    4 ,     1 ,     4290516 ,    4295120 ,    315424         ,
27 ,    4645 ,     i ,    4 ,     1 ,     4280116 ,    4284760 ,    310510         ,
27 ,    4685 ,     i ,    4 ,     1 ,     4380419 ,    4385103 ,    322323         ,
27 ,    4725 ,     i ,    4 ,     1 ,     4544841 ,    4549565 ,    335593         ,
27 ,    4765 ,     i ,    4 ,     1 ,     4553472 ,    4558236 ,    339190         ,
27 ,    4805 ,     i ,    4 ,     1 ,     4684806 ,    4689610 ,    347358         ,
27 ,    4845 ,     i ,    4 ,     1 ,     4678488 ,    4683332 ,    346999         ,
27 ,    4885 ,     i ,    4 ,     1 ,     4788960 ,    4793844 ,    355377         ,
27 ,    4925 ,     i ,    4 ,     1 ,     4908724 ,    4913648 ,    369410         ,
27 ,    4965 ,     i ,    4 ,     1 ,     4947734 ,    4952698 ,    370540         ,


