SEED ,  SIZE ,  ALG ,  TYPE ,  CALLS ,  CMP ,     MOVE ,    TIME              ,
27 ,    5 ,     q3 ,    0 ,     8 ,     14 ,    15 ,    8         ,
27 ,    45 ,     q3 ,    0 ,     82 ,     289 ,    228 ,    54         ,
27 ,    85 ,     q3 ,    0 ,     140 ,     627 ,    477 ,    107         ,
27 ,    125 ,     q3 ,    0 ,     220 ,     1087 ,    774 ,    169         ,
27 ,    165 ,     q3 ,    0 ,     284 ,     1466 ,    1095 ,    223         ,
27 ,    205 ,     q3 ,    0 ,     352 ,     1876 ,    1389 ,    284         ,
27 ,    245 ,     q3 ,    0 ,     414 ,     2281 ,    1707 ,    501         ,
27 ,    285 ,     q3 ,    0 ,     490 ,     2889 ,    1998 ,    496         ,
27 ,    325 ,     q3 ,    0 ,     562 ,     3287 ,    2295 ,    461         ,
27 ,    365 ,     q3 ,    0 ,     638 ,     3709 ,    2649 ,    534         ,
27 ,    405 ,     q3 ,    0 ,     702 ,     4186 ,    3006 ,    600         ,
27 ,    445 ,     q3 ,    0 ,     778 ,     4728 ,    3324 ,    735         ,
27 ,    485 ,     q3 ,    0 ,     850 ,     5250 ,    3690 ,    731         ,
27 ,    525 ,     q3 ,    0 ,     888 ,     5458 ,    4056 ,    800         ,
27 ,    565 ,     q3 ,    0 ,     984 ,     6138 ,    4365 ,    850         ,
27 ,    605 ,     q3 ,    0 ,     1038 ,     6470 ,    4797 ,    1328         ,
27 ,    645 ,     q3 ,    0 ,     1146 ,     7859 ,    5025 ,    1066         ,
27 ,    685 ,     q3 ,    0 ,     1194 ,     7655 ,    5403 ,    1205         ,
27 ,    725 ,     q3 ,    0 ,     1248 ,     8232 ,    5787 ,    1095         ,
27 ,    765 ,     q3 ,    0 ,     1320 ,     8738 ,    6156 ,    1573         ,
27 ,    805 ,     q3 ,    0 ,     1426 ,     9250 ,    6726 ,    1818         ,
27 ,    845 ,     q3 ,    0 ,     1476 ,     9523 ,    6990 ,    1332         ,
27 ,    885 ,     q3 ,    0 ,     1562 ,     10515 ,    7236 ,    1421         ,
27 ,    925 ,     q3 ,    0 ,     1620 ,     10635 ,    7746 ,    2114         ,
27 ,    965 ,     q3 ,    0 ,     1654 ,     11762 ,    7968 ,    1529         ,
27 ,    1005 ,     q3 ,    0 ,     1732 ,     12142 ,    8322 ,    1597         ,
27 ,    1045 ,     q3 ,    0 ,     1806 ,     12594 ,    8814 ,    1664         ,
27 ,    1085 ,     q3 ,    0 ,     1876 ,     13443 ,    8991 ,    1738         ,
27 ,    1125 ,     q3 ,    0 ,     1942 ,     14276 ,    9393 ,    1809         ,
27 ,    1165 ,     q3 ,    0 ,     2040 ,     14061 ,    9792 ,    1889         ,
27 ,    1205 ,     q3 ,    0 ,     2084 ,     15175 ,    10137 ,    2070         ,
27 ,    1245 ,     q3 ,    0 ,     2164 ,     15398 ,    10686 ,    2052         ,
27 ,    1285 ,     q3 ,    0 ,     2268 ,     16260 ,    10980 ,    2102         ,
27 ,    1325 ,     q3 ,    0 ,     2332 ,     16715 ,    11412 ,    2196         ,
27 ,    1365 ,     q3 ,    0 ,     2386 ,     16948 ,    11811 ,    2262         ,
27 ,    1405 ,     q3 ,    0 ,     2456 ,     17437 ,    12201 ,    2552         ,
27 ,    1445 ,     q3 ,    0 ,     2526 ,     17540 ,    12636 ,    3065         ,
27 ,    1485 ,     q3 ,    0 ,     2586 ,     19238 ,    12930 ,    3180         ,
27 ,    1525 ,     q3 ,    0 ,     2674 ,     19088 ,    13377 ,    3282         ,
27 ,    1565 ,     q3 ,    0 ,     2772 ,     20844 ,    13713 ,    3111         ,
27 ,    1605 ,     q3 ,    0 ,     2796 ,     20904 ,    14016 ,    2711         ,
27 ,    1645 ,     q3 ,    0 ,     2858 ,     20984 ,    14577 ,    2926         ,
27 ,    1685 ,     q3 ,    0 ,     2978 ,     21708 ,    15054 ,    3155         ,
27 ,    1725 ,     q3 ,    0 ,     2996 ,     21647 ,    15333 ,    3079         ,
27 ,    1765 ,     q3 ,    0 ,     3062 ,     22176 ,    15870 ,    3366         ,
27 ,    1805 ,     q3 ,    0 ,     3176 ,     23608 ,    16215 ,    3184         ,
27 ,    1845 ,     q3 ,    0 ,     3182 ,     24185 ,    16461 ,    3315         ,
27 ,    1885 ,     q3 ,    0 ,     3264 ,     24318 ,    16947 ,    3280         ,
27 ,    1925 ,     q3 ,    0 ,     3356 ,     25913 ,    17133 ,    3366         ,
27 ,    1965 ,     q3 ,    0 ,     3436 ,     26664 ,    17583 ,    3414         ,
27 ,    2005 ,     q3 ,    0 ,     3482 ,     26888 ,    17988 ,    3538         ,
27 ,    2045 ,     q3 ,    0 ,     3584 ,     27340 ,    18570 ,    3612         ,
27 ,    2085 ,     q3 ,    0 ,     3664 ,     29850 ,    18441 ,    3623         ,
27 ,    2125 ,     q3 ,    0 ,     3712 ,     28184 ,    19365 ,    3748         ,
27 ,    2165 ,     q3 ,    0 ,     3812 ,     28589 ,    19809 ,    3994         ,
27 ,    2205 ,     q3 ,    0 ,     3808 ,     30524 ,    19851 ,    3894         ,
27 ,    2245 ,     q3 ,    0 ,     3932 ,     29369 ,    20448 ,    4122         ,
27 ,    2285 ,     q3 ,    0 ,     3942 ,     30862 ,    20778 ,    4084         ,
27 ,    2325 ,     q3 ,    0 ,     4134 ,     32776 ,    21120 ,    4368         ,
27 ,    2365 ,     q3 ,    0 ,     4106 ,     31796 ,    21723 ,    4187         ,
27 ,    2405 ,     q3 ,    0 ,     4240 ,     33744 ,    21936 ,    4382         ,
27 ,    2445 ,     q3 ,    0 ,     4240 ,     34219 ,    22140 ,    4451         ,
27 ,    2485 ,     q3 ,    0 ,     4414 ,     33184 ,    23205 ,    4485         ,
27 ,    2525 ,     q3 ,    0 ,     4402 ,     36236 ,    23097 ,    4663         ,
27 ,    2565 ,     q3 ,    0 ,     4484 ,     36602 ,    23679 ,    4771         ,
27 ,    2605 ,     q3 ,    0 ,     4512 ,     35331 ,    24231 ,    4725         ,
27 ,    2645 ,     q3 ,    0 ,     4602 ,     37940 ,    24357 ,    4938         ,
27 ,    2685 ,     q3 ,    0 ,     4718 ,     36277 ,    25017 ,    4964         ,
27 ,    2725 ,     q3 ,    0 ,     4760 ,     37379 ,    25506 ,    4930         ,
27 ,    2765 ,     q3 ,    0 ,     4908 ,     38453 ,    26085 ,    5171         ,
27 ,    2805 ,     q3 ,    0 ,     4894 ,     39540 ,    26316 ,    5138         ,
27 ,    2845 ,     q3 ,    0 ,     4996 ,     37764 ,    26955 ,    5235         ,
27 ,    2885 ,     q3 ,    0 ,     5016 ,     40447 ,    27330 ,    5351         ,
27 ,    2925 ,     q3 ,    0 ,     5006 ,     41168 ,    27306 ,    5312         ,
27 ,    2965 ,     q3 ,    0 ,     5196 ,     40382 ,    28098 ,    5608         ,
27 ,    3005 ,     q3 ,    0 ,     5248 ,     42098 ,    28521 ,    5457         ,
27 ,    3045 ,     q3 ,    0 ,     5274 ,     41996 ,    28905 ,    5669         ,
27 ,    3085 ,     q3 ,    0 ,     5354 ,     43003 ,    29103 ,    5879         ,
27 ,    3125 ,     q3 ,    0 ,     5500 ,     46357 ,    29472 ,    5840         ,
27 ,    3165 ,     q3 ,    0 ,     5550 ,     43527 ,    30288 ,    5876         ,
27 ,    3205 ,     q3 ,    0 ,     5634 ,     45753 ,    30420 ,    5963         ,
27 ,    3245 ,     q3 ,    0 ,     5670 ,     46577 ,    31026 ,    6061         ,
27 ,    3285 ,     q3 ,    0 ,     5802 ,     46712 ,    31251 ,    5959         ,
27 ,    3325 ,     q3 ,    0 ,     5800 ,     47826 ,    31488 ,    6054         ,
27 ,    3365 ,     q3 ,    0 ,     5876 ,     49985 ,    31815 ,    6244         ,
27 ,    3405 ,     q3 ,    0 ,     5944 ,     47625 ,    32553 ,    6325         ,
27 ,    3445 ,     q3 ,    0 ,     6022 ,     49920 ,    32766 ,    6030         ,
27 ,    3485 ,     q3 ,    0 ,     6034 ,     49443 ,    33195 ,    6300         ,
27 ,    3525 ,     q3 ,    0 ,     6244 ,     50486 ,    33774 ,    6326         ,
27 ,    3565 ,     q3 ,    0 ,     6190 ,     52807 ,    33867 ,    6415         ,
27 ,    3605 ,     q3 ,    0 ,     6336 ,     49948 ,    35214 ,    6561         ,
27 ,    3645 ,     q3 ,    0 ,     6342 ,     51790 ,    35160 ,    6452         ,
27 ,    3685 ,     q3 ,    0 ,     6474 ,     52082 ,    35676 ,    6583         ,
27 ,    3725 ,     q3 ,    0 ,     6482 ,     54645 ,    35604 ,    6758         ,
27 ,    3765 ,     q3 ,    0 ,     6550 ,     55503 ,    36090 ,    6791         ,
27 ,    3805 ,     q3 ,    0 ,     6626 ,     54692 ,    36687 ,    6914         ,
27 ,    3845 ,     q3 ,    0 ,     6696 ,     55052 ,    36978 ,    6826         ,
27 ,    3885 ,     q3 ,    0 ,     6788 ,     54252 ,    37734 ,    7105         ,
27 ,    3925 ,     q3 ,    0 ,     6896 ,     56359 ,    37929 ,    7108         ,
27 ,    3965 ,     q3 ,    0 ,     6992 ,     55818 ,    38619 ,    7240         ,
27 ,    4005 ,     q3 ,    0 ,     6934 ,     56705 ,    39138 ,    7207         ,
27 ,    4045 ,     q3 ,    0 ,     7120 ,     58467 ,    39414 ,    7470         ,
27 ,    4085 ,     q3 ,    0 ,     7148 ,     58566 ,    39978 ,    7516         ,
27 ,    4125 ,     q3 ,    0 ,     7164 ,     58237 ,    40368 ,    7454         ,
27 ,    4165 ,     q3 ,    0 ,     7324 ,     60766 ,    40755 ,    7620         ,
27 ,    4205 ,     q3 ,    0 ,     7372 ,     63184 ,    40758 ,    7661         ,
27 ,    4245 ,     q3 ,    0 ,     7492 ,     63808 ,    41448 ,    7837         ,
27 ,    4285 ,     q3 ,    0 ,     7498 ,     63630 ,    41805 ,    7906         ,
27 ,    4325 ,     q3 ,    0 ,     7544 ,     69546 ,    41496 ,    7888         ,
27 ,    4365 ,     q3 ,    0 ,     7638 ,     66536 ,    42744 ,    8129         ,
27 ,    4405 ,     q3 ,    0 ,     7708 ,     64243 ,    43326 ,    8125         ,
27 ,    4445 ,     q3 ,    0 ,     7810 ,     62952 ,    44061 ,    8503         ,
27 ,    4485 ,     q3 ,    0 ,     7816 ,     63798 ,    44703 ,    8196         ,
27 ,    4525 ,     q3 ,    0 ,     7966 ,     68772 ,    44328 ,    8530         ,
27 ,    4565 ,     q3 ,    0 ,     8002 ,     66596 ,    45105 ,    11295         ,
27 ,    4605 ,     q3 ,    0 ,     8052 ,     66142 ,    45813 ,    9293         ,
27 ,    4645 ,     q3 ,    0 ,     8110 ,     66725 ,    46266 ,    9496         ,
27 ,    4685 ,     q3 ,    0 ,     8188 ,     71855 ,    46032 ,    8700         ,
27 ,    4725 ,     q3 ,    0 ,     8220 ,     70808 ,    46500 ,    8649         ,
27 ,    4765 ,     q3 ,    0 ,     8402 ,     73521 ,    46659 ,    8821         ,
27 ,    4805 ,     q3 ,    0 ,     8354 ,     70021 ,    47751 ,    8904         ,
27 ,    4845 ,     q3 ,    0 ,     8466 ,     70989 ,    48048 ,    8956         ,
27 ,    4885 ,     q3 ,    0 ,     8470 ,     70033 ,    49023 ,    9166         ,
27 ,    4925 ,     q3 ,    0 ,     8596 ,     74245 ,    48861 ,    9073         ,
27 ,    4965 ,     q3 ,    0 ,     8666 ,     72688 ,    49377 ,    9150         ,
27 ,    5 ,     q3 ,    1 ,     6 ,     12 ,    9 ,    4         ,
27 ,    45 ,     q3 ,    1 ,     58 ,     226 ,    87 ,    37         ,
27 ,    85 ,     q3 ,    1 ,     106 ,     496 ,    159 ,    77         ,
27 ,    125 ,     q3 ,    1 ,     126 ,     756 ,    189 ,    69         ,
27 ,    165 ,     q3 ,    1 ,     202 ,     1110 ,    303 ,    108         ,
27 ,    205 ,     q3 ,    1 ,     254 ,     1442 ,    381 ,    138         ,
27 ,    245 ,     q3 ,    1 ,     254 ,     1722 ,    381 ,    151         ,
27 ,    285 ,     q3 ,    1 ,     314 ,     2092 ,    471 ,    183         ,
27 ,    325 ,     q3 ,    1 ,     394 ,     2492 ,    591 ,    224         ,
27 ,    365 ,     q3 ,    1 ,     474 ,     2892 ,    711 ,    258         ,
27 ,    405 ,     q3 ,    1 ,     510 ,     3248 ,    765 ,    292         ,
27 ,    445 ,     q3 ,    1 ,     510 ,     3568 ,    765 ,    310         ,
27 ,    485 ,     q3 ,    1 ,     510 ,     3888 ,    765 ,    466         ,
27 ,    525 ,     q3 ,    1 ,     538 ,     4250 ,    807 ,    342         ,
27 ,    565 ,     q3 ,    1 ,     618 ,     4690 ,    927 ,    388         ,
27 ,    605 ,     q3 ,    1 ,     698 ,     5130 ,    1047 ,    433         ,
27 ,    645 ,     q3 ,    1 ,     778 ,     5570 ,    1167 ,    472         ,
27 ,    685 ,     q3 ,    1 ,     858 ,     6010 ,    1287 ,    512         ,
27 ,    725 ,     q3 ,    1 ,     938 ,     6450 ,    1407 ,    551         ,
27 ,    765 ,     q3 ,    1 ,     1018 ,     6890 ,    1527 ,    589         ,
27 ,    805 ,     q3 ,    1 ,     1022 ,     7254 ,    1533 ,    618         ,
27 ,    845 ,     q3 ,    1 ,     1022 ,     7614 ,    1533 ,    627         ,
27 ,    885 ,     q3 ,    1 ,     1022 ,     7974 ,    1533 ,    715         ,
27 ,    925 ,     q3 ,    1 ,     1022 ,     8334 ,    1533 ,    667         ,
27 ,    965 ,     q3 ,    1 ,     1022 ,     8694 ,    1533 ,    819         ,
27 ,    1005 ,     q3 ,    1 ,     1022 ,     9054 ,    1533 ,    732         ,
27 ,    1045 ,     q3 ,    1 ,     1066 ,     9480 ,    1599 ,    472         ,
27 ,    1085 ,     q3 ,    1 ,     1146 ,     9960 ,    1719 ,    492         ,
27 ,    1125 ,     q3 ,    1 ,     1226 ,     10440 ,    1839 ,    522         ,
27 ,    1165 ,     q3 ,    1 ,     1306 ,     10920 ,    1959 ,    559         ,
27 ,    1205 ,     q3 ,    1 ,     1386 ,     11400 ,    2079 ,    580         ,
27 ,    1245 ,     q3 ,    1 ,     1466 ,     11880 ,    2199 ,    603         ,
27 ,    1285 ,     q3 ,    1 ,     1546 ,     12360 ,    2319 ,    630         ,
27 ,    1325 ,     q3 ,    1 ,     1626 ,     12840 ,    2439 ,    665         ,
27 ,    1365 ,     q3 ,    1 ,     1706 ,     13320 ,    2559 ,    695         ,
27 ,    1405 ,     q3 ,    1 ,     1786 ,     13800 ,    2679 ,    716         ,
27 ,    1445 ,     q3 ,    1 ,     1866 ,     14280 ,    2799 ,    741         ,
27 ,    1485 ,     q3 ,    1 ,     1946 ,     14760 ,    2919 ,    766         ,
27 ,    1525 ,     q3 ,    1 ,     2026 ,     15240 ,    3039 ,    789         ,
27 ,    1565 ,     q3 ,    1 ,     2046 ,     15660 ,    3069 ,    813         ,
27 ,    1605 ,     q3 ,    1 ,     2046 ,     16060 ,    3069 ,    829         ,
27 ,    1645 ,     q3 ,    1 ,     2046 ,     16460 ,    3069 ,    832         ,
27 ,    1685 ,     q3 ,    1 ,     2046 ,     16860 ,    3069 ,    853         ,
27 ,    1725 ,     q3 ,    1 ,     2046 ,     17260 ,    3069 ,    856         ,
27 ,    1765 ,     q3 ,    1 ,     2046 ,     17660 ,    3069 ,    875         ,
27 ,    1805 ,     q3 ,    1 ,     2046 ,     18060 ,    3069 ,    887         ,
27 ,    1845 ,     q3 ,    1 ,     2046 ,     18460 ,    3069 ,    903         ,
27 ,    1885 ,     q3 ,    1 ,     2046 ,     18860 ,    3069 ,    919         ,
27 ,    1925 ,     q3 ,    1 ,     2046 ,     19260 ,    3069 ,    922         ,
27 ,    1965 ,     q3 ,    1 ,     2046 ,     19660 ,    3069 ,    941         ,
27 ,    2005 ,     q3 ,    1 ,     2046 ,     20060 ,    3069 ,    1166         ,
27 ,    2045 ,     q3 ,    1 ,     2046 ,     20460 ,    3069 ,    966         ,
27 ,    2085 ,     q3 ,    1 ,     2122 ,     20974 ,    3183 ,    998         ,
27 ,    2125 ,     q3 ,    1 ,     2202 ,     21494 ,    3303 ,    1026         ,
27 ,    2165 ,     q3 ,    1 ,     2282 ,     22014 ,    3423 ,    1050         ,
27 ,    2205 ,     q3 ,    1 ,     2362 ,     22534 ,    3543 ,    1183         ,
27 ,    2245 ,     q3 ,    1 ,     2442 ,     23054 ,    3663 ,    1107         ,
27 ,    2285 ,     q3 ,    1 ,     2522 ,     23574 ,    3783 ,    1144         ,
27 ,    2325 ,     q3 ,    1 ,     2602 ,     24094 ,    3903 ,    1926         ,
27 ,    2365 ,     q3 ,    1 ,     2682 ,     24614 ,    4023 ,    1218         ,
27 ,    2405 ,     q3 ,    1 ,     2762 ,     25134 ,    4143 ,    1236         ,
27 ,    2445 ,     q3 ,    1 ,     2842 ,     25654 ,    4263 ,    1351         ,
27 ,    2485 ,     q3 ,    1 ,     2922 ,     26174 ,    4383 ,    1282         ,
27 ,    2525 ,     q3 ,    1 ,     3002 ,     26694 ,    4503 ,    1431         ,
27 ,    2565 ,     q3 ,    1 ,     3082 ,     27214 ,    4623 ,    1612         ,
27 ,    2605 ,     q3 ,    1 ,     3162 ,     27734 ,    4743 ,    1363         ,
27 ,    2645 ,     q3 ,    1 ,     3242 ,     28254 ,    4863 ,    1784         ,
27 ,    2685 ,     q3 ,    1 ,     3322 ,     28774 ,    4983 ,    1432         ,
27 ,    2725 ,     q3 ,    1 ,     3402 ,     29294 ,    5103 ,    1467         ,
27 ,    2765 ,     q3 ,    1 ,     3482 ,     29814 ,    5223 ,    1494         ,
27 ,    2805 ,     q3 ,    1 ,     3562 ,     30334 ,    5343 ,    2412         ,
27 ,    2845 ,     q3 ,    1 ,     3642 ,     30854 ,    5463 ,    2212         ,
27 ,    2885 ,     q3 ,    1 ,     3722 ,     31374 ,    5583 ,    2340         ,
27 ,    2925 ,     q3 ,    1 ,     3802 ,     31894 ,    5703 ,    1595         ,
27 ,    2965 ,     q3 ,    1 ,     3882 ,     32414 ,    5823 ,    1619         ,
27 ,    3005 ,     q3 ,    1 ,     3962 ,     32934 ,    5943 ,    2047         ,
27 ,    3045 ,     q3 ,    1 ,     4042 ,     33454 ,    6063 ,    2373         ,
27 ,    3085 ,     q3 ,    1 ,     4094 ,     33946 ,    6141 ,    2937         ,
27 ,    3125 ,     q3 ,    1 ,     4094 ,     34386 ,    6141 ,    3005         ,
27 ,    3165 ,     q3 ,    1 ,     4094 ,     34826 ,    6141 ,    3501         ,
27 ,    3205 ,     q3 ,    1 ,     4094 ,     35266 ,    6141 ,    2678         ,
27 ,    3245 ,     q3 ,    1 ,     4094 ,     35706 ,    6141 ,    3251         ,
27 ,    3285 ,     q3 ,    1 ,     4094 ,     36146 ,    6141 ,    2525         ,
27 ,    3325 ,     q3 ,    1 ,     4094 ,     36586 ,    6141 ,    2730         ,
27 ,    3365 ,     q3 ,    1 ,     4094 ,     37026 ,    6141 ,    1903         ,
27 ,    3405 ,     q3 ,    1 ,     4094 ,     37466 ,    6141 ,    1909         ,
27 ,    3445 ,     q3 ,    1 ,     4094 ,     37906 ,    6141 ,    1885         ,
27 ,    3485 ,     q3 ,    1 ,     4094 ,     38346 ,    6141 ,    1887         ,
27 ,    3525 ,     q3 ,    1 ,     4094 ,     38786 ,    6141 ,    2029         ,
27 ,    3565 ,     q3 ,    1 ,     4094 ,     39226 ,    6141 ,    1907         ,
27 ,    3605 ,     q3 ,    1 ,     4094 ,     39666 ,    6141 ,    1947         ,
27 ,    3645 ,     q3 ,    1 ,     4094 ,     40106 ,    6141 ,    1956         ,
27 ,    3685 ,     q3 ,    1 ,     4094 ,     40546 ,    6141 ,    2390         ,
27 ,    3725 ,     q3 ,    1 ,     4094 ,     40986 ,    6141 ,    1931         ,
27 ,    3765 ,     q3 ,    1 ,     4094 ,     41426 ,    6141 ,    1947         ,
27 ,    3805 ,     q3 ,    1 ,     4094 ,     41866 ,    6141 ,    1947         ,
27 ,    3845 ,     q3 ,    1 ,     4094 ,     42306 ,    6141 ,    1960         ,
27 ,    3885 ,     q3 ,    1 ,     4094 ,     42746 ,    6141 ,    1985         ,
27 ,    3925 ,     q3 ,    1 ,     4094 ,     43186 ,    6141 ,    2116         ,
27 ,    3965 ,     q3 ,    1 ,     4094 ,     43626 ,    6141 ,    2002         ,
27 ,    4005 ,     q3 ,    1 ,     4094 ,     44066 ,    6141 ,    2151         ,
27 ,    4045 ,     q3 ,    1 ,     4094 ,     44506 ,    6141 ,    2048         ,
27 ,    4085 ,     q3 ,    1 ,     4094 ,     44946 ,    6141 ,    2161         ,
27 ,    4125 ,     q3 ,    1 ,     4154 ,     45476 ,    6231 ,    2188         ,
27 ,    4165 ,     q3 ,    1 ,     4234 ,     46036 ,    6351 ,    2117         ,
27 ,    4205 ,     q3 ,    1 ,     4314 ,     46596 ,    6471 ,    2163         ,
27 ,    4245 ,     q3 ,    1 ,     4394 ,     47156 ,    6591 ,    2292         ,
27 ,    4285 ,     q3 ,    1 ,     4474 ,     47716 ,    6711 ,    2279         ,
27 ,    4325 ,     q3 ,    1 ,     4554 ,     48276 ,    6831 ,    2273         ,
27 ,    4365 ,     q3 ,    1 ,     4634 ,     48836 ,    6951 ,    2294         ,
27 ,    4405 ,     q3 ,    1 ,     4714 ,     49396 ,    7071 ,    2307         ,
27 ,    4445 ,     q3 ,    1 ,     4794 ,     49956 ,    7191 ,    2411         ,
27 ,    4485 ,     q3 ,    1 ,     4874 ,     50516 ,    7311 ,    2349         ,
27 ,    4525 ,     q3 ,    1 ,     4954 ,     51076 ,    7431 ,    2757         ,
27 ,    4565 ,     q3 ,    1 ,     5034 ,     51636 ,    7551 ,    2524         ,
27 ,    4605 ,     q3 ,    1 ,     5114 ,     52196 ,    7671 ,    2443         ,
27 ,    4645 ,     q3 ,    1 ,     5194 ,     52756 ,    7791 ,    2594         ,
27 ,    4685 ,     q3 ,    1 ,     5274 ,     53316 ,    7911 ,    2517         ,
27 ,    4725 ,     q3 ,    1 ,     5354 ,     53876 ,    8031 ,    2640         ,
27 ,    4765 ,     q3 ,    1 ,     5434 ,     54436 ,    8151 ,    2574         ,
27 ,    4805 ,     q3 ,    1 ,     5514 ,     54996 ,    8271 ,    2599         ,
27 ,    4845 ,     q3 ,    1 ,     5594 ,     55556 ,    8391 ,    2615         ,
27 ,    4885 ,     q3 ,    1 ,     5674 ,     56116 ,    8511 ,    2642         ,
27 ,    4925 ,     q3 ,    1 ,     5754 ,     56676 ,    8631 ,    2679         ,
27 ,    4965 ,     q3 ,    1 ,     5834 ,     57236 ,    8751 ,    2692         ,
27 ,    5 ,     q3 ,    2 ,     6 ,     12 ,    15 ,    4         ,
27 ,    45 ,     q3 ,    2 ,     58 ,     226 ,    153 ,    24         ,
27 ,    85 ,     q3 ,    2 ,     106 ,     496 ,    285 ,    42         ,
27 ,    125 ,     q3 ,    2 ,     126 ,     756 ,    375 ,    58         ,
27 ,    165 ,     q3 ,    2 ,     202 ,     1110 ,    549 ,    83         ,
27 ,    205 ,     q3 ,    2 ,     254 ,     1442 ,    687 ,    104         ,
27 ,    245 ,     q3 ,    2 ,     254 ,     1722 ,    747 ,    116         ,
27 ,    285 ,     q3 ,    2 ,     314 ,     2092 ,    897 ,    140         ,
27 ,    325 ,     q3 ,    2 ,     394 ,     2492 ,    1077 ,    167         ,
27 ,    365 ,     q3 ,    2 ,     474 ,     2892 ,    1257 ,    193         ,
27 ,    405 ,     q3 ,    2 ,     510 ,     3248 ,    1371 ,    213         ,
27 ,    445 ,     q3 ,    2 ,     510 ,     3568 ,    1431 ,    332         ,
27 ,    485 ,     q3 ,    2 ,     510 ,     3888 ,    1491 ,    239         ,
27 ,    525 ,     q3 ,    2 ,     538 ,     4250 ,    1593 ,    260         ,
27 ,    565 ,     q3 ,    2 ,     618 ,     4690 ,    1773 ,    287         ,
27 ,    605 ,     q3 ,    2 ,     698 ,     5130 ,    1953 ,    317         ,
27 ,    645 ,     q3 ,    2 ,     778 ,     5570 ,    2133 ,    346         ,
27 ,    685 ,     q3 ,    2 ,     858 ,     6010 ,    2313 ,    377         ,
27 ,    725 ,     q3 ,    2 ,     938 ,     6450 ,    2493 ,    405         ,
27 ,    765 ,     q3 ,    2 ,     1018 ,     6890 ,    2673 ,    430         ,
27 ,    805 ,     q3 ,    2 ,     1022 ,     7254 ,    2739 ,    452         ,
27 ,    845 ,     q3 ,    2 ,     1022 ,     7614 ,    2799 ,    460         ,
27 ,    885 ,     q3 ,    2 ,     1022 ,     7974 ,    2859 ,    478         ,
27 ,    925 ,     q3 ,    2 ,     1022 ,     8334 ,    2919 ,    492         ,
27 ,    965 ,     q3 ,    2 ,     1022 ,     8694 ,    2979 ,    504         ,
27 ,    1005 ,     q3 ,    2 ,     1022 ,     9054 ,    3039 ,    523         ,
27 ,    1045 ,     q3 ,    2 ,     1066 ,     9480 ,    3165 ,    551         ,
27 ,    1085 ,     q3 ,    2 ,     1146 ,     9960 ,    3345 ,    569         ,
27 ,    1125 ,     q3 ,    2 ,     1226 ,     10440 ,    3525 ,    601         ,
27 ,    1165 ,     q3 ,    2 ,     1306 ,     10920 ,    3705 ,    635         ,
27 ,    1205 ,     q3 ,    2 ,     1386 ,     11400 ,    3885 ,    663         ,
27 ,    1245 ,     q3 ,    2 ,     1466 ,     11880 ,    4065 ,    693         ,
27 ,    1285 ,     q3 ,    2 ,     1546 ,     12360 ,    4245 ,    726         ,
27 ,    1325 ,     q3 ,    2 ,     1626 ,     12840 ,    4425 ,    761         ,
27 ,    1365 ,     q3 ,    2 ,     1706 ,     13320 ,    4605 ,    1035         ,
27 ,    1405 ,     q3 ,    2 ,     1786 ,     13800 ,    4785 ,    809         ,
27 ,    1445 ,     q3 ,    2 ,     1866 ,     14280 ,    4965 ,    853         ,
27 ,    1485 ,     q3 ,    2 ,     1946 ,     14760 ,    5145 ,    868         ,
27 ,    1525 ,     q3 ,    2 ,     2026 ,     15240 ,    5325 ,    906         ,
27 ,    1565 ,     q3 ,    2 ,     2046 ,     15660 ,    5415 ,    1026         ,
27 ,    1605 ,     q3 ,    2 ,     2046 ,     16060 ,    5475 ,    945         ,
27 ,    1645 ,     q3 ,    2 ,     2046 ,     16460 ,    5535 ,    952         ,
27 ,    1685 ,     q3 ,    2 ,     2046 ,     16860 ,    5595 ,    976         ,
27 ,    1725 ,     q3 ,    2 ,     2046 ,     17260 ,    5655 ,    980         ,
27 ,    1765 ,     q3 ,    2 ,     2046 ,     17660 ,    5715 ,    1188         ,
27 ,    1805 ,     q3 ,    2 ,     2046 ,     18060 ,    5775 ,    1016         ,
27 ,    1845 ,     q3 ,    2 ,     2046 ,     18460 ,    5835 ,    1041         ,
27 ,    1885 ,     q3 ,    2 ,     2046 ,     18860 ,    5895 ,    1658         ,
27 ,    1925 ,     q3 ,    2 ,     2046 ,     19260 ,    5955 ,    1070         ,
27 ,    1965 ,     q3 ,    2 ,     2046 ,     19660 ,    6015 ,    1069         ,
27 ,    2005 ,     q3 ,    2 ,     2046 ,     20060 ,    6075 ,    1091         ,
27 ,    2045 ,     q3 ,    2 ,     2046 ,     20460 ,    6135 ,    1104         ,
27 ,    2085 ,     q3 ,    2 ,     2122 ,     20974 ,    6309 ,    1149         ,
27 ,    2125 ,     q3 ,    2 ,     2202 ,     21494 ,    6489 ,    1195         ,
27 ,    2165 ,     q3 ,    2 ,     2282 ,     22014 ,    6669 ,    1206         ,
27 ,    2205 ,     q3 ,    2 ,     2362 ,     22534 ,    6849 ,    1232         ,
27 ,    2245 ,     q3 ,    2 ,     2442 ,     23054 ,    7029 ,    1261         ,
27 ,    2285 ,     q3 ,    2 ,     2522 ,     23574 ,    7209 ,    1302         ,
27 ,    2325 ,     q3 ,    2 ,     2602 ,     24094 ,    7389 ,    1332         ,
27 ,    2365 ,     q3 ,    2 ,     2682 ,     24614 ,    7569 ,    1365         ,
27 ,    2405 ,     q3 ,    2 ,     2762 ,     25134 ,    7749 ,    1401         ,
27 ,    2445 ,     q3 ,    2 ,     2842 ,     25654 ,    7929 ,    1532         ,
27 ,    2485 ,     q3 ,    2 ,     2922 ,     26174 ,    8109 ,    1463         ,
27 ,    2525 ,     q3 ,    2 ,     3002 ,     26694 ,    8289 ,    1485         ,
27 ,    2565 ,     q3 ,    2 ,     3082 ,     27214 ,    8469 ,    1507         ,
27 ,    2605 ,     q3 ,    2 ,     3162 ,     27734 ,    8649 ,    1558         ,
27 ,    2645 ,     q3 ,    2 ,     3242 ,     28254 ,    8829 ,    1599         ,
27 ,    2685 ,     q3 ,    2 ,     3322 ,     28774 ,    9009 ,    1620         ,
27 ,    2725 ,     q3 ,    2 ,     3402 ,     29294 ,    9189 ,    1659         ,
27 ,    2765 ,     q3 ,    2 ,     3482 ,     29814 ,    9369 ,    1689         ,
27 ,    2805 ,     q3 ,    2 ,     3562 ,     30334 ,    9549 ,    1704         ,
27 ,    2845 ,     q3 ,    2 ,     3642 ,     30854 ,    9729 ,    1724         ,
27 ,    2885 ,     q3 ,    2 ,     3722 ,     31374 ,    9909 ,    2023         ,
27 ,    2925 ,     q3 ,    2 ,     3802 ,     31894 ,    10089 ,    2435         ,
27 ,    2965 ,     q3 ,    2 ,     3882 ,     32414 ,    10269 ,    1828         ,
27 ,    3005 ,     q3 ,    2 ,     3962 ,     32934 ,    10449 ,    2061         ,
27 ,    3045 ,     q3 ,    2 ,     4042 ,     33454 ,    10629 ,    1883         ,
27 ,    3085 ,     q3 ,    2 ,     4094 ,     33946 ,    10767 ,    1913         ,
27 ,    3125 ,     q3 ,    2 ,     4094 ,     34386 ,    10827 ,    2048         ,
27 ,    3165 ,     q3 ,    2 ,     4094 ,     34826 ,    10887 ,    2012         ,
27 ,    3205 ,     q3 ,    2 ,     4094 ,     35266 ,    10947 ,    2100         ,
27 ,    3245 ,     q3 ,    2 ,     4094 ,     35706 ,    11007 ,    1989         ,
27 ,    3285 ,     q3 ,    2 ,     4094 ,     36146 ,    11067 ,    2006         ,
27 ,    3325 ,     q3 ,    2 ,     4094 ,     36586 ,    11127 ,    2120         ,
27 ,    3365 ,     q3 ,    2 ,     4094 ,     37026 ,    11187 ,    2033         ,
27 ,    3405 ,     q3 ,    2 ,     4094 ,     37466 ,    11247 ,    2055         ,
27 ,    3445 ,     q3 ,    2 ,     4094 ,     37906 ,    11307 ,    2173         ,
27 ,    3485 ,     q3 ,    2 ,     4094 ,     38346 ,    11367 ,    2084         ,
27 ,    3525 ,     q3 ,    2 ,     4094 ,     38786 ,    11427 ,    2102         ,
27 ,    3565 ,     q3 ,    2 ,     4094 ,     39226 ,    11487 ,    2211         ,
27 ,    3605 ,     q3 ,    2 ,     4094 ,     39666 ,    11547 ,    2134         ,
27 ,    3645 ,     q3 ,    2 ,     4094 ,     40106 ,    11607 ,    2168         ,
27 ,    3685 ,     q3 ,    2 ,     4094 ,     40546 ,    11667 ,    2175         ,
27 ,    3725 ,     q3 ,    2 ,     4094 ,     40986 ,    11727 ,    2205         ,
27 ,    3765 ,     q3 ,    2 ,     4094 ,     41426 ,    11787 ,    2315         ,
27 ,    3805 ,     q3 ,    2 ,     4094 ,     41866 ,    11847 ,    2213         ,
27 ,    3845 ,     q3 ,    2 ,     4094 ,     42306 ,    11907 ,    2229         ,
27 ,    3885 ,     q3 ,    2 ,     4094 ,     42746 ,    11967 ,    2362         ,
27 ,    3925 ,     q3 ,    2 ,     4094 ,     43186 ,    12027 ,    2273         ,
27 ,    3965 ,     q3 ,    2 ,     4094 ,     43626 ,    12087 ,    2393         ,
27 ,    4005 ,     q3 ,    2 ,     4094 ,     44066 ,    12147 ,    2311         ,
27 ,    4045 ,     q3 ,    2 ,     4094 ,     44506 ,    12207 ,    2332         ,
27 ,    4085 ,     q3 ,    2 ,     4094 ,     44946 ,    12267 ,    2325         ,
27 ,    4125 ,     q3 ,    2 ,     4154 ,     45476 ,    12417 ,    2371         ,
27 ,    4165 ,     q3 ,    2 ,     4234 ,     46036 ,    12597 ,    2429         ,
27 ,    4205 ,     q3 ,    2 ,     4314 ,     46596 ,    12777 ,    2435         ,
27 ,    4245 ,     q3 ,    2 ,     4394 ,     47156 ,    12957 ,    2596         ,
27 ,    4285 ,     q3 ,    2 ,     4474 ,     47716 ,    13137 ,    2502         ,
27 ,    4325 ,     q3 ,    2 ,     4554 ,     48276 ,    13317 ,    2535         ,
27 ,    4365 ,     q3 ,    2 ,     4634 ,     48836 ,    13497 ,    2553         ,
27 ,    4405 ,     q3 ,    2 ,     4714 ,     49396 ,    13677 ,    2588         ,
27 ,    4445 ,     q3 ,    2 ,     4794 ,     49956 ,    13857 ,    2619         ,
27 ,    4485 ,     q3 ,    2 ,     4874 ,     50516 ,    14037 ,    2654         ,
27 ,    4525 ,     q3 ,    2 ,     4954 ,     51076 ,    14217 ,    2696         ,
27 ,    4565 ,     q3 ,    2 ,     5034 ,     51636 ,    14397 ,    2737         ,
27 ,    4605 ,     q3 ,    2 ,     5114 ,     52196 ,    14577 ,    2770         ,
27 ,    4645 ,     q3 ,    2 ,     5194 ,     52756 ,    14757 ,    2913         ,
27 ,    4685 ,     q3 ,    2 ,     5274 ,     53316 ,    14937 ,    2861         ,
27 ,    4725 ,     q3 ,    2 ,     5354 ,     53876 ,    15117 ,    2883         ,
27 ,    4765 ,     q3 ,    2 ,     5434 ,     54436 ,    15297 ,    3026         ,
27 ,    4805 ,     q3 ,    2 ,     5514 ,     54996 ,    15477 ,    2954         ,
27 ,    4845 ,     q3 ,    2 ,     5594 ,     55556 ,    15657 ,    3058         ,
27 ,    4885 ,     q3 ,    2 ,     5674 ,     56116 ,    15837 ,    3000         ,
27 ,    4925 ,     q3 ,    2 ,     5754 ,     56676 ,    16017 ,    3040         ,
27 ,    4965 ,     q3 ,    2 ,     5834 ,     57236 ,    16197 ,    3211         ,
27 ,    5 ,     q3 ,    3 ,     8 ,     13 ,    15 ,    6         ,
27 ,    45 ,     q3 ,    3 ,     56 ,     237 ,    306 ,    52         ,
27 ,    85 ,     q3 ,    3 ,     110 ,     520 ,    702 ,    98         ,
27 ,    125 ,     q3 ,    3 ,     202 ,     849 ,    1131 ,    194         ,
27 ,    165 ,     q3 ,    3 ,     216 ,     1131 ,    1548 ,    225         ,
27 ,    205 ,     q3 ,    3 ,     294 ,     1539 ,    2064 ,    233         ,
27 ,    245 ,     q3 ,    3 ,     366 ,     1889 ,    2553 ,    320         ,
27 ,    285 ,     q3 ,    3 ,     450 ,     2280 ,    3141 ,    380         ,
27 ,    325 ,     q3 ,    3 ,     422 ,     2585 ,    3516 ,    433         ,
27 ,    365 ,     q3 ,    3 ,     464 ,     2959 ,    4053 ,    523         ,
27 ,    405 ,     q3 ,    3 ,     596 ,     3474 ,    4668 ,    587         ,
27 ,    445 ,     q3 ,    3 ,     728 ,     3840 ,    5277 ,    732         ,
27 ,    485 ,     q3 ,    3 ,     740 ,     4211 ,    5781 ,    737         ,
27 ,    525 ,     q3 ,    3 ,     874 ,     4724 ,    6336 ,    594         ,
27 ,    565 ,     q3 ,    3 ,     840 ,     4940 ,    6750 ,    788         ,
27 ,    605 ,     q3 ,    3 ,     822 ,     5334 ,    7374 ,    787         ,
27 ,    645 ,     q3 ,    3 ,     908 ,     5750 ,    7971 ,    969         ,
27 ,    685 ,     q3 ,    3 ,     930 ,     6265 ,    8547 ,    1131         ,
27 ,    725 ,     q3 ,    3 ,     932 ,     6657 ,    8946 ,    787         ,
27 ,    765 ,     q3 ,    3 ,     1178 ,     7107 ,    9891 ,    1038         ,
27 ,    805 ,     q3 ,    3 ,     1178 ,     7510 ,    10389 ,    1342         ,
27 ,    845 ,     q3 ,    3 ,     1202 ,     7811 ,    10902 ,    1187         ,
27 ,    885 ,     q3 ,    3 ,     1192 ,     8369 ,    11433 ,    1302         ,
27 ,    925 ,     q3 ,    3 ,     1482 ,     9016 ,    12441 ,    1118         ,
27 ,    965 ,     q3 ,    3 ,     1488 ,     9179 ,    12741 ,    1131         ,
27 ,    1005 ,     q3 ,    3 ,     1608 ,     9708 ,    13512 ,    1561         ,
27 ,    1045 ,     q3 ,    3 ,     1636 ,     10164 ,    13995 ,    1580         ,
27 ,    1085 ,     q3 ,    3 ,     1676 ,     10525 ,    14658 ,    1295         ,
27 ,    1125 ,     q3 ,    3 ,     1634 ,     10941 ,    15219 ,    1331         ,
27 ,    1165 ,     q3 ,    3 ,     1706 ,     11663 ,    16071 ,    1391         ,
27 ,    1205 ,     q3 ,    3 ,     1636 ,     11864 ,    16491 ,    1439         ,
27 ,    1245 ,     q3 ,    3 ,     1618 ,     12233 ,    17022 ,    1478         ,
27 ,    1285 ,     q3 ,    3 ,     1828 ,     12939 ,    17820 ,    1656         ,
27 ,    1325 ,     q3 ,    3 ,     1832 ,     13140 ,    18333 ,    1570         ,
27 ,    1365 ,     q3 ,    3 ,     1832 ,     13851 ,    18876 ,    1618         ,
27 ,    1405 ,     q3 ,    3 ,     1818 ,     14151 ,    19695 ,    1687         ,
27 ,    1445 ,     q3 ,    3 ,     1866 ,     14587 ,    20388 ,    1738         ,
27 ,    1485 ,     q3 ,    3 ,     1872 ,     15115 ,    20541 ,    1764         ,
27 ,    1525 ,     q3 ,    3 ,     1872 ,     15667 ,    21498 ,    1800         ,
27 ,    1565 ,     q3 ,    3 ,     2448 ,     16416 ,    22695 ,    1959         ,
27 ,    1605 ,     q3 ,    3 ,     2396 ,     16683 ,    23244 ,    2094         ,
27 ,    1645 ,     q3 ,    3 ,     2346 ,     17275 ,    23808 ,    2014         ,
27 ,    1685 ,     q3 ,    3 ,     2382 ,     17495 ,    24483 ,    2084         ,
27 ,    1725 ,     q3 ,    3 ,     2386 ,     17766 ,    24780 ,    2135         ,
27 ,    1765 ,     q3 ,    3 ,     3156 ,     18818 ,    26292 ,    2287         ,
27 ,    1805 ,     q3 ,    3 ,     2922 ,     19012 ,    26691 ,    2288         ,
27 ,    1845 ,     q3 ,    3 ,     2982 ,     19368 ,    27213 ,    2342         ,
27 ,    1885 ,     q3 ,    3 ,     2962 ,     19803 ,    27762 ,    2386         ,
27 ,    1925 ,     q3 ,    3 ,     2956 ,     20474 ,    28419 ,    2428         ,
27 ,    1965 ,     q3 ,    3 ,     2658 ,     20832 ,    28734 ,    2442         ,
27 ,    2005 ,     q3 ,    3 ,     3272 ,     21410 ,    29913 ,    2675         ,
27 ,    2045 ,     q3 ,    3 ,     2696 ,     22263 ,    29838 ,    2615         ,
27 ,    2085 ,     q3 ,    3 ,     3626 ,     23185 ,    31578 ,    2779         ,
27 ,    2125 ,     q3 ,    3 ,     3592 ,     23635 ,    32154 ,    2728         ,
27 ,    2165 ,     q3 ,    3 ,     3608 ,     23555 ,    32679 ,    3101         ,
27 ,    2205 ,     q3 ,    3 ,     3608 ,     23929 ,    33150 ,    2815         ,
27 ,    2245 ,     q3 ,    3 ,     3312 ,     24069 ,    33687 ,    2861         ,
27 ,    2285 ,     q3 ,    3 ,     3368 ,     25023 ,    35079 ,    2973         ,
27 ,    2325 ,     q3 ,    3 ,     3398 ,     25481 ,    35292 ,    3010         ,
27 ,    2365 ,     q3 ,    3 ,     3372 ,     25859 ,    36231 ,    3059         ,
27 ,    2405 ,     q3 ,    3 ,     3658 ,     26406 ,    36960 ,    3144         ,
27 ,    2445 ,     q3 ,    3 ,     3408 ,     26559 ,    37215 ,    3247         ,
27 ,    2485 ,     q3 ,    3 ,     3278 ,     26970 ,    37917 ,    3277         ,
27 ,    2525 ,     q3 ,    3 ,     3626 ,     27546 ,    38664 ,    3278         ,
27 ,    2565 ,     q3 ,    3 ,     3242 ,     27688 ,    38853 ,    3269         ,
27 ,    2605 ,     q3 ,    3 ,     3272 ,     28102 ,    39414 ,    3320         ,
27 ,    2645 ,     q3 ,    3 ,     3718 ,     29659 ,    40428 ,    3490         ,
27 ,    2685 ,     q3 ,    3 ,     3242 ,     29510 ,    41448 ,    3552         ,
27 ,    2725 ,     q3 ,    3 ,     3698 ,     30300 ,    41886 ,    3745         ,
27 ,    2765 ,     q3 ,    3 ,     3724 ,     30697 ,    43131 ,    3911         ,
27 ,    2805 ,     q3 ,    3 ,     3626 ,     31164 ,    43218 ,    3591         ,
27 ,    2845 ,     q3 ,    3 ,     3682 ,     31443 ,    44301 ,    3711         ,
27 ,    2885 ,     q3 ,    3 ,     3664 ,     31870 ,    44772 ,    4060         ,
27 ,    2925 ,     q3 ,    3 ,     3722 ,     32579 ,    45345 ,    3838         ,
27 ,    2965 ,     q3 ,    3 ,     3856 ,     33061 ,    46134 ,    3985         ,
27 ,    3005 ,     q3 ,    3 ,     3816 ,     33274 ,    46737 ,    4028         ,
27 ,    3045 ,     q3 ,    3 ,     3658 ,     33577 ,    47160 ,    3904         ,
27 ,    3085 ,     q3 ,    3 ,     4772 ,     35158 ,    49032 ,    4268         ,
27 ,    3125 ,     q3 ,    3 ,     4760 ,     35395 ,    49788 ,    6441         ,
27 ,    3165 ,     q3 ,    3 ,     4722 ,     35921 ,    50478 ,    4302         ,
27 ,    3205 ,     q3 ,    3 ,     4774 ,     35915 ,    50511 ,    4381         ,
27 ,    3245 ,     q3 ,    3 ,     4914 ,     36914 ,    51882 ,    4343         ,
27 ,    3285 ,     q3 ,    3 ,     4770 ,     37224 ,    52353 ,    4555         ,
27 ,    3325 ,     q3 ,    3 ,     4774 ,     37544 ,    52869 ,    4434         ,
27 ,    3365 ,     q3 ,    3 ,     4710 ,     38782 ,    53766 ,    4512         ,
27 ,    3405 ,     q3 ,    3 ,     4996 ,     38703 ,    54399 ,    4833         ,
27 ,    3445 ,     q3 ,    3 ,     4926 ,     38965 ,    54765 ,    4619         ,
27 ,    3485 ,     q3 ,    3 ,     4902 ,     39470 ,    55611 ,    4759         ,
27 ,    3525 ,     q3 ,    3 ,     4910 ,     39932 ,    56193 ,    4720         ,
27 ,    3565 ,     q3 ,    3 ,     4788 ,     40958 ,    56850 ,    4847         ,
27 ,    3605 ,     q3 ,    3 ,     4782 ,     40774 ,    57444 ,    4832         ,
27 ,    3645 ,     q3 ,    3 ,     5816 ,     42089 ,    59331 ,    5034         ,
27 ,    3685 ,     q3 ,    3 ,     4772 ,     42562 ,    58710 ,    4952         ,
27 ,    3725 ,     q3 ,    3 ,     5922 ,     42881 ,    60495 ,    5207         ,
27 ,    3765 ,     q3 ,    3 ,     5922 ,     43724 ,    61293 ,    5113         ,
27 ,    3805 ,     q3 ,    3 ,     6436 ,     44059 ,    62160 ,    5469         ,
27 ,    3845 ,     q3 ,    3 ,     5808 ,     44761 ,    63111 ,    5401         ,
27 ,    3885 ,     q3 ,    3 ,     6480 ,     45665 ,    63933 ,    5404         ,
27 ,    3925 ,     q3 ,    3 ,     5960 ,     45532 ,    64110 ,    5417         ,
27 ,    3965 ,     q3 ,    3 ,     6470 ,     46376 ,    65616 ,    5646         ,
27 ,    4005 ,     q3 ,    3 ,     6538 ,     46694 ,    65853 ,    5704         ,
27 ,    4045 ,     q3 ,    3 ,     6450 ,     47177 ,    66576 ,    5745         ,
27 ,    4085 ,     q3 ,    3 ,     6456 ,     47675 ,    67095 ,    5615         ,
27 ,    4125 ,     q3 ,    3 ,     7222 ,     49271 ,    68580 ,    5919         ,
27 ,    4165 ,     q3 ,    3 ,     5872 ,     48130 ,    67803 ,    5783         ,
27 ,    4205 ,     q3 ,    3 ,     6542 ,     49001 ,    69006 ,    6849         ,
27 ,    4245 ,     q3 ,    3 ,     6536 ,     49456 ,    69738 ,    7589         ,
27 ,    4285 ,     q3 ,    3 ,     7090 ,     50952 ,    70974 ,    6064         ,
27 ,    4325 ,     q3 ,    3 ,     6472 ,     50364 ,    71094 ,    6090         ,
27 ,    4365 ,     q3 ,    3 ,     6486 ,     50682 ,    71523 ,    6108         ,
27 ,    4405 ,     q3 ,    3 ,     6516 ,     51120 ,    72126 ,    6177         ,
27 ,    4445 ,     q3 ,    3 ,     6504 ,     51547 ,    72879 ,    6235         ,
27 ,    4485 ,     q3 ,    3 ,     7264 ,     53123 ,    73995 ,    6310         ,
27 ,    4525 ,     q3 ,    3 ,     6514 ,     52828 ,    74703 ,    6216         ,
27 ,    4565 ,     q3 ,    3 ,     6758 ,     53495 ,    75372 ,    6470         ,
27 ,    4605 ,     q3 ,    3 ,     7088 ,     54652 ,    76380 ,    6539         ,
27 ,    4645 ,     q3 ,    3 ,     6988 ,     54573 ,    76788 ,    6555         ,
27 ,    4685 ,     q3 ,    3 ,     7110 ,     56215 ,    79008 ,    6755         ,
27 ,    4725 ,     q3 ,    3 ,     6440 ,     56201 ,    78810 ,    6636         ,
27 ,    4765 ,     q3 ,    3 ,     6962 ,     56657 ,    80064 ,    6649         ,
27 ,    4805 ,     q3 ,    3 ,     6552 ,     56853 ,    80397 ,    7565         ,
27 ,    4845 ,     q3 ,    3 ,     7272 ,     57666 ,    81303 ,    6932         ,
27 ,    4885 ,     q3 ,    3 ,     7440 ,     58953 ,    82152 ,    6949         ,
27 ,    4925 ,     q3 ,    3 ,     7332 ,     58564 ,    82530 ,    6879         ,
27 ,    4965 ,     q3 ,    3 ,     6754 ,     58954 ,    83070 ,    6836         ,
27 ,    5 ,     q3 ,    4 ,     6 ,     13 ,    15 ,    4         ,
27 ,    45 ,     q3 ,    4 ,     68 ,     254 ,    288 ,    44         ,
27 ,    85 ,     q3 ,    4 ,     140 ,     571 ,    624 ,    84         ,
27 ,    125 ,     q3 ,    4 ,     178 ,     907 ,    1005 ,    128         ,
27 ,    165 ,     q3 ,    4 ,     240 ,     1241 ,    1395 ,    171         ,
27 ,    205 ,     q3 ,    4 ,     300 ,     1572 ,    1860 ,    210         ,
27 ,    245 ,     q3 ,    4 ,     370 ,     1943 ,    2301 ,    267         ,
27 ,    285 ,     q3 ,    4 ,     424 ,     2425 ,    2763 ,    310         ,
27 ,    325 ,     q3 ,    4 ,     468 ,     2687 ,    3204 ,    362         ,
27 ,    365 ,     q3 ,    4 ,     562 ,     3134 ,    3756 ,    400         ,
27 ,    405 ,     q3 ,    4 ,     626 ,     3541 ,    4242 ,    457         ,
27 ,    445 ,     q3 ,    4 ,     604 ,     3910 ,    4620 ,    493         ,
27 ,    485 ,     q3 ,    4 ,     710 ,     4394 ,    5277 ,    554         ,
27 ,    525 ,     q3 ,    4 ,     806 ,     4659 ,    5826 ,    612         ,
27 ,    565 ,     q3 ,    4 ,     876 ,     5324 ,    6288 ,    659         ,
27 ,    605 ,     q3 ,    4 ,     930 ,     5454 ,    6918 ,    701         ,
27 ,    645 ,     q3 ,    4 ,     946 ,     6035 ,    7329 ,    760         ,
27 ,    685 ,     q3 ,    4 ,     996 ,     6371 ,    7842 ,    809         ,
27 ,    725 ,     q3 ,    4 ,     918 ,     7023 ,    8232 ,    831         ,
27 ,    765 ,     q3 ,    4 ,     1020 ,     7317 ,    8868 ,    881         ,
27 ,    805 ,     q3 ,    4 ,     1106 ,     7472 ,    9471 ,    949         ,
27 ,    845 ,     q3 ,    4 ,     1304 ,     8140 ,    10239 ,    1026         ,
27 ,    885 ,     q3 ,    4 ,     1432 ,     8759 ,    10782 ,    1097         ,
27 ,    925 ,     q3 ,    4 ,     1310 ,     8858 ,    11292 ,    1132         ,
27 ,    965 ,     q3 ,    4 ,     1340 ,     9378 ,    11853 ,    1181         ,
27 ,    1005 ,     q3 ,    4 ,     1388 ,     10356 ,    12258 ,    1210         ,
27 ,    1045 ,     q3 ,    4 ,     1612 ,     10258 ,    13089 ,    1464         ,
27 ,    1085 ,     q3 ,    4 ,     1578 ,     10660 ,    13599 ,    1323         ,
27 ,    1125 ,     q3 ,    4 ,     1676 ,     11892 ,    13914 ,    1495         ,
27 ,    1165 ,     q3 ,    4 ,     1906 ,     11823 ,    14961 ,    1478         ,
27 ,    1205 ,     q3 ,    4 ,     1776 ,     12530 ,    15318 ,    1497         ,
27 ,    1245 ,     q3 ,    4 ,     1796 ,     12560 ,    15906 ,    1686         ,
27 ,    1285 ,     q3 ,    4 ,     1990 ,     12953 ,    16470 ,    1639         ,
27 ,    1325 ,     q3 ,    4 ,     2048 ,     13400 ,    17178 ,    1702         ,
27 ,    1365 ,     q3 ,    4 ,     2048 ,     14368 ,    17640 ,    1744         ,
27 ,    1405 ,     q3 ,    4 ,     1854 ,     15386 ,    17832 ,    1722         ,
27 ,    1445 ,     q3 ,    4 ,     2144 ,     14801 ,    18996 ,    1846         ,
27 ,    1485 ,     q3 ,    4 ,     2396 ,     15561 ,    19650 ,    2041         ,
27 ,    1525 ,     q3 ,    4 ,     2168 ,     16060 ,    20028 ,    1965         ,
27 ,    1565 ,     q3 ,    4 ,     2428 ,     16719 ,    20775 ,    2029         ,
27 ,    1605 ,     q3 ,    4 ,     2226 ,     16916 ,    21276 ,    2072         ,
27 ,    1645 ,     q3 ,    4 ,     2432 ,     17236 ,    21972 ,    2276         ,
27 ,    1685 ,     q3 ,    4 ,     2662 ,     18308 ,    22938 ,    2357         ,
27 ,    1725 ,     q3 ,    4 ,     2506 ,     18070 ,    23319 ,    2231         ,
27 ,    1765 ,     q3 ,    4 ,     2460 ,     18698 ,    24009 ,    2283         ,
27 ,    1805 ,     q3 ,    4 ,     2386 ,     19267 ,    24462 ,    2345         ,
27 ,    1845 ,     q3 ,    4 ,     2668 ,     20299 ,    24864 ,    2368         ,
27 ,    1885 ,     q3 ,    4 ,     2890 ,     21150 ,    25578 ,    2427         ,
27 ,    1925 ,     q3 ,    4 ,     2616 ,     21077 ,    26202 ,    2628         ,
27 ,    1965 ,     q3 ,    4 ,     2796 ,     21047 ,    27039 ,    2574         ,
27 ,    2005 ,     q3 ,    4 ,     2802 ,     21799 ,    27657 ,    2753         ,
27 ,    2045 ,     q3 ,    4 ,     2782 ,     22287 ,    28284 ,    2795         ,
27 ,    2085 ,     q3 ,    4 ,     3204 ,     23373 ,    28974 ,    2870         ,
27 ,    2125 ,     q3 ,    4 ,     3088 ,     22774 ,    29787 ,    2810         ,
27 ,    2165 ,     q3 ,    4 ,     2946 ,     23991 ,    29769 ,    2811         ,
27 ,    2205 ,     q3 ,    4 ,     3024 ,     24273 ,    30582 ,    2902         ,
27 ,    2245 ,     q3 ,    4 ,     3060 ,     25264 ,    31290 ,    3073         ,
27 ,    2285 ,     q3 ,    4 ,     3078 ,     25805 ,    31827 ,    3645         ,
27 ,    2325 ,     q3 ,    4 ,     3520 ,     25809 ,    33072 ,    3132         ,
27 ,    2365 ,     q3 ,    4 ,     3626 ,     26013 ,    33675 ,    3199         ,
27 ,    2405 ,     q3 ,    4 ,     3336 ,     27631 ,    33852 ,    3175         ,
27 ,    2445 ,     q3 ,    4 ,     3752 ,     27186 ,    35118 ,    3345         ,
27 ,    2485 ,     q3 ,    4 ,     3428 ,     27169 ,    35199 ,    3292         ,
27 ,    2525 ,     q3 ,    4 ,     3706 ,     28769 ,    35856 ,    3398         ,
27 ,    2565 ,     q3 ,    4 ,     4006 ,     29218 ,    37134 ,    3564         ,
27 ,    2605 ,     q3 ,    4 ,     4004 ,     29592 ,    37584 ,    3759         ,
27 ,    2645 ,     q3 ,    4 ,     4292 ,     30336 ,    38598 ,    3598         ,
27 ,    2685 ,     q3 ,    4 ,     4018 ,     30914 ,    38940 ,    3611         ,
27 ,    2725 ,     q3 ,    4 ,     4106 ,     30768 ,    39651 ,    3713         ,
27 ,    2765 ,     q3 ,    4 ,     4218 ,     30718 ,    40407 ,    3898         ,
27 ,    2805 ,     q3 ,    4 ,     3742 ,     32694 ,    40056 ,    3744         ,
27 ,    2845 ,     q3 ,    4 ,     3878 ,     32528 ,    41025 ,    3818         ,
27 ,    2885 ,     q3 ,    4 ,     4300 ,     33359 ,    42030 ,    4005         ,
27 ,    2925 ,     q3 ,    4 ,     4220 ,     32730 ,    42465 ,    3983         ,
27 ,    2965 ,     q3 ,    4 ,     4482 ,     35486 ,    43302 ,    4002         ,
27 ,    3005 ,     q3 ,    4 ,     4420 ,     34412 ,    44247 ,    4256         ,
27 ,    3045 ,     q3 ,    4 ,     4224 ,     35096 ,    44637 ,    4159         ,
27 ,    3085 ,     q3 ,    4 ,     4366 ,     35592 ,    45246 ,    4242         ,
27 ,    3125 ,     q3 ,    4 ,     4394 ,     35442 ,    46356 ,    4304         ,
27 ,    3165 ,     q3 ,    4 ,     4488 ,     35921 ,    46833 ,    4368         ,
27 ,    3205 ,     q3 ,    4 ,     4674 ,     38309 ,    47415 ,    4524         ,
27 ,    3245 ,     q3 ,    4 ,     4530 ,     37098 ,    48075 ,    4480         ,
27 ,    3285 ,     q3 ,    4 ,     4682 ,     37897 ,    48735 ,    4876         ,
27 ,    3325 ,     q3 ,    4 ,     5016 ,     38744 ,    49869 ,    4617         ,
27 ,    3365 ,     q3 ,    4 ,     4480 ,     38901 ,    49770 ,    4683         ,
27 ,    3405 ,     q3 ,    4 ,     5052 ,     40293 ,    50640 ,    4698         ,
27 ,    3445 ,     q3 ,    4 ,     4572 ,     39535 ,    51372 ,    4867         ,
27 ,    3485 ,     q3 ,    4 ,     4610 ,     39959 ,    51708 ,    4753         ,
27 ,    3525 ,     q3 ,    4 ,     4938 ,     41434 ,    52518 ,    4969         ,
27 ,    3565 ,     q3 ,    4 ,     5124 ,     41948 ,    53355 ,    5035         ,
27 ,    3605 ,     q3 ,    4 ,     4994 ,     42383 ,    54036 ,    4983         ,
27 ,    3645 ,     q3 ,    4 ,     5606 ,     42734 ,    55359 ,    5267         ,
27 ,    3685 ,     q3 ,    4 ,     5104 ,     44455 ,    55401 ,    5117         ,
27 ,    3725 ,     q3 ,    4 ,     4850 ,     42807 ,    56133 ,    5255         ,
27 ,    3765 ,     q3 ,    4 ,     5278 ,     43561 ,    56814 ,    5384         ,
27 ,    3805 ,     q3 ,    4 ,     5896 ,     45855 ,    58308 ,    5504         ,
27 ,    3845 ,     q3 ,    4 ,     5732 ,     46299 ,    58269 ,    5356         ,
27 ,    3885 ,     q3 ,    4 ,     5222 ,     45814 ,    58770 ,    5461         ,
27 ,    3925 ,     q3 ,    4 ,     5506 ,     46742 ,    59604 ,    5573         ,
27 ,    3965 ,     q3 ,    4 ,     5750 ,     47107 ,    60834 ,    5653         ,
27 ,    4005 ,     q3 ,    4 ,     5210 ,     46606 ,    60996 ,    5573         ,
27 ,    4045 ,     q3 ,    4 ,     5606 ,     47570 ,    61557 ,    5646         ,
27 ,    4085 ,     q3 ,    4 ,     5472 ,     47361 ,    62520 ,    5853         ,
27 ,    4125 ,     q3 ,    4 ,     6298 ,     50396 ,    63204 ,    5947         ,
27 ,    4165 ,     q3 ,    4 ,     6670 ,     49689 ,    64350 ,    6080         ,
27 ,    4205 ,     q3 ,    4 ,     6222 ,     50158 ,    64935 ,    6063         ,
27 ,    4245 ,     q3 ,    4 ,     6198 ,     52752 ,    64479 ,    5883         ,
27 ,    4285 ,     q3 ,    4 ,     6680 ,     51687 ,    66138 ,    6064         ,
27 ,    4325 ,     q3 ,    4 ,     6302 ,     52189 ,    67038 ,    6166         ,
27 ,    4365 ,     q3 ,    4 ,     6296 ,     52552 ,    67599 ,    6476         ,
27 ,    4405 ,     q3 ,    4 ,     5904 ,     53655 ,    67290 ,    6090         ,
27 ,    4445 ,     q3 ,    4 ,     6318 ,     54512 ,    68142 ,    6289         ,
27 ,    4485 ,     q3 ,    4 ,     6934 ,     55136 ,    69654 ,    6412         ,
27 ,    4525 ,     q3 ,    4 ,     6262 ,     53983 ,    70095 ,    8730         ,
27 ,    4565 ,     q3 ,    4 ,     6366 ,     54547 ,    70620 ,    6690         ,
27 ,    4605 ,     q3 ,    4 ,     5864 ,     54389 ,    70782 ,    6522         ,
27 ,    4645 ,     q3 ,    4 ,     7044 ,     55265 ,    73029 ,    6699         ,
27 ,    4685 ,     q3 ,    4 ,     7234 ,     56280 ,    73650 ,    6713         ,
27 ,    4725 ,     q3 ,    4 ,     7210 ,     57600 ,    73458 ,    6896         ,
27 ,    4765 ,     q3 ,    4 ,     7174 ,     56980 ,    74565 ,    6967         ,
27 ,    4805 ,     q3 ,    4 ,     6946 ,     58578 ,    75195 ,    6842         ,
27 ,    4845 ,     q3 ,    4 ,     6682 ,     60461 ,    75345 ,    6976         ,
27 ,    4885 ,     q3 ,    4 ,     7338 ,     58658 ,    77052 ,    7196         ,
27 ,    4925 ,     q3 ,    4 ,     6954 ,     59843 ,    76830 ,    7004         ,
27 ,    4965 ,     q3 ,    4 ,     8192 ,     60279 ,    79215 ,    7366         ,


