SEED ,  SIZE ,  ALG ,  TYPE ,  CALLS ,  CMP ,     MOVE ,    TIME              ,
27 ,    5 ,     qi ,    0 ,     3 ,     11 ,    14 ,    5         ,
27 ,    45 ,     qi ,    0 ,     4 ,     491 ,    499 ,    43         ,
27 ,    85 ,     qi ,    0 ,     10 ,     973 ,    996 ,    91         ,
27 ,    125 ,     qi ,    0 ,     16 ,     1197 ,    1240 ,    123         ,
27 ,    165 ,     qi ,    0 ,     13 ,     1696 ,    1878 ,    173         ,
27 ,    205 ,     qi ,    0 ,     24 ,     2498 ,    2268 ,    228         ,
27 ,    245 ,     qi ,    0 ,     19 ,     3240 ,    3238 ,    301         ,
27 ,    285 ,     qi ,    0 ,     28 ,     3141 ,    3464 ,    338         ,
27 ,    325 ,     qi ,    0 ,     28 ,     3750 ,    4065 ,    388         ,
27 ,    365 ,     qi ,    0 ,     40 ,     4126 ,    4349 ,    439         ,
27 ,    405 ,     qi ,    0 ,     46 ,     4799 ,    4789 ,    491         ,
27 ,    445 ,     qi ,    0 ,     49 ,     5318 ,    5684 ,    695         ,
27 ,    485 ,     qi ,    0 ,     52 ,     6144 ,    6388 ,    633         ,
27 ,    525 ,     qi ,    0 ,     63 ,     6320 ,    6683 ,    696         ,
27 ,    565 ,     qi ,    0 ,     58 ,     6615 ,    7013 ,    721         ,
27 ,    605 ,     qi ,    0 ,     64 ,     6722 ,    7383 ,    751         ,
27 ,    645 ,     qi ,    0 ,     79 ,     9395 ,    8252 ,    868         ,
27 ,    685 ,     qi ,    0 ,     82 ,     8303 ,    8751 ,    906         ,
27 ,    725 ,     qi ,    0 ,     90 ,     9572 ,    9471 ,    1093         ,
27 ,    765 ,     qi ,    0 ,     82 ,     10016 ,    10245 ,    1044         ,
27 ,    805 ,     qi ,    0 ,     100 ,     11320 ,    10991 ,    1134         ,
27 ,    845 ,     qi ,    0 ,     97 ,     9755 ,    10759 ,    1120         ,
27 ,    885 ,     qi ,    0 ,     127 ,     11264 ,    11058 ,    1316         ,
27 ,    925 ,     qi ,    0 ,     91 ,     12166 ,    12789 ,    1299         ,
27 ,    965 ,     qi ,    0 ,     118 ,     12719 ,    12164 ,    1330         ,
27 ,    1005 ,     qi ,    0 ,     117 ,     14371 ,    12757 ,    1370         ,
27 ,    1045 ,     qi ,    0 ,     111 ,     12939 ,    14025 ,    1585         ,
27 ,    1085 ,     qi ,    0 ,     111 ,     15972 ,    14420 ,    1526         ,
27 ,    1125 ,     qi ,    0 ,     133 ,     14660 ,    13779 ,    1506         ,
27 ,    1165 ,     qi ,    0 ,     129 ,     15618 ,    15826 ,    1644         ,
27 ,    1205 ,     qi ,    0 ,     126 ,     15430 ,    16697 ,    1848         ,
27 ,    1245 ,     qi ,    0 ,     145 ,     17350 ,    16030 ,    1743         ,
27 ,    1285 ,     qi ,    0 ,     154 ,     18349 ,    17884 ,    1892         ,
27 ,    1325 ,     qi ,    0 ,     151 ,     17395 ,    17239 ,    1998         ,
27 ,    1365 ,     qi ,    0 ,     167 ,     19041 ,    18654 ,    1979         ,
27 ,    1405 ,     qi ,    0 ,     136 ,     19977 ,    19889 ,    2076         ,
27 ,    1445 ,     qi ,    0 ,     168 ,     21306 ,    20420 ,    2282         ,
27 ,    1485 ,     qi ,    0 ,     159 ,     20561 ,    20584 ,    2154         ,
27 ,    1525 ,     qi ,    0 ,     154 ,     20851 ,    21356 ,    2212         ,
27 ,    1565 ,     qi ,    0 ,     174 ,     21999 ,    21599 ,    2290         ,
27 ,    1605 ,     qi ,    0 ,     203 ,     22447 ,    21319 ,    2370         ,
27 ,    1645 ,     qi ,    0 ,     169 ,     23291 ,    23449 ,    2599         ,
27 ,    1685 ,     qi ,    0 ,     178 ,     21380 ,    23042 ,    2443         ,
27 ,    1725 ,     qi ,    0 ,     182 ,     22495 ,    23921 ,    2532         ,
27 ,    1765 ,     qi ,    0 ,     190 ,     26706 ,    25563 ,    2847         ,
27 ,    1805 ,     qi ,    0 ,     216 ,     28332 ,    24187 ,    2663         ,
27 ,    1845 ,     qi ,    0 ,     208 ,     25641 ,    26050 ,    2940         ,
27 ,    1885 ,     qi ,    0 ,     193 ,     28982 ,    26941 ,    2956         ,
27 ,    1925 ,     qi ,    0 ,     201 ,     29446 ,    27280 ,    2975         ,
27 ,    1965 ,     qi ,    0 ,     217 ,     28266 ,    27901 ,    2941         ,
27 ,    2005 ,     qi ,    0 ,     217 ,     27902 ,    27870 ,    3134         ,
27 ,    2045 ,     qi ,    0 ,     244 ,     29151 ,    29159 ,    3115         ,
27 ,    2085 ,     qi ,    0 ,     231 ,     29794 ,    29640 ,    3331         ,
27 ,    2125 ,     qi ,    0 ,     229 ,     32092 ,    30417 ,    3231         ,
27 ,    2165 ,     qi ,    0 ,     246 ,     30026 ,    31030 ,    3433         ,
27 ,    2205 ,     qi ,    0 ,     247 ,     34243 ,    31012 ,    3568         ,
27 ,    2245 ,     qi ,    0 ,     256 ,     33564 ,    32068 ,    3474         ,
27 ,    2285 ,     qi ,    0 ,     237 ,     32349 ,    33163 ,    3654         ,
27 ,    2325 ,     qi ,    0 ,     271 ,     33171 ,    33319 ,    3643         ,
27 ,    2365 ,     qi ,    0 ,     280 ,     35643 ,    33493 ,    4095         ,
27 ,    2405 ,     qi ,    0 ,     258 ,     36080 ,    35629 ,    3986         ,
27 ,    2445 ,     qi ,    0 ,     274 ,     36243 ,    35325 ,    3982         ,
27 ,    2485 ,     qi ,    0 ,     279 ,     35644 ,    35511 ,    3851         ,
27 ,    2525 ,     qi ,    0 ,     268 ,     37368 ,    37047 ,    3929         ,
27 ,    2565 ,     qi ,    0 ,     279 ,     36563 ,    37483 ,    4109         ,
27 ,    2605 ,     qi ,    0 ,     279 ,     39155 ,    37302 ,    4000         ,
27 ,    2645 ,     qi ,    0 ,     300 ,     43575 ,    37965 ,    4454         ,
27 ,    2685 ,     qi ,    0 ,     284 ,     38982 ,    39783 ,    4358         ,
27 ,    2725 ,     qi ,    0 ,     326 ,     40835 ,    39382 ,    4313         ,
27 ,    2765 ,     qi ,    0 ,     305 ,     43286 ,    39426 ,    4450         ,
27 ,    2805 ,     qi ,    0 ,     320 ,     40117 ,    40542 ,    4424         ,
27 ,    2845 ,     qi ,    0 ,     359 ,     40881 ,    39422 ,    4521         ,
27 ,    2885 ,     qi ,    0 ,     322 ,     41337 ,    41753 ,    4856         ,
27 ,    2925 ,     qi ,    0 ,     340 ,     42055 ,    42817 ,    4760         ,
27 ,    2965 ,     qi ,    0 ,     372 ,     42044 ,    41145 ,    4699         ,
27 ,    3005 ,     qi ,    0 ,     345 ,     45118 ,    44558 ,    4989         ,
27 ,    3045 ,     qi ,    0 ,     348 ,     42214 ,    45198 ,    4815         ,
27 ,    3085 ,     qi ,    0 ,     372 ,     44155 ,    43381 ,    5417         ,
27 ,    3125 ,     qi ,    0 ,     345 ,     43843 ,    45548 ,    5044         ,
27 ,    3165 ,     qi ,    0 ,     367 ,     47166 ,    45520 ,    5134         ,
27 ,    3205 ,     qi ,    0 ,     354 ,     45689 ,    46785 ,    5031         ,
27 ,    3245 ,     qi ,    0 ,     391 ,     49663 ,    48426 ,    5401         ,
27 ,    3285 ,     qi ,    0 ,     371 ,     49691 ,    48733 ,    5329         ,
27 ,    3325 ,     qi ,    0 ,     408 ,     51931 ,    48248 ,    5338         ,
27 ,    3365 ,     qi ,    0 ,     415 ,     50996 ,    48486 ,    5848         ,
27 ,    3405 ,     qi ,    0 ,     370 ,     51595 ,    50008 ,    5852         ,
27 ,    3445 ,     qi ,    0 ,     403 ,     48534 ,    48907 ,    5512         ,
27 ,    3485 ,     qi ,    0 ,     403 ,     52240 ,    51542 ,    5634         ,
27 ,    3525 ,     qi ,    0 ,     408 ,     54532 ,    52313 ,    5822         ,
27 ,    3565 ,     qi ,    0 ,     451 ,     53942 ,    50076 ,    5695         ,
27 ,    3605 ,     qi ,    0 ,     422 ,     53938 ,    51968 ,    5760         ,
27 ,    3645 ,     qi ,    0 ,     434 ,     55793 ,    53368 ,    6405         ,
27 ,    3685 ,     qi ,    0 ,     420 ,     50413 ,    53703 ,    5904         ,
27 ,    3725 ,     qi ,    0 ,     417 ,     56497 ,    54288 ,    6259         ,
27 ,    3765 ,     qi ,    0 ,     406 ,     54958 ,    54713 ,    6088         ,
27 ,    3805 ,     qi ,    0 ,     419 ,     59184 ,    57117 ,    6726         ,
27 ,    3845 ,     qi ,    0 ,     445 ,     59263 ,    56650 ,    6418         ,
27 ,    3885 ,     qi ,    0 ,     427 ,     58930 ,    57639 ,    6496         ,
27 ,    3925 ,     qi ,    0 ,     408 ,     57481 ,    57952 ,    6791         ,
27 ,    3965 ,     qi ,    0 ,     473 ,     64634 ,    57473 ,    6433         ,
27 ,    4005 ,     qi ,    0 ,     464 ,     61007 ,    59234 ,    6668         ,
27 ,    4045 ,     qi ,    0 ,     468 ,     60785 ,    59774 ,    6502         ,
27 ,    4085 ,     qi ,    0 ,     456 ,     59515 ,    60464 ,    6746         ,
27 ,    4125 ,     qi ,    0 ,     469 ,     64048 ,    61033 ,    9072         ,
27 ,    4165 ,     qi ,    0 ,     473 ,     62598 ,    62618 ,    6926         ,
27 ,    4205 ,     qi ,    0 ,     497 ,     65416 ,    62937 ,    7001         ,
27 ,    4245 ,     qi ,    0 ,     473 ,     63501 ,    62830 ,    7023         ,
27 ,    4285 ,     qi ,    0 ,     482 ,     65591 ,    63886 ,    7133         ,
27 ,    4325 ,     qi ,    0 ,     504 ,     66164 ,    63529 ,    7099         ,
27 ,    4365 ,     qi ,    0 ,     510 ,     65649 ,    63602 ,    7519         ,
27 ,    4405 ,     qi ,    0 ,     492 ,     74724 ,    65594 ,    7352         ,
27 ,    4445 ,     qi ,    0 ,     484 ,     66765 ,    68468 ,    7437         ,
27 ,    4485 ,     qi ,    0 ,     490 ,     69173 ,    67191 ,    7692         ,
27 ,    4525 ,     qi ,    0 ,     499 ,     72974 ,    69342 ,    7825         ,
27 ,    4565 ,     qi ,    0 ,     527 ,     75286 ,    68512 ,    7583         ,
27 ,    4605 ,     qi ,    0 ,     509 ,     71270 ,    69778 ,    7789         ,
27 ,    4645 ,     qi ,    0 ,     534 ,     70642 ,    69963 ,    7841         ,
27 ,    4685 ,     qi ,    0 ,     536 ,     73158 ,    68841 ,    7741         ,
27 ,    4725 ,     qi ,    0 ,     551 ,     67620 ,    69330 ,    7856         ,
27 ,    4765 ,     qi ,    0 ,     531 ,     71782 ,    70966 ,    8002         ,
27 ,    4805 ,     qi ,    0 ,     550 ,     75502 ,    71457 ,    8116         ,
27 ,    4845 ,     qi ,    0 ,     555 ,     76048 ,    71823 ,    8448         ,
27 ,    4885 ,     qi ,    0 ,     546 ,     74933 ,    72541 ,    8346         ,
27 ,    4925 ,     qi ,    0 ,     564 ,     77337 ,    73114 ,    8330         ,
27 ,    4965 ,     qi ,    0 ,     569 ,     82550 ,    75202 ,    8536         ,
27 ,    5 ,     qi ,    1 ,     4 ,     6 ,    7 ,    3         ,
27 ,    45 ,     qi ,    1 ,     4 ,     86 ,    87 ,    10         ,
27 ,    85 ,     qi ,    1 ,     4 ,     166 ,    167 ,    15         ,
27 ,    125 ,     qi ,    1 ,     10 ,     364 ,    245 ,    25         ,
27 ,    165 ,     qi ,    1 ,     10 ,     484 ,    325 ,    35         ,
27 ,    205 ,     qi ,    1 ,     10 ,     604 ,    405 ,    42         ,
27 ,    245 ,     qi ,    1 ,     22 ,     954 ,    481 ,    56         ,
27 ,    285 ,     qi ,    1 ,     22 ,     1114 ,    561 ,    67         ,
27 ,    325 ,     qi ,    1 ,     22 ,     1274 ,    641 ,    75         ,
27 ,    365 ,     qi ,    1 ,     22 ,     1434 ,    721 ,    86         ,
27 ,    405 ,     qi ,    1 ,     22 ,     1594 ,    801 ,    95         ,
27 ,    445 ,     qi ,    1 ,     46 ,     2168 ,    873 ,    120         ,
27 ,    485 ,     qi ,    1 ,     46 ,     2368 ,    953 ,    132         ,
27 ,    525 ,     qi ,    1 ,     46 ,     2568 ,    1033 ,    141         ,
27 ,    565 ,     qi ,    1 ,     46 ,     2768 ,    1113 ,    155         ,
27 ,    605 ,     qi ,    1 ,     46 ,     2968 ,    1193 ,    163         ,
27 ,    645 ,     qi ,    1 ,     46 ,     3168 ,    1273 ,    174         ,
27 ,    685 ,     qi ,    1 ,     46 ,     3368 ,    1353 ,    185         ,
27 ,    725 ,     qi ,    1 ,     46 ,     3568 ,    1433 ,    197         ,
27 ,    765 ,     qi ,    1 ,     46 ,     3768 ,    1513 ,    206         ,
27 ,    805 ,     qi ,    1 ,     46 ,     3968 ,    1593 ,    213         ,
27 ,    845 ,     qi ,    1 ,     88 ,     4854 ,    1659 ,    251         ,
27 ,    885 ,     qi ,    1 ,     94 ,     5190 ,    1737 ,    267         ,
27 ,    925 ,     qi ,    1 ,     94 ,     5430 ,    1817 ,    278         ,
27 ,    965 ,     qi ,    1 ,     94 ,     5670 ,    1897 ,    291         ,
27 ,    1005 ,     qi ,    1 ,     94 ,     5910 ,    1977 ,    303         ,
27 ,    1045 ,     qi ,    1 ,     94 ,     6150 ,    2057 ,    313         ,
27 ,    1085 ,     qi ,    1 ,     94 ,     6390 ,    2137 ,    321         ,
27 ,    1125 ,     qi ,    1 ,     94 ,     6630 ,    2217 ,    416         ,
27 ,    1165 ,     qi ,    1 ,     94 ,     6870 ,    2297 ,    450         ,
27 ,    1205 ,     qi ,    1 ,     94 ,     7110 ,    2377 ,    351         ,
27 ,    1245 ,     qi ,    1 ,     94 ,     7350 ,    2457 ,    370         ,
27 ,    1285 ,     qi ,    1 ,     94 ,     7590 ,    2537 ,    377         ,
27 ,    1325 ,     qi ,    1 ,     94 ,     7830 ,    2617 ,    389         ,
27 ,    1365 ,     qi ,    1 ,     94 ,     8070 ,    2697 ,    400         ,
27 ,    1405 ,     qi ,    1 ,     94 ,     8310 ,    2777 ,    404         ,
27 ,    1445 ,     qi ,    1 ,     94 ,     8550 ,    2857 ,    420         ,
27 ,    1485 ,     qi ,    1 ,     94 ,     8790 ,    2937 ,    436         ,
27 ,    1525 ,     qi ,    1 ,     94 ,     9030 ,    3017 ,    443         ,
27 ,    1565 ,     qi ,    1 ,     94 ,     9270 ,    3097 ,    453         ,
27 ,    1605 ,     qi ,    1 ,     94 ,     9510 ,    3177 ,    467         ,
27 ,    1645 ,     qi ,    1 ,     94 ,     9750 ,    3257 ,    478         ,
27 ,    1685 ,     qi ,    1 ,     160 ,     11068 ,    3315 ,    529         ,
27 ,    1725 ,     qi ,    1 ,     190 ,     11828 ,    3385 ,    566         ,
27 ,    1765 ,     qi ,    1 ,     190 ,     12108 ,    3465 ,    676         ,
27 ,    1805 ,     qi ,    1 ,     190 ,     12388 ,    3545 ,    587         ,
27 ,    1845 ,     qi ,    1 ,     190 ,     12668 ,    3625 ,    603         ,
27 ,    1885 ,     qi ,    1 ,     190 ,     12948 ,    3705 ,    620         ,
27 ,    1925 ,     qi ,    1 ,     190 ,     13228 ,    3785 ,    634         ,
27 ,    1965 ,     qi ,    1 ,     190 ,     13508 ,    3865 ,    646         ,
27 ,    2005 ,     qi ,    1 ,     190 ,     13788 ,    3945 ,    656         ,
27 ,    2045 ,     qi ,    1 ,     190 ,     14068 ,    4025 ,    671         ,
27 ,    2085 ,     qi ,    1 ,     190 ,     14348 ,    4105 ,    680         ,
27 ,    2125 ,     qi ,    1 ,     190 ,     14628 ,    4185 ,    692         ,
27 ,    2165 ,     qi ,    1 ,     190 ,     14908 ,    4265 ,    702         ,
27 ,    2205 ,     qi ,    1 ,     190 ,     15188 ,    4345 ,    781         ,
27 ,    2245 ,     qi ,    1 ,     190 ,     15468 ,    4425 ,    731         ,
27 ,    2285 ,     qi ,    1 ,     190 ,     15748 ,    4505 ,    743         ,
27 ,    2325 ,     qi ,    1 ,     190 ,     16028 ,    4585 ,    857         ,
27 ,    2365 ,     qi ,    1 ,     190 ,     16308 ,    4665 ,    768         ,
27 ,    2405 ,     qi ,    1 ,     190 ,     16588 ,    4745 ,    776         ,
27 ,    2445 ,     qi ,    1 ,     190 ,     16868 ,    4825 ,    795         ,
27 ,    2485 ,     qi ,    1 ,     190 ,     17148 ,    4905 ,    803         ,
27 ,    2525 ,     qi ,    1 ,     190 ,     17428 ,    4985 ,    817         ,
27 ,    2565 ,     qi ,    1 ,     190 ,     17708 ,    5065 ,    841         ,
27 ,    2605 ,     qi ,    1 ,     190 ,     17988 ,    5145 ,    839         ,
27 ,    2645 ,     qi ,    1 ,     190 ,     18268 ,    5225 ,    856         ,
27 ,    2685 ,     qi ,    1 ,     190 ,     18548 ,    5305 ,    869         ,
27 ,    2725 ,     qi ,    1 ,     190 ,     18828 ,    5385 ,    877         ,
27 ,    2765 ,     qi ,    1 ,     190 ,     19108 ,    5465 ,    1584         ,
27 ,    2805 ,     qi ,    1 ,     190 ,     19388 ,    5545 ,    907         ,
27 ,    2845 ,     qi ,    1 ,     190 ,     19668 ,    5625 ,    914         ,
27 ,    2885 ,     qi ,    1 ,     190 ,     19948 ,    5705 ,    928         ,
27 ,    2925 ,     qi ,    1 ,     190 ,     20228 ,    5785 ,    942         ,
27 ,    2965 ,     qi ,    1 ,     190 ,     20508 ,    5865 ,    951         ,
27 ,    3005 ,     qi ,    1 ,     190 ,     20788 ,    5945 ,    965         ,
27 ,    3045 ,     qi ,    1 ,     190 ,     21068 ,    6025 ,    979         ,
27 ,    3085 ,     qi ,    1 ,     190 ,     21348 ,    6105 ,    1097         ,
27 ,    3125 ,     qi ,    1 ,     190 ,     21628 ,    6185 ,    999         ,
27 ,    3165 ,     qi ,    1 ,     190 ,     21908 ,    6265 ,    1056         ,
27 ,    3205 ,     qi ,    1 ,     190 ,     22188 ,    6345 ,    1026         ,
27 ,    3245 ,     qi ,    1 ,     190 ,     22468 ,    6425 ,    1042         ,
27 ,    3285 ,     qi ,    1 ,     190 ,     22748 ,    6505 ,    1055         ,
27 ,    3325 ,     qi ,    1 ,     190 ,     23028 ,    6585 ,    1059         ,
27 ,    3365 ,     qi ,    1 ,     304 ,     25170 ,    6627 ,    1150         ,
27 ,    3405 ,     qi ,    1 ,     382 ,     26738 ,    6681 ,    1221         ,
27 ,    3445 ,     qi ,    1 ,     382 ,     27058 ,    6761 ,    1331         ,
27 ,    3485 ,     qi ,    1 ,     382 ,     27378 ,    6841 ,    1242         ,
27 ,    3525 ,     qi ,    1 ,     382 ,     27698 ,    6921 ,    1255         ,
27 ,    3565 ,     qi ,    1 ,     382 ,     28018 ,    7001 ,    1677         ,
27 ,    3605 ,     qi ,    1 ,     382 ,     28338 ,    7081 ,    1281         ,
27 ,    3645 ,     qi ,    1 ,     382 ,     28658 ,    7161 ,    1295         ,
27 ,    3685 ,     qi ,    1 ,     382 ,     28978 ,    7241 ,    1313         ,
27 ,    3725 ,     qi ,    1 ,     382 ,     29298 ,    7321 ,    1431         ,
27 ,    3765 ,     qi ,    1 ,     382 ,     29618 ,    7401 ,    1346         ,
27 ,    3805 ,     qi ,    1 ,     382 ,     29938 ,    7481 ,    1363         ,
27 ,    3845 ,     qi ,    1 ,     382 ,     30258 ,    7561 ,    1375         ,
27 ,    3885 ,     qi ,    1 ,     382 ,     30578 ,    7641 ,    1390         ,
27 ,    3925 ,     qi ,    1 ,     382 ,     30898 ,    7721 ,    1401         ,
27 ,    3965 ,     qi ,    1 ,     382 ,     31218 ,    7801 ,    1418         ,
27 ,    4005 ,     qi ,    1 ,     382 ,     31538 ,    7881 ,    1533         ,
27 ,    4045 ,     qi ,    1 ,     382 ,     31858 ,    7961 ,    1434         ,
27 ,    4085 ,     qi ,    1 ,     382 ,     32178 ,    8041 ,    1458         ,
27 ,    4125 ,     qi ,    1 ,     382 ,     32498 ,    8121 ,    1463         ,
27 ,    4165 ,     qi ,    1 ,     382 ,     32818 ,    8201 ,    1487         ,
27 ,    4205 ,     qi ,    1 ,     382 ,     33138 ,    8281 ,    1491         ,
27 ,    4245 ,     qi ,    1 ,     382 ,     33458 ,    8361 ,    1511         ,
27 ,    4285 ,     qi ,    1 ,     382 ,     33778 ,    8441 ,    1528         ,
27 ,    4325 ,     qi ,    1 ,     382 ,     34098 ,    8521 ,    1544         ,
27 ,    4365 ,     qi ,    1 ,     382 ,     34418 ,    8601 ,    1548         ,
27 ,    4405 ,     qi ,    1 ,     382 ,     34738 ,    8681 ,    1573         ,
27 ,    4445 ,     qi ,    1 ,     382 ,     35058 ,    8761 ,    1585         ,
27 ,    4485 ,     qi ,    1 ,     382 ,     35378 ,    8841 ,    1603         ,
27 ,    4525 ,     qi ,    1 ,     382 ,     35698 ,    8921 ,    1710         ,
27 ,    4565 ,     qi ,    1 ,     382 ,     36018 ,    9001 ,    1615         ,
27 ,    4605 ,     qi ,    1 ,     382 ,     36338 ,    9081 ,    1638         ,
27 ,    4645 ,     qi ,    1 ,     382 ,     36658 ,    9161 ,    1650         ,
27 ,    4685 ,     qi ,    1 ,     382 ,     36978 ,    9241 ,    1673         ,
27 ,    4725 ,     qi ,    1 ,     382 ,     37298 ,    9321 ,    1676         ,
27 ,    4765 ,     qi ,    1 ,     382 ,     37618 ,    9401 ,    1694         ,
27 ,    4805 ,     qi ,    1 ,     382 ,     37938 ,    9481 ,    1712         ,
27 ,    4845 ,     qi ,    1 ,     382 ,     38258 ,    9561 ,    1725         ,
27 ,    4885 ,     qi ,    1 ,     382 ,     38578 ,    9641 ,    2100         ,
27 ,    4925 ,     qi ,    1 ,     382 ,     38898 ,    9721 ,    1747         ,
27 ,    4965 ,     qi ,    1 ,     382 ,     39218 ,    9801 ,    1771         ,
27 ,    5 ,     qi ,    2 ,     4 ,     2 ,    13 ,    3         ,
27 ,    45 ,     qi ,    2 ,     4 ,     42 ,    153 ,    11         ,
27 ,    85 ,     qi ,    2 ,     4 ,     82 ,    293 ,    19         ,
27 ,    125 ,     qi ,    2 ,     10 ,     240 ,    431 ,    33         ,
27 ,    165 ,     qi ,    2 ,     10 ,     320 ,    571 ,    43         ,
27 ,    205 ,     qi ,    2 ,     10 ,     400 ,    711 ,    50         ,
27 ,    245 ,     qi ,    2 ,     22 ,     710 ,    847 ,    70         ,
27 ,    285 ,     qi ,    2 ,     22 ,     830 ,    987 ,    82         ,
27 ,    325 ,     qi ,    2 ,     22 ,     950 ,    1127 ,    93         ,
27 ,    365 ,     qi ,    2 ,     22 ,     1070 ,    1267 ,    105         ,
27 ,    405 ,     qi ,    2 ,     22 ,     1190 ,    1407 ,    116         ,
27 ,    445 ,     qi ,    2 ,     46 ,     1724 ,    1539 ,    146         ,
27 ,    485 ,     qi ,    2 ,     46 ,     1884 ,    1679 ,    160         ,
27 ,    525 ,     qi ,    2 ,     46 ,     2044 ,    1819 ,    170         ,
27 ,    565 ,     qi ,    2 ,     46 ,     2204 ,    1959 ,    185         ,
27 ,    605 ,     qi ,    2 ,     46 ,     2364 ,    2099 ,    198         ,
27 ,    645 ,     qi ,    2 ,     46 ,     2524 ,    2239 ,    207         ,
27 ,    685 ,     qi ,    2 ,     46 ,     2684 ,    2379 ,    219         ,
27 ,    725 ,     qi ,    2 ,     46 ,     2844 ,    2519 ,    232         ,
27 ,    765 ,     qi ,    2 ,     46 ,     3004 ,    2659 ,    241         ,
27 ,    805 ,     qi ,    2 ,     46 ,     3164 ,    2799 ,    258         ,
27 ,    845 ,     qi ,    2 ,     88 ,     4010 ,    2925 ,    295         ,
27 ,    885 ,     qi ,    2 ,     94 ,     4306 ,    3063 ,    316         ,
27 ,    925 ,     qi ,    2 ,     94 ,     4506 ,    3203 ,    324         ,
27 ,    965 ,     qi ,    2 ,     94 ,     4706 ,    3343 ,    336         ,
27 ,    1005 ,     qi ,    2 ,     94 ,     4906 ,    3483 ,    356         ,
27 ,    1045 ,     qi ,    2 ,     94 ,     5106 ,    3623 ,    374         ,
27 ,    1085 ,     qi ,    2 ,     94 ,     5306 ,    3763 ,    381         ,
27 ,    1125 ,     qi ,    2 ,     94 ,     5506 ,    3903 ,    400         ,
27 ,    1165 ,     qi ,    2 ,     94 ,     5706 ,    4043 ,    408         ,
27 ,    1205 ,     qi ,    2 ,     94 ,     5906 ,    4183 ,    426         ,
27 ,    1245 ,     qi ,    2 ,     94 ,     6106 ,    4323 ,    436         ,
27 ,    1285 ,     qi ,    2 ,     94 ,     6306 ,    4463 ,    454         ,
27 ,    1325 ,     qi ,    2 ,     94 ,     6506 ,    4603 ,    459         ,
27 ,    1365 ,     qi ,    2 ,     94 ,     6706 ,    4743 ,    482         ,
27 ,    1405 ,     qi ,    2 ,     94 ,     6906 ,    4883 ,    493         ,
27 ,    1445 ,     qi ,    2 ,     94 ,     7106 ,    5023 ,    502         ,
27 ,    1485 ,     qi ,    2 ,     94 ,     7306 ,    5163 ,    522         ,
27 ,    1525 ,     qi ,    2 ,     94 ,     7506 ,    5303 ,    536         ,
27 ,    1565 ,     qi ,    2 ,     94 ,     7706 ,    5443 ,    646         ,
27 ,    1605 ,     qi ,    2 ,     94 ,     7906 ,    5583 ,    560         ,
27 ,    1645 ,     qi ,    2 ,     94 ,     8106 ,    5723 ,    576         ,
27 ,    1685 ,     qi ,    2 ,     160 ,     9384 ,    5841 ,    624         ,
27 ,    1725 ,     qi ,    2 ,     190 ,     10104 ,    5971 ,    761         ,
27 ,    1765 ,     qi ,    2 ,     190 ,     10344 ,    6111 ,    677         ,
27 ,    1805 ,     qi ,    2 ,     190 ,     10584 ,    6251 ,    699         ,
27 ,    1845 ,     qi ,    2 ,     190 ,     10824 ,    6391 ,    704         ,
27 ,    1885 ,     qi ,    2 ,     190 ,     11064 ,    6531 ,    718         ,
27 ,    1925 ,     qi ,    2 ,     190 ,     11304 ,    6671 ,    745         ,
27 ,    1965 ,     qi ,    2 ,     190 ,     11544 ,    6811 ,    751         ,
27 ,    2005 ,     qi ,    2 ,     190 ,     11784 ,    6951 ,    772         ,
27 ,    2045 ,     qi ,    2 ,     190 ,     12024 ,    7091 ,    782         ,
27 ,    2085 ,     qi ,    2 ,     190 ,     12264 ,    7231 ,    794         ,
27 ,    2125 ,     qi ,    2 ,     190 ,     12504 ,    7371 ,    822         ,
27 ,    2165 ,     qi ,    2 ,     190 ,     12744 ,    7511 ,    929         ,
27 ,    2205 ,     qi ,    2 ,     190 ,     12984 ,    7651 ,    843         ,
27 ,    2245 ,     qi ,    2 ,     190 ,     13224 ,    7791 ,    855         ,
27 ,    2285 ,     qi ,    2 ,     190 ,     13464 ,    7931 ,    972         ,
27 ,    2325 ,     qi ,    2 ,     190 ,     13704 ,    8071 ,    891         ,
27 ,    2365 ,     qi ,    2 ,     190 ,     13944 ,    8211 ,    899         ,
27 ,    2405 ,     qi ,    2 ,     190 ,     14184 ,    8351 ,    934         ,
27 ,    2445 ,     qi ,    2 ,     190 ,     14424 ,    8491 ,    1166         ,
27 ,    2485 ,     qi ,    2 ,     190 ,     14664 ,    8631 ,    954         ,
27 ,    2525 ,     qi ,    2 ,     190 ,     14904 ,    8771 ,    955         ,
27 ,    2565 ,     qi ,    2 ,     190 ,     15144 ,    8911 ,    983         ,
27 ,    2605 ,     qi ,    2 ,     190 ,     15384 ,    9051 ,    996         ,
27 ,    2645 ,     qi ,    2 ,     190 ,     15624 ,    9191 ,    1001         ,
27 ,    2685 ,     qi ,    2 ,     190 ,     15864 ,    9331 ,    1027         ,
27 ,    2725 ,     qi ,    2 ,     190 ,     16104 ,    9471 ,    1041         ,
27 ,    2765 ,     qi ,    2 ,     190 ,     16344 ,    9611 ,    1041         ,
27 ,    2805 ,     qi ,    2 ,     190 ,     16584 ,    9751 ,    1160         ,
27 ,    2845 ,     qi ,    2 ,     190 ,     16824 ,    9891 ,    1087         ,
27 ,    2885 ,     qi ,    2 ,     190 ,     17064 ,    10031 ,    1100         ,
27 ,    2925 ,     qi ,    2 ,     190 ,     17304 ,    10171 ,    1109         ,
27 ,    2965 ,     qi ,    2 ,     190 ,     17544 ,    10311 ,    1135         ,
27 ,    3005 ,     qi ,    2 ,     190 ,     17784 ,    10451 ,    1132         ,
27 ,    3045 ,     qi ,    2 ,     190 ,     18024 ,    10591 ,    1149         ,
27 ,    3085 ,     qi ,    2 ,     190 ,     18264 ,    10731 ,    1162         ,
27 ,    3125 ,     qi ,    2 ,     190 ,     18504 ,    10871 ,    1193         ,
27 ,    3165 ,     qi ,    2 ,     190 ,     18744 ,    11011 ,    1236         ,
27 ,    3205 ,     qi ,    2 ,     190 ,     18984 ,    11151 ,    1314         ,
27 ,    3245 ,     qi ,    2 ,     190 ,     19224 ,    11291 ,    1224         ,
27 ,    3285 ,     qi ,    2 ,     190 ,     19464 ,    11431 ,    1246         ,
27 ,    3325 ,     qi ,    2 ,     190 ,     19704 ,    11571 ,    1256         ,
27 ,    3365 ,     qi ,    2 ,     304 ,     21806 ,    11673 ,    1338         ,
27 ,    3405 ,     qi ,    2 ,     382 ,     23334 ,    11787 ,    1417         ,
27 ,    3445 ,     qi ,    2 ,     382 ,     23614 ,    11927 ,    1436         ,
27 ,    3485 ,     qi ,    2 ,     382 ,     23894 ,    12067 ,    1541         ,
27 ,    3525 ,     qi ,    2 ,     382 ,     24174 ,    12207 ,    1456         ,
27 ,    3565 ,     qi ,    2 ,     382 ,     24454 ,    12347 ,    1493         ,
27 ,    3605 ,     qi ,    2 ,     382 ,     24734 ,    12487 ,    1498         ,
27 ,    3645 ,     qi ,    2 ,     382 ,     25014 ,    12627 ,    1514         ,
27 ,    3685 ,     qi ,    2 ,     382 ,     25294 ,    12767 ,    1629         ,
27 ,    3725 ,     qi ,    2 ,     382 ,     25574 ,    12907 ,    1549         ,
27 ,    3765 ,     qi ,    2 ,     382 ,     25854 ,    13047 ,    1616         ,
27 ,    3805 ,     qi ,    2 ,     382 ,     26134 ,    13187 ,    1695         ,
27 ,    3845 ,     qi ,    2 ,     382 ,     26414 ,    13327 ,    1984         ,
27 ,    3885 ,     qi ,    2 ,     382 ,     26694 ,    13467 ,    1975         ,
27 ,    3925 ,     qi ,    2 ,     382 ,     26974 ,    13607 ,    1989         ,
27 ,    3965 ,     qi ,    2 ,     382 ,     27254 ,    13747 ,    1999         ,
27 ,    4005 ,     qi ,    2 ,     382 ,     27534 ,    13887 ,    2128         ,
27 ,    4045 ,     qi ,    2 ,     382 ,     27814 ,    14027 ,    2039         ,
27 ,    4085 ,     qi ,    2 ,     382 ,     28094 ,    14167 ,    2043         ,
27 ,    4125 ,     qi ,    2 ,     382 ,     28374 ,    14307 ,    2066         ,
27 ,    4165 ,     qi ,    2 ,     382 ,     28654 ,    14447 ,    2091         ,
27 ,    4205 ,     qi ,    2 ,     382 ,     28934 ,    14587 ,    2100         ,
27 ,    4245 ,     qi ,    2 ,     382 ,     29214 ,    14727 ,    2117         ,
27 ,    4285 ,     qi ,    2 ,     382 ,     29494 ,    14867 ,    2269         ,
27 ,    4325 ,     qi ,    2 ,     382 ,     29774 ,    15007 ,    2165         ,
27 ,    4365 ,     qi ,    2 ,     382 ,     30054 ,    15147 ,    2178         ,
27 ,    4405 ,     qi ,    2 ,     382 ,     30334 ,    15287 ,    2204         ,
27 ,    4445 ,     qi ,    2 ,     382 ,     30614 ,    15427 ,    2220         ,
27 ,    4485 ,     qi ,    2 ,     382 ,     30894 ,    15567 ,    2389         ,
27 ,    4525 ,     qi ,    2 ,     382 ,     31174 ,    15707 ,    2257         ,
27 ,    4565 ,     qi ,    2 ,     382 ,     31454 ,    15847 ,    2289         ,
27 ,    4605 ,     qi ,    2 ,     382 ,     31734 ,    15987 ,    2300         ,
27 ,    4645 ,     qi ,    2 ,     382 ,     32014 ,    16127 ,    2328         ,
27 ,    4685 ,     qi ,    2 ,     382 ,     32294 ,    16267 ,    2469         ,
27 ,    4725 ,     qi ,    2 ,     382 ,     32574 ,    16407 ,    2347         ,
27 ,    4765 ,     qi ,    2 ,     382 ,     32854 ,    16547 ,    4985         ,
27 ,    4805 ,     qi ,    2 ,     382 ,     33134 ,    16687 ,    2416         ,
27 ,    4845 ,     qi ,    2 ,     382 ,     33414 ,    16827 ,    2549         ,
27 ,    4885 ,     qi ,    2 ,     382 ,     33694 ,    16967 ,    2444         ,
27 ,    4925 ,     qi ,    2 ,     382 ,     33974 ,    17107 ,    2466         ,
27 ,    4965 ,     qi ,    2 ,     382 ,     34254 ,    17247 ,    2503         ,
27 ,    5 ,     qi ,    3 ,     4 ,     4 ,    12 ,    4         ,
27 ,    45 ,     qi ,    3 ,     4 ,     99 ,    170 ,    22         ,
27 ,    85 ,     qi ,    3 ,     7 ,     180 ,    380 ,    47         ,
27 ,    125 ,     qi ,    3 ,     7 ,     391 ,    710 ,    78         ,
27 ,    165 ,     qi ,    3 ,     13 ,     517 ,    1029 ,    112         ,
27 ,    205 ,     qi ,    3 ,     16 ,     528 ,    1286 ,    128         ,
27 ,    245 ,     qi ,    3 ,     22 ,     426 ,    1368 ,    143         ,
27 ,    285 ,     qi ,    3 ,     19 ,     585 ,    1714 ,    171         ,
27 ,    325 ,     qi ,    3 ,     25 ,     720 ,    2149 ,    210         ,
27 ,    365 ,     qi ,    3 ,     34 ,     700 ,    2463 ,    239         ,
27 ,    405 ,     qi ,    3 ,     34 ,     718 ,    2729 ,    261         ,
27 ,    445 ,     qi ,    3 ,     37 ,     802 ,    3071 ,    288         ,
27 ,    485 ,     qi ,    3 ,     40 ,     931 ,    3333 ,    326         ,
27 ,    525 ,     qi ,    3 ,     43 ,     956 ,    3685 ,    349         ,
27 ,    565 ,     qi ,    3 ,     40 ,     1100 ,    4119 ,    392         ,
27 ,    605 ,     qi ,    3 ,     40 ,     1468 ,    4502 ,    431         ,
27 ,    645 ,     qi ,    3 ,     55 ,     1188 ,    5001 ,    472         ,
27 ,    685 ,     qi ,    3 ,     55 ,     1314 ,    5224 ,    502         ,
27 ,    725 ,     qi ,    3 ,     67 ,     1377 ,    5920 ,    557         ,
27 ,    765 ,     qi ,    3 ,     55 ,     1357 ,    5891 ,    542         ,
27 ,    805 ,     qi ,    3 ,     73 ,     1598 ,    6808 ,    627         ,
27 ,    845 ,     qi ,    3 ,     67 ,     1455 ,    6840 ,    621         ,
27 ,    885 ,     qi ,    3 ,     76 ,     1656 ,    7471 ,    688         ,
27 ,    925 ,     qi ,    3 ,     79 ,     1621 ,    7646 ,    702         ,
27 ,    965 ,     qi ,    3 ,     76 ,     1925 ,    8296 ,    756         ,
27 ,    1005 ,     qi ,    3 ,     85 ,     1921 ,    8441 ,    958         ,
27 ,    1045 ,     qi ,    3 ,     88 ,     1878 ,    8887 ,    973         ,
27 ,    1085 ,     qi ,    3 ,     88 ,     1952 ,    9085 ,    843         ,
27 ,    1125 ,     qi ,    3 ,     85 ,     2107 ,    9539 ,    858         ,
27 ,    1165 ,     qi ,    3 ,     85 ,     2104 ,    9949 ,    909         ,
27 ,    1205 ,     qi ,    3 ,     85 ,     2233 ,    10246 ,    1060         ,
27 ,    1245 ,     qi ,    3 ,     109 ,     2293 ,    11127 ,    990         ,
27 ,    1285 ,     qi ,    3 ,     112 ,     2254 ,    11540 ,    1035         ,
27 ,    1325 ,     qi ,    3 ,     112 ,     2481 ,    12070 ,    1078         ,
27 ,    1365 ,     qi ,    3 ,     109 ,     2608 ,    12348 ,    1112         ,
27 ,    1405 ,     qi ,    3 ,     112 ,     2483 ,    12808 ,    1138         ,
27 ,    1445 ,     qi ,    3 ,     136 ,     2436 ,    13558 ,    1203         ,
27 ,    1485 ,     qi ,    3 ,     151 ,     2429 ,    14323 ,    1254         ,
27 ,    1525 ,     qi ,    3 ,     136 ,     2889 ,    14663 ,    1257         ,
27 ,    1565 ,     qi ,    3 ,     151 ,     2760 ,    15031 ,    1279         ,
27 ,    1605 ,     qi ,    3 ,     112 ,     2937 ,    14395 ,    1238         ,
27 ,    1645 ,     qi ,    3 ,     151 ,     2805 ,    15842 ,    1344         ,
27 ,    1685 ,     qi ,    3 ,     157 ,     2915 ,    16427 ,    1397         ,
27 ,    1725 ,     qi ,    3 ,     166 ,     3198 ,    17115 ,    1451         ,
27 ,    1765 ,     qi ,    3 ,     151 ,     2961 ,    17087 ,    1455         ,
27 ,    1805 ,     qi ,    3 ,     166 ,     3132 ,    17812 ,    1528         ,
27 ,    1845 ,     qi ,    3 ,     169 ,     3458 ,    18203 ,    1517         ,
27 ,    1885 ,     qi ,    3 ,     169 ,     3153 ,    18657 ,    1580         ,
27 ,    1925 ,     qi ,    3 ,     151 ,     3269 ,    18592 ,    1602         ,
27 ,    1965 ,     qi ,    3 ,     157 ,     3456 ,    19218 ,    1655         ,
27 ,    2005 ,     qi ,    3 ,     157 ,     3469 ,    19608 ,    1680         ,
27 ,    2045 ,     qi ,    3 ,     172 ,     3714 ,    20402 ,    1759         ,
27 ,    2085 ,     qi ,    3 ,     163 ,     3585 ,    20528 ,    1757         ,
27 ,    2125 ,     qi ,    3 ,     175 ,     3902 ,    21003 ,    1771         ,
27 ,    2165 ,     qi ,    3 ,     166 ,     3710 ,    21302 ,    1813         ,
27 ,    2205 ,     qi ,    3 ,     169 ,     3720 ,    21789 ,    1846         ,
27 ,    2245 ,     qi ,    3 ,     172 ,     4335 ,    22377 ,    1889         ,
27 ,    2285 ,     qi ,    3 ,     172 ,     3878 ,    22731 ,    1925         ,
27 ,    2325 ,     qi ,    3 ,     175 ,     4100 ,    23000 ,    1957         ,
27 ,    2365 ,     qi ,    3 ,     172 ,     4184 ,    23631 ,    2031         ,
27 ,    2405 ,     qi ,    3 ,     172 ,     4321 ,    24187 ,    2051         ,
27 ,    2445 ,     qi ,    3 ,     220 ,     4237 ,    25702 ,    2156         ,
27 ,    2485 ,     qi ,    3 ,     169 ,     4722 ,    24736 ,    2086         ,
27 ,    2525 ,     qi ,    3 ,     220 ,     5401 ,    26227 ,    2214         ,
27 ,    2565 ,     qi ,    3 ,     223 ,     4425 ,    26656 ,    2255         ,
27 ,    2605 ,     qi ,    3 ,     220 ,     4344 ,    27168 ,    2276         ,
27 ,    2645 ,     qi ,    3 ,     229 ,     4561 ,    27678 ,    2447         ,
27 ,    2685 ,     qi ,    3 ,     226 ,     4521 ,    28241 ,    2462         ,
27 ,    2725 ,     qi ,    3 ,     229 ,     5012 ,    28488 ,    2332         ,
27 ,    2765 ,     qi ,    3 ,     226 ,     4622 ,    28854 ,    2374         ,
27 ,    2805 ,     qi ,    3 ,     223 ,     5149 ,    29193 ,    2501         ,
27 ,    2845 ,     qi ,    3 ,     229 ,     4984 ,    29730 ,    2425         ,
27 ,    2885 ,     qi ,    3 ,     271 ,     4965 ,    31333 ,    2567         ,
27 ,    2925 ,     qi ,    3 ,     223 ,     5404 ,    30399 ,    2619         ,
27 ,    2965 ,     qi ,    3 ,     226 ,     5336 ,    30823 ,    2532         ,
27 ,    3005 ,     qi ,    3 ,     271 ,     5003 ,    32644 ,    2663         ,
27 ,    3045 ,     qi ,    3 ,     247 ,     5704 ,    32329 ,    2626         ,
27 ,    3085 ,     qi ,    3 ,     271 ,     5207 ,    33631 ,    2745         ,
27 ,    3125 ,     qi ,    3 ,     223 ,     5841 ,    32629 ,    2787         ,
27 ,    3165 ,     qi ,    3 ,     277 ,     5333 ,    34463 ,    3076         ,
27 ,    3205 ,     qi ,    3 ,     277 ,     5626 ,    34799 ,    2841         ,
27 ,    3245 ,     qi ,    3 ,     280 ,     5425 ,    35360 ,    2861         ,
27 ,    3285 ,     qi ,    3 ,     304 ,     5527 ,    36462 ,    2973         ,
27 ,    3325 ,     qi ,    3 ,     277 ,     5664 ,    36411 ,    3064         ,
27 ,    3365 ,     qi ,    3 ,     331 ,     6313 ,    38033 ,    3047         ,
27 ,    3405 ,     qi ,    3 ,     271 ,     5794 ,    37213 ,    3120         ,
27 ,    3445 ,     qi ,    3 ,     304 ,     5671 ,    38163 ,    3079         ,
27 ,    3485 ,     qi ,    3 ,     307 ,     5785 ,    38765 ,    3151         ,
27 ,    3525 ,     qi ,    3 ,     277 ,     6520 ,    38336 ,    3073         ,
27 ,    3565 ,     qi ,    3 ,     301 ,     6088 ,    39628 ,    3200         ,
27 ,    3605 ,     qi ,    3 ,     304 ,     6194 ,    40297 ,    3150         ,
27 ,    3645 ,     qi ,    3 ,     316 ,     6134 ,    40889 ,    3534         ,
27 ,    3685 ,     qi ,    3 ,     301 ,     6513 ,    41005 ,    3224         ,
27 ,    3725 ,     qi ,    3 ,     331 ,     6673 ,    41967 ,    3283         ,
27 ,    3765 ,     qi ,    3 ,     340 ,     6793 ,    42630 ,    3327         ,
27 ,    3805 ,     qi ,    3 ,     307 ,     6423 ,    42299 ,    3365         ,
27 ,    3845 ,     qi ,    3 ,     349 ,     7585 ,    43588 ,    3381         ,
27 ,    3885 ,     qi ,    3 ,     313 ,     6878 ,    43681 ,    3446         ,
27 ,    3925 ,     qi ,    3 ,     301 ,     6547 ,    43871 ,    3533         ,
27 ,    3965 ,     qi ,    3 ,     346 ,     7166 ,    45203 ,    3649         ,
27 ,    4005 ,     qi ,    3 ,     307 ,     6651 ,    44756 ,    3614         ,
27 ,    4045 ,     qi ,    3 ,     349 ,     7879 ,    45832 ,    3549         ,
27 ,    4085 ,     qi ,    3 ,     340 ,     7634 ,    46555 ,    4067         ,
27 ,    4125 ,     qi ,    3 ,     346 ,     7945 ,    47016 ,    3754         ,
27 ,    4165 ,     qi ,    3 ,     346 ,     7096 ,    47468 ,    3730         ,
27 ,    4205 ,     qi ,    3 ,     346 ,     7733 ,    47651 ,    3694         ,
27 ,    4245 ,     qi ,    3 ,     331 ,     7078 ,    47942 ,    3795         ,
27 ,    4285 ,     qi ,    3 ,     316 ,     7216 ,    48112 ,    3765         ,
27 ,    4325 ,     qi ,    3 ,     349 ,     7908 ,    49171 ,    3839         ,
27 ,    4365 ,     qi ,    3 ,     346 ,     7991 ,    49952 ,    3903         ,
27 ,    4405 ,     qi ,    3 ,     346 ,     8419 ,    50177 ,    3904         ,
27 ,    4445 ,     qi ,    3 ,     343 ,     7510 ,    50611 ,    3958         ,
27 ,    4485 ,     qi ,    3 ,     346 ,     9737 ,    50860 ,    4677         ,
27 ,    4525 ,     qi ,    3 ,     331 ,     7498 ,    51271 ,    4099         ,
27 ,    4565 ,     qi ,    3 ,     349 ,     7759 ,    52148 ,    4140         ,
27 ,    4605 ,     qi ,    3 ,     346 ,     8629 ,    52593 ,    4026         ,
27 ,    4645 ,     qi ,    3 ,     352 ,     7934 ,    53008 ,    4028         ,
27 ,    4685 ,     qi ,    3 ,     349 ,     7725 ,    53460 ,    4317         ,
27 ,    4725 ,     qi ,    3 ,     349 ,     7869 ,    54110 ,    4114         ,
27 ,    4765 ,     qi ,    3 ,     343 ,     8049 ,    54364 ,    4150         ,
27 ,    4805 ,     qi ,    3 ,     343 ,     7952 ,    54836 ,    4265         ,
27 ,    4845 ,     qi ,    3 ,     352 ,     8073 ,    55282 ,    4305         ,
27 ,    4885 ,     qi ,    3 ,     352 ,     8816 ,    55657 ,    4691         ,
27 ,    4925 ,     qi ,    3 ,     361 ,     8885 ,    56465 ,    4403         ,
27 ,    4965 ,     qi ,    3 ,     349 ,     8464 ,    56787 ,    4340         ,
27 ,    5 ,     qi ,    4 ,     4 ,     6 ,    9 ,    4         ,
27 ,    45 ,     qi ,    4 ,     4 ,     341 ,    389 ,    43         ,
27 ,    85 ,     qi ,    4 ,     7 ,     561 ,    670 ,    76         ,
27 ,    125 ,     qi ,    4 ,     10 ,     858 ,    1081 ,    113         ,
27 ,    165 ,     qi ,    4 ,     16 ,     778 ,    1170 ,    126         ,
27 ,    205 ,     qi ,    4 ,     19 ,     1056 ,    1228 ,    206         ,
27 ,    245 ,     qi ,    4 ,     19 ,     1227 ,    1810 ,    224         ,
27 ,    285 ,     qi ,    4 ,     22 ,     1168 ,    1824 ,    202         ,
27 ,    325 ,     qi ,    4 ,     25 ,     1382 ,    2144 ,    238         ,
27 ,    365 ,     qi ,    4 ,     31 ,     1396 ,    2388 ,    254         ,
27 ,    405 ,     qi ,    4 ,     34 ,     1595 ,    2931 ,    312         ,
27 ,    445 ,     qi ,    4 ,     40 ,     1525 ,    3179 ,    337         ,
27 ,    485 ,     qi ,    4 ,     37 ,     2010 ,    3818 ,    408         ,
27 ,    525 ,     qi ,    4 ,     46 ,     1624 ,    3437 ,    365         ,
27 ,    565 ,     qi ,    4 ,     43 ,     2193 ,    4175 ,    431         ,
27 ,    605 ,     qi ,    4 ,     55 ,     1960 ,    4251 ,    439         ,
27 ,    645 ,     qi ,    4 ,     49 ,     2074 ,    4548 ,    468         ,
27 ,    685 ,     qi ,    4 ,     55 ,     2160 ,    4996 ,    513         ,
27 ,    725 ,     qi ,    4 ,     58 ,     2591 ,    5362 ,    546         ,
27 ,    765 ,     qi ,    4 ,     64 ,     2902 ,    5785 ,    694         ,
27 ,    805 ,     qi ,    4 ,     73 ,     3138 ,    6192 ,    617         ,
27 ,    845 ,     qi ,    4 ,     67 ,     3263 ,    6688 ,    665         ,
27 ,    885 ,     qi ,    4 ,     73 ,     3248 ,    6697 ,    676         ,
27 ,    925 ,     qi ,    4 ,     76 ,     3153 ,    6947 ,    799         ,
27 ,    965 ,     qi ,    4 ,     79 ,     3336 ,    7466 ,    732         ,
27 ,    1005 ,     qi ,    4 ,     82 ,     3584 ,    7961 ,    873         ,
27 ,    1045 ,     qi ,    4 ,     85 ,     3769 ,    8081 ,    789         ,
27 ,    1085 ,     qi ,    4 ,     91 ,     3285 ,    8729 ,    835         ,
27 ,    1125 ,     qi ,    4 ,     91 ,     3498 ,    8788 ,    846         ,
27 ,    1165 ,     qi ,    4 ,     112 ,     3081 ,    9594 ,    893         ,
27 ,    1205 ,     qi ,    4 ,     94 ,     3842 ,    9570 ,    910         ,
27 ,    1245 ,     qi ,    4 ,     103 ,     3570 ,    10256 ,    969         ,
27 ,    1285 ,     qi ,    4 ,     103 ,     3995 ,    10797 ,    1016         ,
27 ,    1325 ,     qi ,    4 ,     106 ,     4301 ,    10595 ,    1006         ,
27 ,    1365 ,     qi ,    4 ,     103 ,     3881 ,    11387 ,    1069         ,
27 ,    1405 ,     qi ,    4 ,     121 ,     4190 ,    11701 ,    1099         ,
27 ,    1445 ,     qi ,    4 ,     118 ,     4843 ,    12331 ,    1252         ,
27 ,    1485 ,     qi ,    4 ,     133 ,     4277 ,    12611 ,    1184         ,
27 ,    1525 ,     qi ,    4 ,     142 ,     4462 ,    12920 ,    1186         ,
27 ,    1565 ,     qi ,    4 ,     139 ,     5345 ,    13541 ,    1237         ,
27 ,    1605 ,     qi ,    4 ,     133 ,     5061 ,    13643 ,    1289         ,
27 ,    1645 ,     qi ,    4 ,     139 ,     4264 ,    14309 ,    1419         ,
27 ,    1685 ,     qi ,    4 ,     130 ,     5009 ,    14497 ,    1357         ,
27 ,    1725 ,     qi ,    4 ,     148 ,     5881 ,    14834 ,    1399         ,
27 ,    1765 ,     qi ,    4 ,     157 ,     6691 ,    15232 ,    1413         ,
27 ,    1805 ,     qi ,    4 ,     157 ,     5710 ,    16239 ,    1505         ,
27 ,    1845 ,     qi ,    4 ,     160 ,     5088 ,    16676 ,    1518         ,
27 ,    1885 ,     qi ,    4 ,     160 ,     6437 ,    16377 ,    1742         ,
27 ,    1925 ,     qi ,    4 ,     160 ,     5323 ,    16923 ,    1652         ,
27 ,    1965 ,     qi ,    4 ,     169 ,     5393 ,    17903 ,    1638         ,
27 ,    2005 ,     qi ,    4 ,     184 ,     5531 ,    18390 ,    1762         ,
27 ,    2045 ,     qi ,    4 ,     178 ,     6366 ,    18560 ,    1779         ,
27 ,    2085 ,     qi ,    4 ,     178 ,     6674 ,    19028 ,    1727         ,
27 ,    2125 ,     qi ,    4 ,     175 ,     6236 ,    20082 ,    1907         ,
27 ,    2165 ,     qi ,    4 ,     196 ,     6332 ,    20335 ,    1823         ,
27 ,    2205 ,     qi ,    4 ,     187 ,     6013 ,    20181 ,    1950         ,
27 ,    2245 ,     qi ,    4 ,     208 ,     6567 ,    21044 ,    1897         ,
27 ,    2285 ,     qi ,    4 ,     199 ,     5916 ,    21381 ,    1926         ,
27 ,    2325 ,     qi ,    4 ,     202 ,     6564 ,    22027 ,    2011         ,
27 ,    2365 ,     qi ,    4 ,     193 ,     7737 ,    21915 ,    1984         ,
27 ,    2405 ,     qi ,    4 ,     184 ,     7468 ,    22241 ,    2007         ,
27 ,    2445 ,     qi ,    4 ,     193 ,     6587 ,    22910 ,    2101         ,
27 ,    2485 ,     qi ,    4 ,     193 ,     6767 ,    23473 ,    2111         ,
27 ,    2525 ,     qi ,    4 ,     226 ,     7298 ,    24180 ,    2171         ,
27 ,    2565 ,     qi ,    4 ,     196 ,     7431 ,    24253 ,    2192         ,
27 ,    2605 ,     qi ,    4 ,     214 ,     7298 ,    25023 ,    2323         ,
27 ,    2645 ,     qi ,    4 ,     208 ,     7127 ,    24742 ,    2328         ,
27 ,    2685 ,     qi ,    4 ,     235 ,     8205 ,    26311 ,    2448         ,
27 ,    2725 ,     qi ,    4 ,     238 ,     8145 ,    26267 ,    2357         ,
27 ,    2765 ,     qi ,    4 ,     241 ,     8039 ,    26624 ,    2351         ,
27 ,    2805 ,     qi ,    4 ,     232 ,     7066 ,    27066 ,    2393         ,
27 ,    2845 ,     qi ,    4 ,     238 ,     7946 ,    27326 ,    2444         ,
27 ,    2885 ,     qi ,    4 ,     256 ,     7941 ,    28040 ,    2614         ,
27 ,    2925 ,     qi ,    4 ,     229 ,     9144 ,    27884 ,    2482         ,
27 ,    2965 ,     qi ,    4 ,     262 ,     8580 ,    29090 ,    2513         ,
27 ,    3005 ,     qi ,    4 ,     259 ,     9435 ,    29805 ,    5789         ,
27 ,    3045 ,     qi ,    4 ,     271 ,     11268 ,    30174 ,    2783         ,
27 ,    3085 ,     qi ,    4 ,     259 ,     9526 ,    30411 ,    2639         ,
27 ,    3125 ,     qi ,    4 ,     241 ,     8545 ,    30514 ,    3163         ,
27 ,    3165 ,     qi ,    4 ,     268 ,     8644 ,    31398 ,    2763         ,
27 ,    3205 ,     qi ,    4 ,     292 ,     8644 ,    32884 ,    2833         ,
27 ,    3245 ,     qi ,    4 ,     277 ,     11094 ,    32563 ,    2785         ,
27 ,    3285 ,     qi ,    4 ,     256 ,     9267 ,    32431 ,    2792         ,
27 ,    3325 ,     qi ,    4 ,     250 ,     9121 ,    32523 ,    3112         ,
27 ,    3365 ,     qi ,    4 ,     280 ,     8737 ,    33894 ,    2924         ,
27 ,    3405 ,     qi ,    4 ,     298 ,     10128 ,    34470 ,    2953         ,
27 ,    3445 ,     qi ,    4 ,     307 ,     11024 ,    35091 ,    3069         ,
27 ,    3485 ,     qi ,    4 ,     280 ,     9598 ,    34763 ,    2938         ,
27 ,    3525 ,     qi ,    4 ,     265 ,     10592 ,    34818 ,    2978         ,
27 ,    3565 ,     qi ,    4 ,     292 ,     11124 ,    35964 ,    3072         ,
27 ,    3605 ,     qi ,    4 ,     322 ,     9241 ,    37634 ,    3368         ,
27 ,    3645 ,     qi ,    4 ,     307 ,     9855 ,    37176 ,    3151         ,
27 ,    3685 ,     qi ,    4 ,     319 ,     10224 ,    37928 ,    3346         ,
27 ,    3725 ,     qi ,    4 ,     334 ,     9554 ,    38715 ,    3329         ,
27 ,    3765 ,     qi ,    4 ,     301 ,     14499 ,    37197 ,    3111         ,
27 ,    3805 ,     qi ,    4 ,     346 ,     10945 ,    39528 ,    3263         ,
27 ,    3845 ,     qi ,    4 ,     325 ,     12119 ,    40007 ,    3263         ,
27 ,    3885 ,     qi ,    4 ,     340 ,     13653 ,    40215 ,    10887         ,
27 ,    3925 ,     qi ,    4 ,     325 ,     14894 ,    39836 ,    5471         ,
27 ,    3965 ,     qi ,    4 ,     340 ,     10043 ,    41334 ,    3425         ,
27 ,    4005 ,     qi ,    4 ,     349 ,     10087 ,    42090 ,    3414         ,
27 ,    4045 ,     qi ,    4 ,     346 ,     11004 ,    42588 ,    3505         ,
27 ,    4085 ,     qi ,    4 ,     349 ,     11563 ,    42552 ,    3490         ,
27 ,    4125 ,     qi ,    4 ,     346 ,     12796 ,    42959 ,    3644         ,
27 ,    4165 ,     qi ,    4 ,     355 ,     12641 ,    43807 ,    3713         ,
27 ,    4205 ,     qi ,    4 ,     391 ,     13215 ,    44621 ,    3753         ,
27 ,    4245 ,     qi ,    4 ,     370 ,     11788 ,    44798 ,    3670         ,
27 ,    4285 ,     qi ,    4 ,     355 ,     11758 ,    45127 ,    3856         ,
27 ,    4325 ,     qi ,    4 ,     352 ,     14145 ,    45209 ,    3738         ,
27 ,    4365 ,     qi ,    4 ,     388 ,     13271 ,    46280 ,    3892         ,
27 ,    4405 ,     qi ,    4 ,     385 ,     11858 ,    47251 ,    3867         ,
27 ,    4445 ,     qi ,    4 ,     397 ,     13260 ,    47267 ,    3855         ,
27 ,    4485 ,     qi ,    4 ,     391 ,     12498 ,    48460 ,    3960         ,
27 ,    4525 ,     qi ,    4 ,     391 ,     12255 ,    48606 ,    4108         ,
27 ,    4565 ,     qi ,    4 ,     370 ,     13498 ,    48106 ,    3934         ,
27 ,    4605 ,     qi ,    4 ,     403 ,     12827 ,    49586 ,    4001         ,
27 ,    4645 ,     qi ,    4 ,     418 ,     14909 ,    49545 ,    4025         ,
27 ,    4685 ,     qi ,    4 ,     385 ,     14915 ,    49203 ,    6674         ,
27 ,    4725 ,     qi ,    4 ,     400 ,     15922 ,    50264 ,    4264         ,
27 ,    4765 ,     qi ,    4 ,     400 ,     12481 ,    51393 ,    4285         ,
27 ,    4805 ,     qi ,    4 ,     373 ,     17742 ,    49953 ,    4125         ,
27 ,    4845 ,     qi ,    4 ,     361 ,     15649 ,    50578 ,    4146         ,
27 ,    4885 ,     qi ,    4 ,     430 ,     13634 ,    53169 ,    4304         ,
27 ,    4925 ,     qi ,    4 ,     388 ,     15237 ,    52200 ,    4255         ,
27 ,    4965 ,     qi ,    4 ,     418 ,     15337 ,    53280 ,    4430         ,


