SEED ,  SIZE ,  ALG ,  TYPE ,  CALLS ,  CMP ,     MOVE ,    TIME              ,
27 ,    5 ,     b ,    0 ,     1 ,     17 ,    21 ,    7         ,
27 ,    45 ,     b ,    0 ,     1 ,     1466 ,    1428 ,    161         ,
27 ,    85 ,     b ,    0 ,     1 ,     5399 ,    5487 ,    560         ,
27 ,    125 ,     b ,    0 ,     1 ,     11578 ,    11484 ,    1164         ,
27 ,    165 ,     b ,    0 ,     1 ,     20304 ,    20322 ,    2036         ,
27 ,    205 ,     b ,    0 ,     1 ,     31415 ,    31515 ,    3168         ,
27 ,    245 ,     b ,    0 ,     1 ,     45193 ,    45909 ,    4712         ,
27 ,    285 ,     b ,    0 ,     1 ,     60439 ,    59907 ,    6170         ,
27 ,    325 ,     b ,    0 ,     1 ,     79773 ,    81369 ,    8748         ,
27 ,    365 ,     b ,    0 ,     1 ,     100972 ,    103626 ,    10356         ,
27 ,    405 ,     b ,    0 ,     1 ,     124889 ,    129237 ,    12814         ,
27 ,    445 ,     b ,    0 ,     1 ,     150458 ,    155004 ,    15330         ,
27 ,    485 ,     b ,    0 ,     1 ,     179454 ,    186252 ,    18445         ,
27 ,    525 ,     b ,    0 ,     1 ,     208614 ,    213192 ,    21376         ,
27 ,    565 ,     b ,    0 ,     1 ,     239368 ,    240114 ,    24357         ,
27 ,    605 ,     b ,    0 ,     1 ,     275777 ,    279201 ,    28209         ,
27 ,    645 ,     b ,    0 ,     1 ,     312920 ,    315690 ,    32160         ,
27 ,    685 ,     b ,    0 ,     1 ,     352595 ,    354975 ,    36193         ,
27 ,    725 ,     b ,    0 ,     1 ,     394994 ,    397632 ,    40558         ,
27 ,    765 ,     b ,    0 ,     1 ,     439283 ,    441159 ,    47361         ,
27 ,    805 ,     b ,    0 ,     1 ,     487822 ,    492636 ,    50156         ,
27 ,    845 ,     b ,    0 ,     1 ,     539401 ,    548433 ,    57650         ,
27 ,    885 ,     b ,    0 ,     1 ,     591320 ,    600450 ,    63687         ,
27 ,    925 ,     b ,    0 ,     1 ,     643611 ,    648783 ,    66376         ,
27 ,    965 ,     b ,    0 ,     1 ,     704212 ,    717246 ,    75079         ,
27 ,    1005 ,     b ,    0 ,     1 ,     764138 ,    778884 ,    81081         ,
27 ,    1045 ,     b ,    0 ,     1 ,     824266 ,    836328 ,    88007         ,
27 ,    1085 ,     b ,    0 ,     1 ,     883549 ,    886437 ,    93603         ,
27 ,    1125 ,     b ,    0 ,     1 ,     948661 ,    949233 ,    99932         ,
27 ,    1165 ,     b ,    0 ,     1 ,     1015811 ,    1013343 ,    107187         ,
27 ,    1205 ,     b ,    0 ,     1 ,     1087417 ,    1086021 ,    115532         ,
27 ,    1245 ,     b ,    0 ,     1 ,     1162931 ,    1165623 ,    122770         ,
27 ,    1285 ,     b ,    0 ,     1 ,     1238384 ,    1240242 ,    131491         ,
27 ,    1325 ,     b ,    0 ,     1 ,     1318552 ,    1324206 ,    138409         ,
27 ,    1365 ,     b ,    0 ,     1 ,     1402017 ,    1413261 ,    148683         ,
27 ,    1405 ,     b ,    0 ,     1 ,     1481319 ,    1485027 ,    156855         ,
27 ,    1445 ,     b ,    0 ,     1 ,     1562991 ,    1559103 ,    163677         ,
27 ,    1485 ,     b ,    0 ,     1 ,     1651660 ,    1649370 ,    172881         ,
27 ,    1525 ,     b ,    0 ,     1 ,     1740505 ,    1735365 ,    184417         ,
27 ,    1565 ,     b ,    0 ,     1 ,     1838435 ,    1843815 ,    193481         ,
27 ,    1605 ,     b ,    0 ,     1 ,     1933407 ,    1938591 ,    210039         ,
27 ,    1645 ,     b ,    0 ,     1 ,     2034661 ,    2047413 ,    215099         ,
27 ,    1685 ,     b ,    0 ,     1 ,     2133512 ,    2144226 ,    229937         ,
27 ,    1725 ,     b ,    0 ,     1 ,     2234206 ,    2241768 ,    239120         ,
27 ,    1765 ,     b ,    0 ,     1 ,     2337771 ,    2343123 ,    247069         ,
27 ,    1805 ,     b ,    0 ,     1 ,     2444285 ,    2448525 ,    257912         ,
27 ,    1845 ,     b ,    0 ,     1 ,     2555727 ,    2563911 ,    269991         ,
27 ,    1885 ,     b ,    0 ,     1 ,     2671623 ,    2687859 ,    288914         ,
27 ,    1925 ,     b ,    0 ,     1 ,     2785642 ,    2801376 ,    301563         ,
27 ,    1965 ,     b ,    0 ,     1 ,     2900477 ,    2912541 ,    307464         ,
27 ,    2005 ,     b ,    0 ,     1 ,     3021449 ,    3037317 ,    332628         ,
27 ,    2045 ,     b ,    0 ,     1 ,     3147402 ,    3172236 ,    339995         ,
27 ,    2085 ,     b ,    0 ,     1 ,     3266315 ,    3281235 ,    350669         ,
27 ,    2125 ,     b ,    0 ,     1 ,     3387621 ,    3392613 ,    367748         ,
27 ,    2165 ,     b ,    0 ,     1 ,     3513005 ,    3511425 ,    382586         ,
27 ,    2205 ,     b ,    0 ,     1 ,     3642592 ,    3638046 ,    395741         ,
27 ,    2245 ,     b ,    0 ,     1 ,     3769109 ,    3750657 ,    402227         ,
27 ,    2285 ,     b ,    0 ,     1 ,     3900013 ,    3871629 ,    422107         ,
27 ,    2325 ,     b ,    0 ,     1 ,     4037760 ,    4008330 ,    442708         ,
27 ,    2365 ,     b ,    0 ,     1 ,     4177381 ,    4145853 ,    447794         ,
27 ,    2405 ,     b ,    0 ,     1 ,     4323062 ,    4296756 ,    462416         ,
27 ,    2445 ,     b ,    0 ,     1 ,     4468256 ,    4441398 ,    480569         ,
27 ,    2485 ,     b ,    0 ,     1 ,     4619684 ,    4599942 ,    493604         ,
27 ,    2525 ,     b ,    0 ,     1 ,     4773649 ,    4761297 ,    517536         ,
27 ,    2565 ,     b ,    0 ,     1 ,     4926942 ,    4915836 ,    527457         ,
27 ,    2605 ,     b ,    0 ,     1 ,     5082545 ,    5072505 ,    543522         ,
27 ,    2645 ,     b ,    0 ,     1 ,     5242029 ,    5236017 ,    565078         ,
27 ,    2685 ,     b ,    0 ,     1 ,     5399730 ,    5389380 ,    577688         ,
27 ,    2725 ,     b ,    0 ,     1 ,     5561070 ,    5548860 ,    599956         ,
27 ,    2765 ,     b ,    0 ,     1 ,     5720093 ,    5696589 ,    622446         ,
27 ,    2805 ,     b ,    0 ,     1 ,     5881559 ,    5846847 ,    632808         ,
27 ,    2845 ,     b ,    0 ,     1 ,     6052806 ,    6021648 ,    651199         ,
27 ,    2885 ,     b ,    0 ,     1 ,     6221749 ,    6184737 ,    665111         ,
27 ,    2925 ,     b ,    0 ,     1 ,     6397852 ,    6364506 ,    688156         ,
27 ,    2965 ,     b ,    0 ,     1 ,     6582563 ,    6565299 ,    705327         ,
27 ,    3005 ,     b ,    0 ,     1 ,     6763596 ,    6750258 ,    725180         ,
27 ,    3045 ,     b ,    0 ,     1 ,     6933168 ,    6896034 ,    784092         ,
27 ,    3085 ,     b ,    0 ,     1 ,     7108441 ,    7054113 ,    775757         ,
27 ,    3125 ,     b ,    0 ,     1 ,     7288781 ,    7222593 ,    788152         ,
27 ,    3165 ,     b ,    0 ,     1 ,     7478637 ,    7414821 ,    803136         ,
27 ,    3205 ,     b ,    0 ,     1 ,     7673019 ,    7615827 ,    823477         ,
27 ,    3245 ,     b ,    0 ,     1 ,     7864283 ,    7802679 ,    841935         ,
27 ,    3285 ,     b ,    0 ,     1 ,     8060337 ,    7999101 ,    873695         ,
27 ,    3325 ,     b ,    0 ,     1 ,     8245442 ,    8157876 ,    879908         ,
27 ,    3365 ,     b ,    0 ,     1 ,     8440136 ,    8340618 ,    910080         ,
27 ,    3405 ,     b ,    0 ,     1 ,     8638581 ,    8529813 ,    924962         ,
27 ,    3445 ,     b ,    0 ,     1 ,     8841790 ,    8728500 ,    1838923         ,
27 ,    3485 ,     b ,    0 ,     1 ,     9049159 ,    8934867 ,    1673703         ,
27 ,    3525 ,     b ,    0 ,     1 ,     9255610 ,    9133680 ,    1625080         ,
27 ,    3565 ,     b ,    0 ,     1 ,     9462126 ,    9327888 ,    1016069         ,
27 ,    3605 ,     b ,    0 ,     1 ,     9686298 ,    9570264 ,    1039205         ,
27 ,    3645 ,     b ,    0 ,     1 ,     9911919 ,    9812187 ,    1065176         ,
27 ,    3685 ,     b ,    0 ,     1 ,     10134349 ,    10039737 ,    1090082         ,
27 ,    3725 ,     b ,    0 ,     1 ,     10355037 ,    10257261 ,    1138858         ,
27 ,    3765 ,     b ,    0 ,     1 ,     10576949 ,    10473657 ,    1196748         ,
27 ,    3805 ,     b ,    0 ,     1 ,     10797691 ,    10681743 ,    1181230         ,
27 ,    3845 ,     b ,    0 ,     1 ,     11013675 ,    10870755 ,    1193496         ,
27 ,    3885 ,     b ,    0 ,     1 ,     11236849 ,    11076537 ,    1207368         ,
27 ,    3925 ,     b ,    0 ,     1 ,     11470612 ,    11309286 ,    1251378         ,
27 ,    3965 ,     b ,    0 ,     1 ,     11717398 ,    11576304 ,    1305189         ,
27 ,    4005 ,     b ,    0 ,     1 ,     11944611 ,    11779803 ,    1286156         ,
27 ,    4045 ,     b ,    0 ,     1 ,     12193492 ,    12043506 ,    1327406         ,
27 ,    4085 ,     b ,    0 ,     1 ,     12440443 ,    12296619 ,    1384988         ,
27 ,    4125 ,     b ,    0 ,     1 ,     12698171 ,    12577263 ,    1380724         ,
27 ,    4165 ,     b ,    0 ,     1 ,     12974435 ,    12908715 ,    1421492         ,
27 ,    4205 ,     b ,    0 ,     1 ,     13225281 ,    13159113 ,    1449274         ,
27 ,    4245 ,     b ,    0 ,     1 ,     13467004 ,    13377342 ,    1464281         ,
27 ,    4285 ,     b ,    0 ,     1 ,     13736205 ,    13673205 ,    1764007         ,
27 ,    4325 ,     b ,    0 ,     1 ,     13988622 ,    13913916 ,    1647858         ,
27 ,    4365 ,     b ,    0 ,     1 ,     14261846 ,    14212248 ,    1635591         ,
27 ,    4405 ,     b ,    0 ,     1 ,     14526713 ,    14480709 ,    1680320         ,
27 ,    4445 ,     b ,    0 ,     1 ,     14796048 ,    14757774 ,    1734944         ,
27 ,    4485 ,     b ,    0 ,     1 ,     15051698 ,    14988984 ,    1761441         ,
27 ,    4525 ,     b ,    0 ,     1 ,     15327876 ,    15276978 ,    1814675         ,
27 ,    4565 ,     b ,    0 ,     1 ,     15597108 ,    15539334 ,    1733139         ,
27 ,    4605 ,     b ,    0 ,     1 ,     15878925 ,    15834645 ,    1824632         ,
27 ,    4645 ,     b ,    0 ,     1 ,     16155955 ,    16110795 ,    1773869         ,
27 ,    4685 ,     b ,    0 ,     1 ,     16426229 ,    16361877 ,    2072382         ,
27 ,    4725 ,     b ,    0 ,     1 ,     16714202 ,    16661256 ,    1955212         ,
27 ,    4765 ,     b ,    0 ,     1 ,     17000183 ,    16949859 ,    1845088         ,
27 ,    4805 ,     b ,    0 ,     1 ,     17293684 ,    17256222 ,    1878187         ,
27 ,    4845 ,     b ,    0 ,     1 ,     17573599 ,    17517027 ,    1940276         ,
27 ,    4885 ,     b ,    0 ,     1 ,     17871573 ,    17827209 ,    1955008         ,
27 ,    4925 ,     b ,    0 ,     1 ,     18174284 ,    18146802 ,    2125994         ,
27 ,    4965 ,     b ,    0 ,     1 ,     18462978 ,    18419544 ,    2136453         ,
27 ,    5 ,     b ,    1 ,     1 ,     10 ,    0 ,    4         ,
27 ,    45 ,     b ,    1 ,     1 ,     990 ,    0 ,    44         ,
27 ,    85 ,     b ,    1 ,     1 ,     3570 ,    0 ,    137         ,
27 ,    125 ,     b ,    1 ,     1 ,     7750 ,    0 ,    281         ,
27 ,    165 ,     b ,    1 ,     1 ,     13530 ,    0 ,    481         ,
27 ,    205 ,     b ,    1 ,     1 ,     20910 ,    0 ,    946         ,
27 ,    245 ,     b ,    1 ,     1 ,     29890 ,    0 ,    1055         ,
27 ,    285 ,     b ,    1 ,     1 ,     40470 ,    0 ,    1411         ,
27 ,    325 ,     b ,    1 ,     1 ,     52650 ,    0 ,    1920         ,
27 ,    365 ,     b ,    1 ,     1 ,     66430 ,    0 ,    2294         ,
27 ,    405 ,     b ,    1 ,     1 ,     81810 ,    0 ,    2918         ,
27 ,    445 ,     b ,    1 ,     1 ,     98790 ,    0 ,    3512         ,
27 ,    485 ,     b ,    1 ,     1 ,     117370 ,    0 ,    4311         ,
27 ,    525 ,     b ,    1 ,     1 ,     137550 ,    0 ,    4843         ,
27 ,    565 ,     b ,    1 ,     1 ,     159330 ,    0 ,    5571         ,
27 ,    605 ,     b ,    1 ,     1 ,     182710 ,    0 ,    6415         ,
27 ,    645 ,     b ,    1 ,     1 ,     207690 ,    0 ,    7226         ,
27 ,    685 ,     b ,    1 ,     1 ,     234270 ,    0 ,    8268         ,
27 ,    725 ,     b ,    1 ,     1 ,     262450 ,    0 ,    9138         ,
27 ,    765 ,     b ,    1 ,     1 ,     292230 ,    0 ,    10152         ,
27 ,    805 ,     b ,    1 ,     1 ,     323610 ,    0 ,    12053         ,
27 ,    845 ,     b ,    1 ,     1 ,     356590 ,    0 ,    12617         ,
27 ,    885 ,     b ,    1 ,     1 ,     391170 ,    0 ,    14127         ,
27 ,    925 ,     b ,    1 ,     1 ,     427350 ,    0 ,    15365         ,
27 ,    965 ,     b ,    1 ,     1 ,     465130 ,    0 ,    17083         ,
27 ,    1005 ,     b ,    1 ,     1 ,     504510 ,    0 ,    17852         ,
27 ,    1045 ,     b ,    1 ,     1 ,     545490 ,    0 ,    19004         ,
27 ,    1085 ,     b ,    1 ,     1 ,     588070 ,    0 ,    20460         ,
27 ,    1125 ,     b ,    1 ,     1 ,     632250 ,    0 ,    22011         ,
27 ,    1165 ,     b ,    1 ,     1 ,     678030 ,    0 ,    23621         ,
27 ,    1205 ,     b ,    1 ,     1 ,     725410 ,    0 ,    25607         ,
27 ,    1245 ,     b ,    1 ,     1 ,     774390 ,    0 ,    28679         ,
27 ,    1285 ,     b ,    1 ,     1 ,     824970 ,    0 ,    28749         ,
27 ,    1325 ,     b ,    1 ,     1 ,     877150 ,    0 ,    30796         ,
27 ,    1365 ,     b ,    1 ,     1 ,     930930 ,    0 ,    32538         ,
27 ,    1405 ,     b ,    1 ,     1 ,     986310 ,    0 ,    34727         ,
27 ,    1445 ,     b ,    1 ,     1 ,     1043290 ,    0 ,    36304         ,
27 ,    1485 ,     b ,    1 ,     1 ,     1101870 ,    0 ,    38353         ,
27 ,    1525 ,     b ,    1 ,     1 ,     1162050 ,    0 ,    40615         ,
27 ,    1565 ,     b ,    1 ,     1 ,     1223830 ,    0 ,    42972         ,
27 ,    1605 ,     b ,    1 ,     1 ,     1287210 ,    0 ,    44935         ,
27 ,    1645 ,     b ,    1 ,     1 ,     1352190 ,    0 ,    47269         ,
27 ,    1685 ,     b ,    1 ,     1 ,     1418770 ,    0 ,    49820         ,
27 ,    1725 ,     b ,    1 ,     1 ,     1486950 ,    0 ,    52103         ,
27 ,    1765 ,     b ,    1 ,     1 ,     1556730 ,    0 ,    54920         ,
27 ,    1805 ,     b ,    1 ,     1 ,     1628110 ,    0 ,    58026         ,
27 ,    1845 ,     b ,    1 ,     1 ,     1701090 ,    0 ,    61959         ,
27 ,    1885 ,     b ,    1 ,     1 ,     1775670 ,    0 ,    65849         ,
27 ,    1925 ,     b ,    1 ,     1 ,     1851850 ,    0 ,    68643         ,
27 ,    1965 ,     b ,    1 ,     1 ,     1929630 ,    0 ,    70514         ,
27 ,    2005 ,     b ,    1 ,     1 ,     2009010 ,    0 ,    72941         ,
27 ,    2045 ,     b ,    1 ,     1 ,     2089990 ,    0 ,    75941         ,
27 ,    2085 ,     b ,    1 ,     1 ,     2172570 ,    0 ,    79976         ,
27 ,    2125 ,     b ,    1 ,     1 ,     2256750 ,    0 ,    83521         ,
27 ,    2165 ,     b ,    1 ,     1 ,     2342530 ,    0 ,    86056         ,
27 ,    2205 ,     b ,    1 ,     1 ,     2429910 ,    0 ,    88782         ,
27 ,    2245 ,     b ,    1 ,     1 ,     2518890 ,    0 ,    92416         ,
27 ,    2285 ,     b ,    1 ,     1 ,     2609470 ,    0 ,    98735         ,
27 ,    2325 ,     b ,    1 ,     1 ,     2701650 ,    0 ,    102430         ,
27 ,    2365 ,     b ,    1 ,     1 ,     2795430 ,    0 ,    102866         ,
27 ,    2405 ,     b ,    1 ,     1 ,     2890810 ,    0 ,    106120         ,
27 ,    2445 ,     b ,    1 ,     1 ,     2987790 ,    0 ,    109668         ,
27 ,    2485 ,     b ,    1 ,     1 ,     3086370 ,    0 ,    114360         ,
27 ,    2525 ,     b ,    1 ,     1 ,     3186550 ,    0 ,    119275         ,
27 ,    2565 ,     b ,    1 ,     1 ,     3288330 ,    0 ,    120620         ,
27 ,    2605 ,     b ,    1 ,     1 ,     3391710 ,    0 ,    127320         ,
27 ,    2645 ,     b ,    1 ,     1 ,     3496690 ,    0 ,    128403         ,
27 ,    2685 ,     b ,    1 ,     1 ,     3603270 ,    0 ,    134064         ,
27 ,    2725 ,     b ,    1 ,     1 ,     3711450 ,    0 ,    139228         ,
27 ,    2765 ,     b ,    1 ,     1 ,     3821230 ,    0 ,    162247         ,
27 ,    2805 ,     b ,    1 ,     1 ,     3932610 ,    0 ,    155405         ,
27 ,    2845 ,     b ,    1 ,     1 ,     4045590 ,    0 ,    156300         ,
27 ,    2885 ,     b ,    1 ,     1 ,     4160170 ,    0 ,    149193         ,
27 ,    2925 ,     b ,    1 ,     1 ,     4276350 ,    0 ,    171852         ,
27 ,    2965 ,     b ,    1 ,     1 ,     4394130 ,    0 ,    156619         ,
27 ,    3005 ,     b ,    1 ,     1 ,     4513510 ,    0 ,    159399         ,
27 ,    3045 ,     b ,    1 ,     1 ,     4634490 ,    0 ,    164066         ,
27 ,    3085 ,     b ,    1 ,     1 ,     4757070 ,    0 ,    167449         ,
27 ,    3125 ,     b ,    1 ,     1 ,     4881250 ,    0 ,    172094         ,
27 ,    3165 ,     b ,    1 ,     1 ,     5007030 ,    0 ,    176200         ,
27 ,    3205 ,     b ,    1 ,     1 ,     5134410 ,    0 ,    181109         ,
27 ,    3245 ,     b ,    1 ,     1 ,     5263390 ,    0 ,    184858         ,
27 ,    3285 ,     b ,    1 ,     1 ,     5393970 ,    0 ,    189758         ,
27 ,    3325 ,     b ,    1 ,     1 ,     5526150 ,    0 ,    194725         ,
27 ,    3365 ,     b ,    1 ,     1 ,     5659930 ,    0 ,    198743         ,
27 ,    3405 ,     b ,    1 ,     1 ,     5795310 ,    0 ,    203544         ,
27 ,    3445 ,     b ,    1 ,     1 ,     5932290 ,    0 ,    208815         ,
27 ,    3485 ,     b ,    1 ,     1 ,     6070870 ,    0 ,    213808         ,
27 ,    3525 ,     b ,    1 ,     1 ,     6211050 ,    0 ,    218734         ,
27 ,    3565 ,     b ,    1 ,     1 ,     6352830 ,    0 ,    262697         ,
27 ,    3605 ,     b ,    1 ,     1 ,     6496210 ,    0 ,    241180         ,
27 ,    3645 ,     b ,    1 ,     1 ,     6641190 ,    0 ,    246739         ,
27 ,    3685 ,     b ,    1 ,     1 ,     6787770 ,    0 ,    242569         ,
27 ,    3725 ,     b ,    1 ,     1 ,     6935950 ,    0 ,    247781         ,
27 ,    3765 ,     b ,    1 ,     1 ,     7085730 ,    0 ,    250323         ,
27 ,    3805 ,     b ,    1 ,     1 ,     7237110 ,    0 ,    255489         ,
27 ,    3845 ,     b ,    1 ,     1 ,     7390090 ,    0 ,    267740         ,
27 ,    3885 ,     b ,    1 ,     1 ,     7544670 ,    0 ,    266285         ,
27 ,    3925 ,     b ,    1 ,     1 ,     7700850 ,    0 ,    272043         ,
27 ,    3965 ,     b ,    1 ,     1 ,     7858630 ,    0 ,    277968         ,
27 ,    4005 ,     b ,    1 ,     1 ,     8018010 ,    0 ,    284112         ,
27 ,    4045 ,     b ,    1 ,     1 ,     8178990 ,    0 ,    289637         ,
27 ,    4085 ,     b ,    1 ,     1 ,     8341570 ,    0 ,    295167         ,
27 ,    4125 ,     b ,    1 ,     1 ,     8505750 ,    0 ,    301820         ,
27 ,    4165 ,     b ,    1 ,     1 ,     8671530 ,    0 ,    306942         ,
27 ,    4205 ,     b ,    1 ,     1 ,     8838910 ,    0 ,    315557         ,
27 ,    4245 ,     b ,    1 ,     1 ,     9007890 ,    0 ,    319439         ,
27 ,    4285 ,     b ,    1 ,     1 ,     9178470 ,    0 ,    325495         ,
27 ,    4325 ,     b ,    1 ,     1 ,     9350650 ,    0 ,    332114         ,
27 ,    4365 ,     b ,    1 ,     1 ,     9524430 ,    0 ,    338370         ,
27 ,    4405 ,     b ,    1 ,     1 ,     9699810 ,    0 ,    351305         ,
27 ,    4445 ,     b ,    1 ,     1 ,     9876790 ,    0 ,    381760         ,
27 ,    4485 ,     b ,    1 ,     1 ,     10055370 ,    0 ,    357759         ,
27 ,    4525 ,     b ,    1 ,     1 ,     10235550 ,    0 ,    364526         ,
27 ,    4565 ,     b ,    1 ,     1 ,     10417330 ,    0 ,    378156         ,
27 ,    4605 ,     b ,    1 ,     1 ,     10600710 ,    0 ,    378088         ,
27 ,    4645 ,     b ,    1 ,     1 ,     10785690 ,    0 ,    391279         ,
27 ,    4685 ,     b ,    1 ,     1 ,     10972270 ,    0 ,    391102         ,
27 ,    4725 ,     b ,    1 ,     1 ,     11160450 ,    0 ,    398526         ,
27 ,    4765 ,     b ,    1 ,     1 ,     11350230 ,    0 ,    454261         ,
27 ,    4805 ,     b ,    1 ,     1 ,     11541610 ,    0 ,    418924         ,
27 ,    4845 ,     b ,    1 ,     1 ,     11734590 ,    0 ,    432005         ,
27 ,    4885 ,     b ,    1 ,     1 ,     11929170 ,    0 ,    442451         ,
27 ,    4925 ,     b ,    1 ,     1 ,     12125350 ,    0 ,    436372         ,
27 ,    4965 ,     b ,    1 ,     1 ,     12323130 ,    0 ,    452731         ,
27 ,    5 ,     b ,    2 ,     1 ,     20 ,    30 ,    5         ,
27 ,    45 ,     b ,    2 ,     1 ,     1980 ,    2970 ,    240         ,
27 ,    85 ,     b ,    2 ,     1 ,     7140 ,    10710 ,    866         ,
27 ,    125 ,     b ,    2 ,     1 ,     15500 ,    23250 ,    1866         ,
27 ,    165 ,     b ,    2 ,     1 ,     27060 ,    40590 ,    3246         ,
27 ,    205 ,     b ,    2 ,     1 ,     41820 ,    62730 ,    5123         ,
27 ,    245 ,     b ,    2 ,     1 ,     59780 ,    89670 ,    7259         ,
27 ,    285 ,     b ,    2 ,     1 ,     80940 ,    121410 ,    9797         ,
27 ,    325 ,     b ,    2 ,     1 ,     105300 ,    157950 ,    12698         ,
27 ,    365 ,     b ,    2 ,     1 ,     132860 ,    199290 ,    16087         ,
27 ,    405 ,     b ,    2 ,     1 ,     163620 ,    245430 ,    19734         ,
27 ,    445 ,     b ,    2 ,     1 ,     197580 ,    296370 ,    23981         ,
27 ,    485 ,     b ,    2 ,     1 ,     234740 ,    352110 ,    28397         ,
27 ,    525 ,     b ,    2 ,     1 ,     275100 ,    412650 ,    33267         ,
27 ,    565 ,     b ,    2 ,     1 ,     318660 ,    477990 ,    38524         ,
27 ,    605 ,     b ,    2 ,     1 ,     365420 ,    548130 ,    44056         ,
27 ,    645 ,     b ,    2 ,     1 ,     415380 ,    623070 ,    50342         ,
27 ,    685 ,     b ,    2 ,     1 ,     468540 ,    702810 ,    56376         ,
27 ,    725 ,     b ,    2 ,     1 ,     524900 ,    787350 ,    63411         ,
27 ,    765 ,     b ,    2 ,     1 ,     584460 ,    876690 ,    70438         ,
27 ,    805 ,     b ,    2 ,     1 ,     647220 ,    970830 ,    78108         ,
27 ,    845 ,     b ,    2 ,     1 ,     713180 ,    1069770 ,    86032         ,
27 ,    885 ,     b ,    2 ,     1 ,     782340 ,    1173510 ,    94591         ,
27 ,    925 ,     b ,    2 ,     1 ,     854700 ,    1282050 ,    102939         ,
27 ,    965 ,     b ,    2 ,     1 ,     930260 ,    1395390 ,    112288         ,
27 ,    1005 ,     b ,    2 ,     1 ,     1009020 ,    1513530 ,    121731         ,
27 ,    1045 ,     b ,    2 ,     1 ,     1090980 ,    1636470 ,    131914         ,
27 ,    1085 ,     b ,    2 ,     1 ,     1176140 ,    1764210 ,    141734         ,
27 ,    1125 ,     b ,    2 ,     1 ,     1264500 ,    1896750 ,    159178         ,
27 ,    1165 ,     b ,    2 ,     1 ,     1356060 ,    2034090 ,    163368         ,
27 ,    1205 ,     b ,    2 ,     1 ,     1450820 ,    2176230 ,    174992         ,
27 ,    1245 ,     b ,    2 ,     1 ,     1548780 ,    2323170 ,    186908         ,
27 ,    1285 ,     b ,    2 ,     1 ,     1649940 ,    2474910 ,    198963         ,
27 ,    1325 ,     b ,    2 ,     1 ,     1754300 ,    2631450 ,    212190         ,
27 ,    1365 ,     b ,    2 ,     1 ,     1861860 ,    2792790 ,    224941         ,
27 ,    1405 ,     b ,    2 ,     1 ,     1972620 ,    2958930 ,    238011         ,
27 ,    1445 ,     b ,    2 ,     1 ,     2086580 ,    3129870 ,    251575         ,
27 ,    1485 ,     b ,    2 ,     1 ,     2203740 ,    3305610 ,    265796         ,
27 ,    1525 ,     b ,    2 ,     1 ,     2324100 ,    3486150 ,    280282         ,
27 ,    1565 ,     b ,    2 ,     1 ,     2447660 ,    3671490 ,    303100         ,
27 ,    1605 ,     b ,    2 ,     1 ,     2574420 ,    3861630 ,    335919         ,
27 ,    1645 ,     b ,    2 ,     1 ,     2704380 ,    4056570 ,    360407         ,
27 ,    1685 ,     b ,    2 ,     1 ,     2837540 ,    4256310 ,    455639         ,
27 ,    1725 ,     b ,    2 ,     1 ,     2973900 ,    4460850 ,    478668         ,
27 ,    1765 ,     b ,    2 ,     1 ,     3113460 ,    4670190 ,    882003         ,
27 ,    1805 ,     b ,    2 ,     1 ,     3256220 ,    4884330 ,    510608         ,
27 ,    1845 ,     b ,    2 ,     1 ,     3402180 ,    5103270 ,    465069         ,
27 ,    1885 ,     b ,    2 ,     1 ,     3551340 ,    5327010 ,    493499         ,
27 ,    1925 ,     b ,    2 ,     1 ,     3703700 ,    5555550 ,    543881         ,
27 ,    1965 ,     b ,    2 ,     1 ,     3859260 ,    5788890 ,    529594         ,
27 ,    2005 ,     b ,    2 ,     1 ,     4018020 ,    6027030 ,    555510         ,
27 ,    2045 ,     b ,    2 ,     1 ,     4179980 ,    6269970 ,    523340         ,
27 ,    2085 ,     b ,    2 ,     1 ,     4345140 ,    6517710 ,    572670         ,
27 ,    2125 ,     b ,    2 ,     1 ,     4513500 ,    6770250 ,    1146789         ,
27 ,    2165 ,     b ,    2 ,     1 ,     4685060 ,    7027590 ,    582863         ,
27 ,    2205 ,     b ,    2 ,     1 ,     4859820 ,    7289730 ,    594019         ,
27 ,    2245 ,     b ,    2 ,     1 ,     5037780 ,    7556670 ,    614981         ,
27 ,    2285 ,     b ,    2 ,     1 ,     5218940 ,    7828410 ,    644610         ,
27 ,    2325 ,     b ,    2 ,     1 ,     5403300 ,    8104950 ,    677185         ,
27 ,    2365 ,     b ,    2 ,     1 ,     5590860 ,    8386290 ,    681446         ,
27 ,    2405 ,     b ,    2 ,     1 ,     5781620 ,    8672430 ,    739758         ,
27 ,    2445 ,     b ,    2 ,     1 ,     5975580 ,    8963370 ,    780947         ,
27 ,    2485 ,     b ,    2 ,     1 ,     6172740 ,    9259110 ,    793641         ,
27 ,    2525 ,     b ,    2 ,     1 ,     6373100 ,    9559650 ,    776679         ,
27 ,    2565 ,     b ,    2 ,     1 ,     6576660 ,    9864990 ,    821580         ,
27 ,    2605 ,     b ,    2 ,     1 ,     6783420 ,    10175130 ,    1338572         ,
27 ,    2645 ,     b ,    2 ,     1 ,     6993380 ,    10490070 ,    1390275         ,
27 ,    2685 ,     b ,    2 ,     1 ,     7206540 ,    10809810 ,    1539957         ,
27 ,    2725 ,     b ,    2 ,     1 ,     7422900 ,    11134350 ,    2063114         ,
27 ,    2765 ,     b ,    2 ,     1 ,     7642460 ,    11463690 ,    1228210         ,
27 ,    2805 ,     b ,    2 ,     1 ,     7865220 ,    11797830 ,    1184497         ,
27 ,    2845 ,     b ,    2 ,     1 ,     8091180 ,    12136770 ,    1104190         ,
27 ,    2885 ,     b ,    2 ,     1 ,     8320340 ,    12480510 ,    1011237         ,
27 ,    2925 ,     b ,    2 ,     1 ,     8552700 ,    12829050 ,    1039319         ,
27 ,    2965 ,     b ,    2 ,     1 ,     8788260 ,    13182390 ,    1080825         ,
27 ,    3005 ,     b ,    2 ,     1 ,     9027020 ,    13540530 ,    1096336         ,
27 ,    3045 ,     b ,    2 ,     1 ,     9268980 ,    13903470 ,    1119353         ,
27 ,    3085 ,     b ,    2 ,     1 ,     9514140 ,    14271210 ,    1156537         ,
27 ,    3125 ,     b ,    2 ,     1 ,     9762500 ,    14643750 ,    1232566         ,
27 ,    3165 ,     b ,    2 ,     1 ,     10014060 ,    15021090 ,    1208357         ,
27 ,    3205 ,     b ,    2 ,     1 ,     10268820 ,    15403230 ,    1237788         ,
27 ,    3245 ,     b ,    2 ,     1 ,     10526780 ,    15790170 ,    1296293         ,
27 ,    3285 ,     b ,    2 ,     1 ,     10787940 ,    16181910 ,    1306040         ,
27 ,    3325 ,     b ,    2 ,     1 ,     11052300 ,    16578450 ,    1344738         ,
27 ,    3365 ,     b ,    2 ,     1 ,     11319860 ,    16979790 ,    1506737         ,
27 ,    3405 ,     b ,    2 ,     1 ,     11590620 ,    17385930 ,    1563703         ,
27 ,    3445 ,     b ,    2 ,     1 ,     11864580 ,    17796870 ,    1444642         ,
27 ,    3485 ,     b ,    2 ,     1 ,     12141740 ,    18212610 ,    1487781         ,
27 ,    3525 ,     b ,    2 ,     1 ,     12422100 ,    18633150 ,    1524306         ,
27 ,    3565 ,     b ,    2 ,     1 ,     12705660 ,    19058490 ,    1561368         ,
27 ,    3605 ,     b ,    2 ,     1 ,     12992420 ,    19488630 ,    1585681         ,
27 ,    3645 ,     b ,    2 ,     1 ,     13282380 ,    19923570 ,    1617934         ,
27 ,    3685 ,     b ,    2 ,     1 ,     13575540 ,    20363310 ,    1676610         ,
27 ,    3725 ,     b ,    2 ,     1 ,     13871900 ,    20807850 ,    1683107         ,
27 ,    3765 ,     b ,    2 ,     1 ,     14171460 ,    21257190 ,    1715720         ,
27 ,    3805 ,     b ,    2 ,     1 ,     14474220 ,    21711330 ,    1746207         ,
27 ,    3845 ,     b ,    2 ,     1 ,     14780180 ,    22170270 ,    1867510         ,
27 ,    3885 ,     b ,    2 ,     1 ,     15089340 ,    22634010 ,    1884207         ,
27 ,    3925 ,     b ,    2 ,     1 ,     15401700 ,    23102550 ,    1874761         ,
27 ,    3965 ,     b ,    2 ,     1 ,     15717260 ,    23575890 ,    1907636         ,
27 ,    4005 ,     b ,    2 ,     1 ,     16036020 ,    24054030 ,    1935875         ,
27 ,    4045 ,     b ,    2 ,     1 ,     16357980 ,    24536970 ,    1990080         ,
27 ,    4085 ,     b ,    2 ,     1 ,     16683140 ,    25024710 ,    2048784         ,
27 ,    4125 ,     b ,    2 ,     1 ,     17011500 ,    25517250 ,    2085168         ,
27 ,    4165 ,     b ,    2 ,     1 ,     17343060 ,    26014590 ,    2103773         ,
27 ,    4205 ,     b ,    2 ,     1 ,     17677820 ,    26516730 ,    2150294         ,
27 ,    4245 ,     b ,    2 ,     1 ,     18015780 ,    27023670 ,    2191752         ,
27 ,    4285 ,     b ,    2 ,     1 ,     18356940 ,    27535410 ,    2244641         ,
27 ,    4325 ,     b ,    2 ,     1 ,     18701300 ,    28051950 ,    2268812         ,
27 ,    4365 ,     b ,    2 ,     1 ,     19048860 ,    28573290 ,    2303524         ,
27 ,    4405 ,     b ,    2 ,     1 ,     19399620 ,    29099430 ,    2343268         ,
27 ,    4445 ,     b ,    2 ,     1 ,     19753580 ,    29630370 ,    2429293         ,
27 ,    4485 ,     b ,    2 ,     1 ,     20110740 ,    30166110 ,    2435041         ,
27 ,    4525 ,     b ,    2 ,     1 ,     20471100 ,    30706650 ,    2482717         ,
27 ,    4565 ,     b ,    2 ,     1 ,     20834660 ,    31251990 ,    2521658         ,
27 ,    4605 ,     b ,    2 ,     1 ,     21201420 ,    31802130 ,    2595473         ,
27 ,    4645 ,     b ,    2 ,     1 ,     21571380 ,    32357070 ,    2617107         ,
27 ,    4685 ,     b ,    2 ,     1 ,     21944540 ,    32916810 ,    2680448         ,
27 ,    4725 ,     b ,    2 ,     1 ,     22320900 ,    33481350 ,    2709541         ,
27 ,    4765 ,     b ,    2 ,     1 ,     22700460 ,    34050690 ,    2791473         ,
27 ,    4805 ,     b ,    2 ,     1 ,     23083220 ,    34624830 ,    2795341         ,
27 ,    4845 ,     b ,    2 ,     1 ,     23469180 ,    35203770 ,    2842182         ,
27 ,    4885 ,     b ,    2 ,     1 ,     23858340 ,    35787510 ,    2909863         ,
27 ,    4925 ,     b ,    2 ,     1 ,     24250700 ,    36376050 ,    2946262         ,
27 ,    4965 ,     b ,    2 ,     1 ,     24646260 ,    36969390 ,    3189078         ,
27 ,    5 ,     b ,    3 ,     1 ,     10 ,    0 ,    4         ,
27 ,    45 ,     b ,    3 ,     1 ,     1272 ,    846 ,    340         ,
27 ,    85 ,     b ,    3 ,     1 ,     4538 ,    2904 ,    360         ,
27 ,    125 ,     b ,    3 ,     1 ,     9754 ,    6012 ,    733         ,
27 ,    165 ,     b ,    3 ,     1 ,     16592 ,    9186 ,    1205         ,
27 ,    205 ,     b ,    3 ,     1 ,     26406 ,    16488 ,    2000         ,
27 ,    245 ,     b ,    3 ,     1 ,     37189 ,    21897 ,    2769         ,
27 ,    285 ,     b ,    3 ,     1 ,     49744 ,    27822 ,    3677         ,
27 ,    325 ,     b ,    3 ,     1 ,     66282 ,    40896 ,    5106         ,
27 ,    365 ,     b ,    3 ,     1 ,     83312 ,    50646 ,    6226         ,
27 ,    405 ,     b ,    3 ,     1 ,     101548 ,    59214 ,    7543         ,
27 ,    445 ,     b ,    3 ,     1 ,     124605 ,    77445 ,    9681         ,
27 ,    485 ,     b ,    3 ,     1 ,     145306 ,    83808 ,    10834         ,
27 ,    525 ,     b ,    3 ,     1 ,     169978 ,    97284 ,    12742         ,
27 ,    565 ,     b ,    3 ,     1 ,     197982 ,    115956 ,    14959         ,
27 ,    605 ,     b ,    3 ,     1 ,     229724 ,    141042 ,    24487         ,
27 ,    645 ,     b ,    3 ,     1 ,     258229 ,    151617 ,    19514         ,
27 ,    685 ,     b ,    3 ,     1 ,     295586 ,    183948 ,    25654         ,
27 ,    725 ,     b ,    3 ,     1 ,     329434 ,    200952 ,    29379         ,
27 ,    765 ,     b ,    3 ,     1 ,     363087 ,    212571 ,    32396         ,
27 ,    805 ,     b ,    3 ,     1 ,     404423 ,    242439 ,    31408         ,
27 ,    845 ,     b ,    3 ,     1 ,     447248 ,    271974 ,    39304         ,
27 ,    885 ,     b ,    3 ,     1 ,     489229 ,    294177 ,    39173         ,
27 ,    925 ,     b ,    3 ,     1 ,     532538 ,    315564 ,    43267         ,
27 ,    965 ,     b ,    3 ,     1 ,     589246 ,    372348 ,    50389         ,
27 ,    1005 ,     b ,    3 ,     1 ,     625501 ,    362973 ,    53369         ,
27 ,    1045 ,     b ,    3 ,     1 ,     690341 ,    434553 ,    58705         ,
27 ,    1085 ,     b ,    3 ,     1 ,     737059 ,    446967 ,    67100         ,
27 ,    1125 ,     b ,    3 ,     1 ,     787015 ,    464295 ,    67161         ,
27 ,    1165 ,     b ,    3 ,     1 ,     844487 ,    499371 ,    73188         ,
27 ,    1205 ,     b ,    3 ,     1 ,     901379 ,    527907 ,    79679         ,
27 ,    1245 ,     b ,    3 ,     1 ,     975481 ,    603273 ,    122016         ,
27 ,    1285 ,     b ,    3 ,     1 ,     1033822 ,    626556 ,    190812         ,
27 ,    1325 ,     b ,    3 ,     1 ,     1100627 ,    670431 ,    111045         ,
27 ,    1365 ,     b ,    3 ,     1 ,     1161932 ,    693006 ,    266320         ,
27 ,    1405 ,     b ,    3 ,     1 ,     1241758 ,    766344 ,    110914         ,
27 ,    1445 ,     b ,    3 ,     1 ,     1313596 ,    810918 ,    150528         ,
27 ,    1485 ,     b ,    3 ,     1 ,     1383936 ,    846198 ,    114311         ,
27 ,    1525 ,     b ,    3 ,     1 ,     1457325 ,    885825 ,    344914         ,
27 ,    1565 ,     b ,    3 ,     1 ,     1543505 ,    959025 ,    192213         ,
27 ,    1605 ,     b ,    3 ,     1 ,     1612937 ,    977181 ,    160302         ,
27 ,    1645 ,     b ,    3 ,     1 ,     1699740 ,    1042650 ,    172104         ,
27 ,    1685 ,     b ,    3 ,     1 ,     1779077 ,    1080921 ,    203821         ,
27 ,    1725 ,     b ,    3 ,     1 ,     1876195 ,    1167735 ,    205040         ,
27 ,    1765 ,     b ,    3 ,     1 ,     1946746 ,    1170048 ,    198870         ,
27 ,    1805 ,     b ,    3 ,     1 ,     2027678 ,    1198704 ,    208454         ,
27 ,    1845 ,     b ,    3 ,     1 ,     2130061 ,    1286913 ,    366831         ,
27 ,    1885 ,     b ,    3 ,     1 ,     2222063 ,    1339179 ,    220695         ,
27 ,    1925 ,     b ,    3 ,     1 ,     2321711 ,    1409583 ,    214319         ,
27 ,    1965 ,     b ,    3 ,     1 ,     2411922 ,    1446876 ,    214060         ,
27 ,    2005 ,     b ,    3 ,     1 ,     2506998 ,    1493964 ,    240176         ,
27 ,    2045 ,     b ,    3 ,     1 ,     2595297 ,    1515921 ,    244802         ,
27 ,    2085 ,     b ,    3 ,     1 ,     2723393 ,    1652469 ,    266144         ,
27 ,    2125 ,     b ,    3 ,     1 ,     2824942 ,    1704576 ,    259549         ,
27 ,    2165 ,     b ,    3 ,     1 ,     2925015 ,    1747455 ,    267978         ,
27 ,    2205 ,     b ,    3 ,     1 ,     3049493 ,    1858749 ,    282178         ,
27 ,    2245 ,     b ,    3 ,     1 ,     3138349 ,    1858377 ,    290235         ,
27 ,    2285 ,     b ,    3 ,     1 ,     3271707 ,    1986711 ,    418722         ,
27 ,    2325 ,     b ,    3 ,     1 ,     3381922 ,    2040816 ,    313917         ,
27 ,    2365 ,     b ,    3 ,     1 ,     3489985 ,    2083665 ,    333683         ,
27 ,    2405 ,     b ,    3 ,     1 ,     3611975 ,    2163495 ,    432848         ,
27 ,    2445 ,     b ,    3 ,     1 ,     3705240 ,    2152350 ,    391326         ,
27 ,    2485 ,     b ,    3 ,     1 ,     3857172 ,    2312406 ,    417848         ,
27 ,    2525 ,     b ,    3 ,     1 ,     3954151 ,    2302803 ,    350020         ,
27 ,    2565 ,     b ,    3 ,     1 ,     4130084 ,    2525262 ,    361089         ,
27 ,    2605 ,     b ,    3 ,     1 ,     4229935 ,    2514675 ,    363710         ,
27 ,    2645 ,     b ,    3 ,     1 ,     4358038 ,    2584044 ,    386512         ,
27 ,    2685 ,     b ,    3 ,     1 ,     4519771 ,    2749503 ,    395086         ,
27 ,    2725 ,     b ,    3 ,     1 ,     4631130 ,    2759040 ,    406979         ,
27 ,    2765 ,     b ,    3 ,     1 ,     4751965 ,    2792205 ,    409464         ,
27 ,    2805 ,     b ,    3 ,     1 ,     4887809 ,    2865597 ,    444448         ,
27 ,    2845 ,     b ,    3 ,     1 ,     5054643 ,    3027159 ,    477160         ,
27 ,    2885 ,     b ,    3 ,     1 ,     5192943 ,    3098319 ,    477278         ,
27 ,    2925 ,     b ,    3 ,     1 ,     5344658 ,    3204924 ,    465818         ,
27 ,    2965 ,     b ,    3 ,     1 ,     5499382 ,    3315756 ,    512670         ,
27 ,    3005 ,     b ,    3 ,     1 ,     5644259 ,    3392247 ,    642153         ,
27 ,    3045 ,     b ,    3 ,     1 ,     5799909 ,    3496257 ,    597576         ,
27 ,    3085 ,     b ,    3 ,     1 ,     5919911 ,    3488523 ,    535198         ,
27 ,    3125 ,     b ,    3 ,     1 ,     6108784 ,    3682602 ,    555057         ,
27 ,    3165 ,     b ,    3 ,     1 ,     6237834 ,    3692412 ,    555154         ,
27 ,    3205 ,     b ,    3 ,     1 ,     6463099 ,    3986067 ,    615120         ,
27 ,    3245 ,     b ,    3 ,     1 ,     6515560 ,    3756510 ,    555501         ,
27 ,    3285 ,     b ,    3 ,     1 ,     6755912 ,    4085826 ,    597539         ,
27 ,    3325 ,     b ,    3 ,     1 ,     6924480 ,    4194990 ,    647472         ,
27 ,    3365 ,     b ,    3 ,     1 ,     7058796 ,    4196598 ,    634412         ,
27 ,    3405 ,     b ,    3 ,     1 ,     7250007 ,    4364091 ,    989606         ,
27 ,    3445 ,     b ,    3 ,     1 ,     7412749 ,    4441377 ,    1043021         ,
27 ,    3485 ,     b ,    3 ,     1 ,     7586373 ,    4546509 ,    1239499         ,
27 ,    3525 ,     b ,    3 ,     1 ,     7741457 ,    4591221 ,    713787         ,
27 ,    3565 ,     b ,    3 ,     1 ,     7993359 ,    4921587 ,    685683         ,
27 ,    3605 ,     b ,    3 ,     1 ,     8181922 ,    5057136 ,    714872         ,
27 ,    3645 ,     b ,    3 ,     1 ,     8288857 ,    4943001 ,    714986         ,
27 ,    3685 ,     b ,    3 ,     1 ,     8449065 ,    4983885 ,    733210         ,
27 ,    3725 ,     b ,    3 ,     1 ,     8639336 ,    5110158 ,    743982         ,
27 ,    3765 ,     b ,    3 ,     1 ,     8826858 ,    5223384 ,    788133         ,
27 ,    3805 ,     b ,    3 ,     1 ,     9051578 ,    5443404 ,    843386         ,
27 ,    3845 ,     b ,    3 ,     1 ,     9234734 ,    5533932 ,    811674         ,
27 ,    3885 ,     b ,    3 ,     1 ,     9451044 ,    5719122 ,    820158         ,
27 ,    3925 ,     b ,    3 ,     1 ,     9595625 ,    5684325 ,    876990         ,
27 ,    3965 ,     b ,    3 ,     1 ,     9790554 ,    5795772 ,    850519         ,
27 ,    4005 ,     b ,    3 ,     1 ,     9997027 ,    5937051 ,    883189         ,
27 ,    4045 ,     b ,    3 ,     1 ,     10211627 ,    6097911 ,    937118         ,
27 ,    4085 ,     b ,    3 ,     1 ,     10392371 ,    6152403 ,    1232923         ,
27 ,    4125 ,     b ,    3 ,     1 ,     10658681 ,    6458793 ,    1129401         ,
27 ,    4165 ,     b ,    3 ,     1 ,     10895998 ,    6673404 ,    1061281         ,
27 ,    4205 ,     b ,    3 ,     1 ,     10992287 ,    6460131 ,    990627         ,
27 ,    4245 ,     b ,    3 ,     1 ,     11259510 ,    6754860 ,    1017828         ,
27 ,    4285 ,     b ,    3 ,     1 ,     11443823 ,    6796059 ,    1694825         ,
27 ,    4325 ,     b ,    3 ,     1 ,     11698858 ,    7044624 ,    1309910         ,
27 ,    4365 ,     b ,    3 ,     1 ,     11890272 ,    7097526 ,    1271505         ,
27 ,    4405 ,     b ,    3 ,     1 ,     12151817 ,    7356021 ,    1181708         ,
27 ,    4445 ,     b ,    3 ,     1 ,     12404385 ,    7582785 ,    1183789         ,
27 ,    4485 ,     b ,    3 ,     1 ,     12610767 ,    7666191 ,    1143200         ,
27 ,    4525 ,     b ,    3 ,     1 ,     12719829 ,    7452837 ,    1122015         ,
27 ,    4565 ,     b ,    3 ,     1 ,     12969154 ,    7655472 ,    1188653         ,
27 ,    4605 ,     b ,    3 ,     1 ,     13306075 ,    8116095 ,    1236028         ,
27 ,    4645 ,     b ,    3 ,     1 ,     13460434 ,    8024232 ,    1179884         ,
27 ,    4685 ,     b ,    3 ,     1 ,     13800155 ,    8483655 ,    1236071         ,
27 ,    4725 ,     b ,    3 ,     1 ,     13967606 ,    8421468 ,    1230993         ,
27 ,    4765 ,     b ,    3 ,     1 ,     14138812 ,    8365746 ,    1273875         ,
27 ,    4805 ,     b ,    3 ,     1 ,     14415188 ,    8620734 ,    1251136         ,
27 ,    4845 ,     b ,    3 ,     1 ,     14684282 ,    8849076 ,    1286714         ,
27 ,    4885 ,     b ,    3 ,     1 ,     14897475 ,    8904915 ,    1311461         ,
27 ,    4925 ,     b ,    3 ,     1 ,     15231447 ,    9318291 ,    1396675         ,
27 ,    4965 ,     b ,    3 ,     1 ,     15444062 ,    9362796 ,    1345535         ,
27 ,    5 ,     b ,    4 ,     1 ,     16 ,    18 ,    6         ,
27 ,    45 ,     b ,    4 ,     1 ,     1311 ,    963 ,    126         ,
27 ,    85 ,     b ,    4 ,     1 ,     5185 ,    4845 ,    521         ,
27 ,    125 ,     b ,    4 ,     1 ,     10730 ,    8940 ,    999         ,
27 ,    165 ,     b ,    4 ,     1 ,     19148 ,    16854 ,    1808         ,
27 ,    205 ,     b ,    4 ,     1 ,     29364 ,    25362 ,    2709         ,
27 ,    245 ,     b ,    4 ,     1 ,     42637 ,    38241 ,    4011         ,
27 ,    285 ,     b ,    4 ,     1 ,     57202 ,    50196 ,    5360         ,
27 ,    325 ,     b ,    4 ,     1 ,     73212 ,    61686 ,    6710         ,
27 ,    365 ,     b ,    4 ,     1 ,     92707 ,    78831 ,    8648         ,
27 ,    405 ,     b ,    4 ,     1 ,     117098 ,    105864 ,    11138         ,
27 ,    445 ,     b ,    4 ,     1 ,     138891 ,    120303 ,    12927         ,
27 ,    485 ,     b ,    4 ,     1 ,     165601 ,    144693 ,    15874         ,
27 ,    525 ,     b ,    4 ,     1 ,     191715 ,    162495 ,    17588         ,
27 ,    565 ,     b ,    4 ,     1 ,     223569 ,    192717 ,    20550         ,
27 ,    605 ,     b ,    4 ,     1 ,     257022 ,    222936 ,    24062         ,
27 ,    645 ,     b ,    4 ,     1 ,     286832 ,    237426 ,    29041         ,
27 ,    685 ,     b ,    4 ,     1 ,     334422 ,    300456 ,    32294         ,
27 ,    725 ,     b ,    4 ,     1 ,     367683 ,    315699 ,    34622         ,
27 ,    765 ,     b ,    4 ,     1 ,     406434 ,    342612 ,    37801         ,
27 ,    805 ,     b ,    4 ,     1 ,     446295 ,    368055 ,    41413         ,
27 ,    845 ,     b ,    4 ,     1 ,     497774 ,    423552 ,    49404         ,
27 ,    885 ,     b ,    4 ,     1 ,     553665 ,    487485 ,    54884         ,
27 ,    925 ,     b ,    4 ,     1 ,     593530 ,    498540 ,    55378         ,
27 ,    965 ,     b ,    4 ,     1 ,     648136 ,    549018 ,    69493         ,
27 ,    1005 ,     b ,    4 ,     1 ,     707378 ,    608604 ,    69061         ,
27 ,    1045 ,     b ,    4 ,     1 ,     772724 ,    681702 ,    75113         ,
27 ,    1085 ,     b ,    4 ,     1 ,     821680 ,    700830 ,    78949         ,
27 ,    1125 ,     b ,    4 ,     1 ,     883623 ,    754119 ,    84385         ,
27 ,    1165 ,     b ,    4 ,     1 ,     946892 ,    806586 ,    92921         ,
27 ,    1205 ,     b ,    4 ,     1 ,     1021472 ,    888186 ,    98776         ,
27 ,    1245 ,     b ,    4 ,     1 ,     1101341 ,    980853 ,    108333         ,
27 ,    1285 ,     b ,    4 ,     1 ,     1155866 ,    992688 ,    113885         ,
27 ,    1325 ,     b ,    4 ,     1 ,     1225220 ,    1044210 ,    119970         ,
27 ,    1365 ,     b ,    4 ,     1 ,     1295479 ,    1093647 ,    126159         ,
27 ,    1405 ,     b ,    4 ,     1 ,     1389334 ,    1209072 ,    137913         ,
27 ,    1445 ,     b ,    4 ,     1 ,     1468299 ,    1275027 ,    145801         ,
27 ,    1485 ,     b ,    4 ,     1 ,     1534336 ,    1297398 ,    149877         ,
27 ,    1525 ,     b ,    4 ,     1 ,     1622398 ,    1381044 ,    157315         ,
27 ,    1565 ,     b ,    4 ,     1 ,     1725855 ,    1506075 ,    170664         ,
27 ,    1605 ,     b ,    4 ,     1 ,     1807666 ,    1561368 ,    178310         ,
27 ,    1645 ,     b ,    4 ,     1 ,     1902837 ,    1651941 ,    187846         ,
27 ,    1685 ,     b ,    4 ,     1 ,     1988289 ,    1708557 ,    196353         ,
27 ,    1725 ,     b ,    4 ,     1 ,     2087642 ,    1802076 ,    207078         ,
27 ,    1765 ,     b ,    4 ,     1 ,     2176010 ,    1857840 ,    217161         ,
27 ,    1805 ,     b ,    4 ,     1 ,     2289443 ,    1983999 ,    227423         ,
27 ,    1845 ,     b ,    4 ,     1 ,     2363695 ,    1987815 ,    232474         ,
27 ,    1885 ,     b ,    4 ,     1 ,     2478240 ,    2107710 ,    245405         ,
27 ,    1925 ,     b ,    4 ,     1 ,     2594273 ,    2227269 ,    261220         ,
27 ,    1965 ,     b ,    4 ,     1 ,     2711944 ,    2346942 ,    273695         ,
27 ,    2005 ,     b ,    4 ,     1 ,     2800566 ,    2374668 ,    277504         ,
27 ,    2045 ,     b ,    4 ,     1 ,     2933531 ,    2530623 ,    288220         ,
27 ,    2085 ,     b ,    4 ,     1 ,     3020399 ,    2543487 ,    303136         ,
27 ,    2125 ,     b ,    4 ,     1 ,     3159916 ,    2709498 ,    312569         ,
27 ,    2165 ,     b ,    4 ,     1 ,     3283402 ,    2822616 ,    333798         ,
27 ,    2205 ,     b ,    4 ,     1 ,     3422679 ,    2978307 ,    354648         ,
27 ,    2245 ,     b ,    4 ,     1 ,     3530271 ,    3034143 ,    355240         ,
27 ,    2285 ,     b ,    4 ,     1 ,     3659027 ,    3148671 ,    368472         ,
27 ,    2325 ,     b ,    4 ,     1 ,     3795534 ,    3281652 ,    389475         ,
27 ,    2365 ,     b ,    4 ,     1 ,     3928149 ,    3398157 ,    390046         ,
27 ,    2405 ,     b ,    4 ,     1 ,     4055094 ,    3492852 ,    404165         ,
27 ,    2445 ,     b ,    4 ,     1 ,     4201620 ,    3641490 ,    423003         ,
27 ,    2485 ,     b ,    4 ,     1 ,     4320454 ,    3702252 ,    429386         ,
27 ,    2525 ,     b ,    4 ,     1 ,     4479421 ,    3878613 ,    449734         ,
27 ,    2565 ,     b ,    4 ,     1 ,     4560701 ,    3817113 ,    457745         ,
27 ,    2605 ,     b ,    4 ,     1 ,     4715785 ,    3972225 ,    474663         ,
27 ,    2645 ,     b ,    4 ,     1 ,     4910975 ,    4242855 ,    490846         ,
27 ,    2685 ,     b ,    4 ,     1 ,     5057912 ,    4363926 ,    505876         ,
27 ,    2725 ,     b ,    4 ,     1 ,     5247473 ,    4608069 ,    537092         ,
27 ,    2765 ,     b ,    4 ,     1 ,     5330258 ,    4527084 ,    529218         ,
27 ,    2805 ,     b ,    4 ,     1 ,     5438720 ,    4518330 ,    538060         ,
27 ,    2845 ,     b ,    4 ,     1 ,     5658282 ,    4838076 ,    564583         ,
27 ,    2885 ,     b ,    4 ,     1 ,     5812025 ,    4955565 ,    593288         ,
27 ,    2925 ,     b ,    4 ,     1 ,     5982652 ,    5118906 ,    596042         ,
27 ,    2965 ,     b ,    4 ,     1 ,     6181480 ,    5362050 ,    620527         ,
27 ,    3005 ,     b ,    4 ,     1 ,     6369491 ,    5567943 ,    650035         ,
27 ,    3045 ,     b ,    4 ,     1 ,     6445000 ,    5431530 ,    645529         ,
27 ,    3085 ,     b ,    4 ,     1 ,     6685228 ,    5784474 ,    682678         ,
27 ,    3125 ,     b ,    4 ,     1 ,     6820726 ,    5818428 ,    687484         ,
27 ,    3165 ,     b ,    4 ,     1 ,     7035722 ,    6086076 ,    722037         ,
27 ,    3205 ,     b ,    4 ,     1 ,     7177456 ,    6129138 ,    725690         ,
27 ,    3245 ,     b ,    4 ,     1 ,     7350101 ,    6260133 ,    744672         ,
27 ,    3285 ,     b ,    4 ,     1 ,     7526078 ,    6396324 ,    749644         ,
27 ,    3325 ,     b ,    4 ,     1 ,     7710366 ,    6552648 ,    770390         ,
27 ,    3365 ,     b ,    4 ,     1 ,     7895959 ,    6708087 ,    785174         ,
27 ,    3405 ,     b ,    4 ,     1 ,     8167450 ,    7116420 ,    833242         ,
27 ,    3445 ,     b ,    4 ,     1 ,     8289104 ,    7070442 ,    860337         ,
27 ,    3485 ,     b ,    4 ,     1 ,     8446350 ,    7126440 ,    849076         ,
27 ,    3525 ,     b ,    4 ,     1 ,     8705883 ,    7484499 ,    884267         ,
27 ,    3565 ,     b ,    4 ,     1 ,     8841831 ,    7467003 ,    909282         ,
27 ,    3605 ,     b ,    4 ,     1 ,     9076340 ,    7740390 ,    930067         ,
27 ,    3645 ,     b ,    4 ,     1 ,     9231461 ,    7770813 ,    929326         ,
27 ,    3685 ,     b ,    4 ,     1 ,     9470473 ,    8048109 ,    954552         ,
27 ,    3725 ,     b ,    4 ,     1 ,     9783697 ,    8543241 ,    995989         ,
27 ,    3765 ,     b ,    4 ,     1 ,     9889301 ,    8410713 ,    1009487         ,
27 ,    3805 ,     b ,    4 ,     1 ,     10200914 ,    8891412 ,    1043519         ,
27 ,    3845 ,     b ,    4 ,     1 ,     10413167 ,    9069231 ,    1082666         ,
27 ,    3885 ,     b ,    4 ,     1 ,     10576307 ,    9094911 ,    1082690         ,
27 ,    3925 ,     b ,    4 ,     1 ,     10744001 ,    9129453 ,    1106360         ,
27 ,    3965 ,     b ,    4 ,     1 ,     11025539 ,    9500727 ,    1169301         ,
27 ,    4005 ,     b ,    4 ,     1 ,     11268901 ,    9752673 ,    1145532         ,
27 ,    4045 ,     b ,    4 ,     1 ,     11470610 ,    9874860 ,    1166484         ,
27 ,    4085 ,     b ,    4 ,     1 ,     11686277 ,    10034121 ,    1184962         ,
27 ,    4125 ,     b ,    4 ,     1 ,     11983710 ,    10433880 ,    1250581         ,
27 ,    4165 ,     b ,    4 ,     1 ,     12124232 ,    10358106 ,    1227074         ,
27 ,    4205 ,     b ,    4 ,     1 ,     12343123 ,    10512639 ,    1259400         ,
27 ,    4245 ,     b ,    4 ,     1 ,     12551336 ,    10630338 ,    1258930         ,
27 ,    4285 ,     b ,    4 ,     1 ,     12763606 ,    10755408 ,    1312498         ,
27 ,    4325 ,     b ,    4 ,     1 ,     13036236 ,    11056758 ,    1376560         ,
27 ,    4365 ,     b ,    4 ,     1 ,     13340360 ,    11447790 ,    1763164         ,
27 ,    4405 ,     b ,    4 ,     1 ,     13595602 ,    11687376 ,    1372533         ,
27 ,    4445 ,     b ,    4 ,     1 ,     13821450 ,    11833980 ,    1397993         ,
27 ,    4485 ,     b ,    4 ,     1 ,     14130070 ,    12224100 ,    1480029         ,
27 ,    4525 ,     b ,    4 ,     1 ,     14325813 ,    12270789 ,    1469692         ,
27 ,    4565 ,     b ,    4 ,     1 ,     14537471 ,    12360423 ,    1485795         ,
27 ,    4605 ,     b ,    4 ,     1 ,     14908797 ,    12924261 ,    1524053         ,
27 ,    4645 ,     b ,    4 ,     1 ,     15115242 ,    12988656 ,    1557450         ,
27 ,    4685 ,     b ,    4 ,     1 ,     15325996 ,    13061178 ,    1553491         ,
27 ,    4725 ,     b ,    4 ,     1 ,     15567898 ,    13222344 ,    1612299         ,
27 ,    4765 ,     b ,    4 ,     1 ,     15840202 ,    13469916 ,    1621951         ,
27 ,    4805 ,     b ,    4 ,     1 ,     16214408 ,    14018394 ,    1679769         ,
27 ,    4845 ,     b ,    4 ,     1 ,     16467406 ,    14198448 ,    1691094         ,
27 ,    4885 ,     b ,    4 ,     1 ,     16719000 ,    14369490 ,    1701829         ,
27 ,    4925 ,     b ,    4 ,     1 ,     16951210 ,    14477580 ,    1746885         ,
27 ,    4965 ,     b ,    4 ,     1 ,     17292777 ,    14908941 ,    1778520         ,


