SEED ,  SIZE ,  ALG ,  TYPE ,  CALLS ,  CMP ,     MOVE ,    TIME              ,
27 ,    5 ,     i ,    0 ,     1 ,     11 ,    15 ,    6         ,
27 ,    45 ,     i ,    0 ,     1 ,     520 ,    564 ,    63         ,
27 ,    85 ,     i ,    0 ,     1 ,     1913 ,    1997 ,    212         ,
27 ,    125 ,     i ,    0 ,     1 ,     3952 ,    4076 ,    424         ,
27 ,    165 ,     i ,    0 ,     1 ,     6938 ,    7102 ,    747         ,
27 ,    205 ,     i ,    0 ,     1 ,     10709 ,    10913 ,    1253         ,
27 ,    245 ,     i ,    0 ,     1 ,     15547 ,    15791 ,    2828         ,
27 ,    285 ,     i ,    0 ,     1 ,     20253 ,    20537 ,    3343         ,
27 ,    325 ,     i ,    0 ,     1 ,     27447 ,    27771 ,    3016         ,
27 ,    365 ,     i ,    0 ,     1 ,     34906 ,    35270 ,    5279         ,
27 ,    405 ,     i ,    0 ,     1 ,     43483 ,    43887 ,    5716         ,
27 ,    445 ,     i ,    0 ,     1 ,     52112 ,    52556 ,    11316         ,
27 ,    485 ,     i ,    0 ,     1 ,     62568 ,    63052 ,    20974         ,
27 ,    525 ,     i ,    0 ,     1 ,     71588 ,    72112 ,    7575         ,
27 ,    565 ,     i ,    0 ,     1 ,     80602 ,    81166 ,    8490         ,
27 ,    605 ,     i ,    0 ,     1 ,     93671 ,    94275 ,    9962         ,
27 ,    645 ,     i ,    0 ,     1 ,     105874 ,    106518 ,    11256         ,
27 ,    685 ,     i ,    0 ,     1 ,     119009 ,    119693 ,    12641         ,
27 ,    725 ,     i ,    0 ,     1 ,     133268 ,    133992 ,    16217         ,
27 ,    765 ,     i ,    0 ,     1 ,     147817 ,    148581 ,    15779         ,
27 ,    805 ,     i ,    0 ,     1 ,     165016 ,    165820 ,    29820         ,
27 ,    845 ,     i ,    0 ,     1 ,     183655 ,    184499 ,    26026         ,
27 ,    885 ,     i ,    0 ,     1 ,     201034 ,    201918 ,    29947         ,
27 ,    925 ,     i ,    0 ,     1 ,     217185 ,    218109 ,    23183         ,
27 ,    965 ,     i ,    0 ,     1 ,     240046 ,    241010 ,    30026         ,
27 ,    1005 ,     i ,    0 ,     1 ,     260632 ,    261636 ,    30674         ,
27 ,    1045 ,     i ,    0 ,     1 ,     279820 ,    280864 ,    46160         ,
27 ,    1085 ,     i ,    0 ,     1 ,     296563 ,    297647 ,    47014         ,
27 ,    1125 ,     i ,    0 ,     1 ,     317535 ,    318659 ,    57370         ,
27 ,    1165 ,     i ,    0 ,     1 ,     338945 ,    340109 ,    56700         ,
27 ,    1205 ,     i ,    0 ,     1 ,     363211 ,    364415 ,    68488         ,
27 ,    1245 ,     i ,    0 ,     1 ,     389785 ,    391029 ,    46355         ,
27 ,    1285 ,     i ,    0 ,     1 ,     414698 ,    415982 ,    95253         ,
27 ,    1325 ,     i ,    0 ,     1 ,     442726 ,    444050 ,    62722         ,
27 ,    1365 ,     i ,    0 ,     1 ,     472451 ,    473815 ,    59819         ,
27 ,    1405 ,     i ,    0 ,     1 ,     496413 ,    497817 ,    55749         ,
27 ,    1445 ,     i ,    0 ,     1 ,     521145 ,    522589 ,    60891         ,
27 ,    1485 ,     i ,    0 ,     1 ,     551274 ,    552758 ,    59068         ,
27 ,    1525 ,     i ,    0 ,     1 ,     579979 ,    581503 ,    62273         ,
27 ,    1565 ,     i ,    0 ,     1 ,     616169 ,    617733 ,    82331         ,
27 ,    1605 ,     i ,    0 ,     1 ,     647801 ,    649405 ,    112139         ,
27 ,    1645 ,     i ,    0 ,     1 ,     684115 ,    685759 ,    133760         ,
27 ,    1685 ,     i ,    0 ,     1 ,     716426 ,    718110 ,    80959         ,
27 ,    1725 ,     i ,    0 ,     1 ,     748980 ,    750704 ,    160697         ,
27 ,    1765 ,     i ,    0 ,     1 ,     782805 ,    784569 ,    91898         ,
27 ,    1805 ,     i ,    0 ,     1 ,     817979 ,    819783 ,    91523         ,
27 ,    1845 ,     i ,    0 ,     1 ,     856481 ,    858325 ,    101430         ,
27 ,    1885 ,     i ,    0 ,     1 ,     897837 ,    899721 ,    117211         ,
27 ,    1925 ,     i ,    0 ,     1 ,     935716 ,    937640 ,    118258         ,
27 ,    1965 ,     i ,    0 ,     1 ,     972811 ,    974775 ,    162816         ,
27 ,    2005 ,     i ,    0 ,     1 ,     1014443 ,    1016447 ,    245747         ,
27 ,    2045 ,     i ,    0 ,     1 ,     1059456 ,    1061500 ,    408791         ,
27 ,    2085 ,     i ,    0 ,     1 ,     1095829 ,    1097913 ,    208828         ,
27 ,    2125 ,     i ,    0 ,     1 ,     1132995 ,    1135119 ,    128124         ,
27 ,    2165 ,     i ,    0 ,     1 ,     1172639 ,    1174803 ,    143539         ,
27 ,    2205 ,     i ,    0 ,     1 ,     1214886 ,    1217090 ,    141468         ,
27 ,    2245 ,     i ,    0 ,     1 ,     1252463 ,    1254707 ,    147587         ,
27 ,    2285 ,     i ,    0 ,     1 ,     1292827 ,    1295111 ,    223270         ,
27 ,    2325 ,     i ,    0 ,     1 ,     1338434 ,    1340758 ,    195538         ,
27 ,    2365 ,     i ,    0 ,     1 ,     1384315 ,    1386679 ,    169528         ,
27 ,    2405 ,     i ,    0 ,     1 ,     1434656 ,    1437060 ,    168820         ,
27 ,    2445 ,     i ,    0 ,     1 ,     1482910 ,    1485354 ,    191548         ,
27 ,    2485 ,     i ,    0 ,     1 ,     1535798 ,    1538282 ,    182215         ,
27 ,    2525 ,     i ,    0 ,     1 ,     1589623 ,    1592147 ,    236956         ,
27 ,    2565 ,     i ,    0 ,     1 ,     1641176 ,    1643740 ,    195324         ,
27 ,    2605 ,     i ,    0 ,     1 ,     1693439 ,    1696043 ,    194859         ,
27 ,    2645 ,     i ,    0 ,     1 ,     1747983 ,    1750627 ,    215016         ,
27 ,    2685 ,     i ,    0 ,     1 ,     1799144 ,    1801828 ,    212526         ,
27 ,    2725 ,     i ,    0 ,     1 ,     1852344 ,    1855068 ,    210041         ,
27 ,    2765 ,     i ,    0 ,     1 ,     1901627 ,    1904391 ,    251891         ,
27 ,    2805 ,     i ,    0 ,     1 ,     1951753 ,    1954557 ,    226400         ,
27 ,    2845 ,     i ,    0 ,     1 ,     2010060 ,    2012904 ,    250849         ,
27 ,    2885 ,     i ,    0 ,     1 ,     2064463 ,    2067347 ,    248496         ,
27 ,    2925 ,     i ,    0 ,     1 ,     2124426 ,    2127350 ,    247096         ,
27 ,    2965 ,     i ,    0 ,     1 ,     2191397 ,    2194361 ,    274851         ,
27 ,    3005 ,     i ,    0 ,     1 ,     2253090 ,    2256094 ,    250689         ,
27 ,    3045 ,     i ,    0 ,     1 ,     2301722 ,    2304766 ,    251752         ,
27 ,    3085 ,     i ,    0 ,     1 ,     2354455 ,    2357539 ,    324394         ,
27 ,    3125 ,     i ,    0 ,     1 ,     2410655 ,    2413779 ,    287604         ,
27 ,    3165 ,     i ,    0 ,     1 ,     2474771 ,    2477935 ,    294440         ,
27 ,    3205 ,     i ,    0 ,     1 ,     2541813 ,    2545017 ,    297939         ,
27 ,    3245 ,     i ,    0 ,     1 ,     2604137 ,    2607381 ,    310956         ,
27 ,    3285 ,     i ,    0 ,     1 ,     2669651 ,    2672935 ,    401328         ,
27 ,    3325 ,     i ,    0 ,     1 ,     2722616 ,    2725940 ,    320411         ,
27 ,    3365 ,     i ,    0 ,     1 ,     2783570 ,    2786934 ,    321032         ,
27 ,    3405 ,     i ,    0 ,     1 ,     2846675 ,    2850079 ,    350704         ,
27 ,    3445 ,     i ,    0 ,     1 ,     2912944 ,    2916388 ,    358963         ,
27 ,    3485 ,     i ,    0 ,     1 ,     2981773 ,    2985257 ,    347811         ,
27 ,    3525 ,     i ,    0 ,     1 ,     3048084 ,    3051608 ,    389824         ,
27 ,    3565 ,     i ,    0 ,     1 ,     3112860 ,    3116424 ,    421510         ,
27 ,    3605 ,     i ,    0 ,     1 ,     3193692 ,    3197296 ,    404638         ,
27 ,    3645 ,     i ,    0 ,     1 ,     3274373 ,    3278017 ,    427198         ,
27 ,    3685 ,     i ,    0 ,     1 ,     3350263 ,    3353947 ,    373888         ,
27 ,    3725 ,     i ,    0 ,     1 ,     3422811 ,    3426535 ,    376743         ,
27 ,    3765 ,     i ,    0 ,     1 ,     3494983 ,    3498747 ,    384694         ,
27 ,    3805 ,     i ,    0 ,     1 ,     3564385 ,    3568189 ,    390735         ,
27 ,    3845 ,     i ,    0 ,     1 ,     3627429 ,    3631273 ,    411343         ,
27 ,    3885 ,     i ,    0 ,     1 ,     3696063 ,    3699947 ,    409469         ,
27 ,    3925 ,     i ,    0 ,     1 ,     3773686 ,    3777610 ,    420628         ,
27 ,    3965 ,     i ,    0 ,     1 ,     3862732 ,    3866696 ,    424304         ,
27 ,    4005 ,     i ,    0 ,     1 ,     3930605 ,    3934609 ,    439796         ,
27 ,    4045 ,     i ,    0 ,     1 ,     4018546 ,    4022590 ,    455511         ,
27 ,    4085 ,     i ,    0 ,     1 ,     4102957 ,    4107041 ,    449611         ,
27 ,    4125 ,     i ,    0 ,     1 ,     4196545 ,    4200669 ,    463190         ,
27 ,    4165 ,     i ,    0 ,     1 ,     4307069 ,    4311233 ,    469549         ,
27 ,    4205 ,     i ,    0 ,     1 ,     4390575 ,    4394779 ,    485908         ,
27 ,    4245 ,     i ,    0 ,     1 ,     4463358 ,    4467602 ,    530555         ,
27 ,    4285 ,     i ,    0 ,     1 ,     4562019 ,    4566303 ,    520259         ,
27 ,    4325 ,     i ,    0 ,     1 ,     4642296 ,    4646620 ,    559624         ,
27 ,    4365 ,     i ,    0 ,     1 ,     4741780 ,    4746144 ,    524513         ,
27 ,    4405 ,     i ,    0 ,     1 ,     4831307 ,    4835711 ,    550403         ,
27 ,    4445 ,     i ,    0 ,     1 ,     4923702 ,    4928146 ,    543147         ,
27 ,    4485 ,     i ,    0 ,     1 ,     5000812 ,    5005296 ,    566402         ,
27 ,    4525 ,     i ,    0 ,     1 ,     5096850 ,    5101374 ,    577787         ,
27 ,    4565 ,     i ,    0 ,     1 ,     5184342 ,    5188906 ,    687553         ,
27 ,    4605 ,     i ,    0 ,     1 ,     5282819 ,    5287423 ,    1531168         ,
27 ,    4645 ,     i ,    0 ,     1 ,     5374909 ,    5379553 ,    1121567         ,
27 ,    4685 ,     i ,    0 ,     1 ,     5458643 ,    5463327 ,    673784         ,
27 ,    4725 ,     i ,    0 ,     1 ,     5558476 ,    5563200 ,    645768         ,
27 ,    4765 ,     i ,    0 ,     1 ,     5654717 ,    5659481 ,    649135         ,
27 ,    4805 ,     i ,    0 ,     1 ,     5756878 ,    5761682 ,    662503         ,
27 ,    4845 ,     i ,    0 ,     1 ,     5843853 ,    5848697 ,    940969         ,
27 ,    4885 ,     i ,    0 ,     1 ,     5947287 ,    5952171 ,    1123269         ,
27 ,    4925 ,     i ,    0 ,     1 ,     6053858 ,    6058782 ,    1140314         ,
27 ,    4965 ,     i ,    0 ,     1 ,     6144812 ,    6149776 ,    1232102         ,
27 ,    5 ,     i ,    1 ,     1 ,     4 ,    8 ,    9         ,
27 ,    45 ,     i ,    1 ,     1 ,     44 ,    88 ,    10         ,
27 ,    85 ,     i ,    1 ,     1 ,     84 ,    168 ,    17         ,
27 ,    125 ,     i ,    1 ,     1 ,     124 ,    248 ,    22         ,
27 ,    165 ,     i ,    1 ,     1 ,     164 ,    328 ,    27         ,
27 ,    205 ,     i ,    1 ,     1 ,     204 ,    408 ,    33         ,
27 ,    245 ,     i ,    1 ,     1 ,     244 ,    488 ,    39         ,
27 ,    285 ,     i ,    1 ,     1 ,     284 ,    568 ,    46         ,
27 ,    325 ,     i ,    1 ,     1 ,     324 ,    648 ,    52         ,
27 ,    365 ,     i ,    1 ,     1 ,     364 ,    728 ,    58         ,
27 ,    405 ,     i ,    1 ,     1 ,     404 ,    808 ,    64         ,
27 ,    445 ,     i ,    1 ,     1 ,     444 ,    888 ,    71         ,
27 ,    485 ,     i ,    1 ,     1 ,     484 ,    968 ,    78         ,
27 ,    525 ,     i ,    1 ,     1 ,     524 ,    1048 ,    84         ,
27 ,    565 ,     i ,    1 ,     1 ,     564 ,    1128 ,    90         ,
27 ,    605 ,     i ,    1 ,     1 ,     604 ,    1208 ,    98         ,
27 ,    645 ,     i ,    1 ,     1 ,     644 ,    1288 ,    103         ,
27 ,    685 ,     i ,    1 ,     1 ,     684 ,    1368 ,    109         ,
27 ,    725 ,     i ,    1 ,     1 ,     724 ,    1448 ,    116         ,
27 ,    765 ,     i ,    1 ,     1 ,     764 ,    1528 ,    123         ,
27 ,    805 ,     i ,    1 ,     1 ,     804 ,    1608 ,    127         ,
27 ,    845 ,     i ,    1 ,     1 ,     844 ,    1688 ,    134         ,
27 ,    885 ,     i ,    1 ,     1 ,     884 ,    1768 ,    140         ,
27 ,    925 ,     i ,    1 ,     1 ,     924 ,    1848 ,    147         ,
27 ,    965 ,     i ,    1 ,     1 ,     964 ,    1928 ,    153         ,
27 ,    1005 ,     i ,    1 ,     1 ,     1004 ,    2008 ,    161         ,
27 ,    1045 ,     i ,    1 ,     1 ,     1044 ,    2088 ,    167         ,
27 ,    1085 ,     i ,    1 ,     1 ,     1084 ,    2168 ,    173         ,
27 ,    1125 ,     i ,    1 ,     1 ,     1124 ,    2248 ,    180         ,
27 ,    1165 ,     i ,    1 ,     1 ,     1164 ,    2328 ,    185         ,
27 ,    1205 ,     i ,    1 ,     1 ,     1204 ,    2408 ,    199         ,
27 ,    1245 ,     i ,    1 ,     1 ,     1244 ,    2488 ,    197         ,
27 ,    1285 ,     i ,    1 ,     1 ,     1284 ,    2568 ,    207         ,
27 ,    1325 ,     i ,    1 ,     1 ,     1324 ,    2648 ,    213         ,
27 ,    1365 ,     i ,    1 ,     1 ,     1364 ,    2728 ,    220         ,
27 ,    1405 ,     i ,    1 ,     1 ,     1404 ,    2808 ,    225         ,
27 ,    1445 ,     i ,    1 ,     1 ,     1444 ,    2888 ,    232         ,
27 ,    1485 ,     i ,    1 ,     1 ,     1484 ,    2968 ,    236         ,
27 ,    1525 ,     i ,    1 ,     1 ,     1524 ,    3048 ,    242         ,
27 ,    1565 ,     i ,    1 ,     1 ,     1564 ,    3128 ,    388         ,
27 ,    1605 ,     i ,    1 ,     1 ,     1604 ,    3208 ,    257         ,
27 ,    1645 ,     i ,    1 ,     1 ,     1644 ,    3288 ,    2058         ,
27 ,    1685 ,     i ,    1 ,     1 ,     1684 ,    3368 ,    7502         ,
27 ,    1725 ,     i ,    1 ,     1 ,     1724 ,    3448 ,    1815         ,
27 ,    1765 ,     i ,    1 ,     1 ,     1764 ,    3528 ,    281         ,
27 ,    1805 ,     i ,    1 ,     1 ,     1804 ,    3608 ,    286         ,
27 ,    1845 ,     i ,    1 ,     1 ,     1844 ,    3688 ,    294         ,
27 ,    1885 ,     i ,    1 ,     1 ,     1884 ,    3768 ,    303         ,
27 ,    1925 ,     i ,    1 ,     1 ,     1924 ,    3848 ,    306         ,
27 ,    1965 ,     i ,    1 ,     1 ,     1964 ,    3928 ,    314         ,
27 ,    2005 ,     i ,    1 ,     1 ,     2004 ,    4008 ,    336         ,
27 ,    2045 ,     i ,    1 ,     1 ,     2044 ,    4088 ,    328         ,
27 ,    2085 ,     i ,    1 ,     1 ,     2084 ,    4168 ,    334         ,
27 ,    2125 ,     i ,    1 ,     1 ,     2124 ,    4248 ,    338         ,
27 ,    2165 ,     i ,    1 ,     1 ,     2164 ,    4328 ,    345         ,
27 ,    2205 ,     i ,    1 ,     1 ,     2204 ,    4408 ,    419         ,
27 ,    2245 ,     i ,    1 ,     1 ,     2244 ,    4488 ,    431         ,
27 ,    2285 ,     i ,    1 ,     1 ,     2284 ,    4568 ,    679         ,
27 ,    2325 ,     i ,    1 ,     1 ,     2324 ,    4648 ,    734         ,
27 ,    2365 ,     i ,    1 ,     1 ,     2364 ,    4728 ,    467         ,
27 ,    2405 ,     i ,    1 ,     1 ,     2404 ,    4808 ,    1314         ,
27 ,    2445 ,     i ,    1 ,     1 ,     2444 ,    4888 ,    508         ,
27 ,    2485 ,     i ,    1 ,     1 ,     2484 ,    4968 ,    484         ,
27 ,    2525 ,     i ,    1 ,     1 ,     2524 ,    5048 ,    403         ,
27 ,    2565 ,     i ,    1 ,     1 ,     2564 ,    5128 ,    410         ,
27 ,    2605 ,     i ,    1 ,     1 ,     2604 ,    5208 ,    421         ,
27 ,    2645 ,     i ,    1 ,     1 ,     2644 ,    5288 ,    423         ,
27 ,    2685 ,     i ,    1 ,     1 ,     2684 ,    5368 ,    426         ,
27 ,    2725 ,     i ,    1 ,     1 ,     2724 ,    5448 ,    440         ,
27 ,    2765 ,     i ,    1 ,     1 ,     2764 ,    5528 ,    443         ,
27 ,    2805 ,     i ,    1 ,     1 ,     2804 ,    5608 ,    445         ,
27 ,    2845 ,     i ,    1 ,     1 ,     2844 ,    5688 ,    454         ,
27 ,    2885 ,     i ,    1 ,     1 ,     2884 ,    5768 ,    460         ,
27 ,    2925 ,     i ,    1 ,     1 ,     2924 ,    5848 ,    467         ,
27 ,    2965 ,     i ,    1 ,     1 ,     2964 ,    5928 ,    495         ,
27 ,    3005 ,     i ,    1 ,     1 ,     3004 ,    6008 ,    520         ,
27 ,    3045 ,     i ,    1 ,     1 ,     3044 ,    6088 ,    529         ,
27 ,    3085 ,     i ,    1 ,     1 ,     3084 ,    6168 ,    497         ,
27 ,    3125 ,     i ,    1 ,     1 ,     3124 ,    6248 ,    538         ,
27 ,    3165 ,     i ,    1 ,     1 ,     3164 ,    6328 ,    527         ,
27 ,    3205 ,     i ,    1 ,     1 ,     3204 ,    6408 ,    544         ,
27 ,    3245 ,     i ,    1 ,     1 ,     3244 ,    6488 ,    578         ,
27 ,    3285 ,     i ,    1 ,     1 ,     3284 ,    6568 ,    558         ,
27 ,    3325 ,     i ,    1 ,     1 ,     3324 ,    6648 ,    582         ,
27 ,    3365 ,     i ,    1 ,     1 ,     3364 ,    6728 ,    4561         ,
27 ,    3405 ,     i ,    1 ,     1 ,     3404 ,    6808 ,    580         ,
27 ,    3445 ,     i ,    1 ,     1 ,     3444 ,    6888 ,    691         ,
27 ,    3485 ,     i ,    1 ,     1 ,     3484 ,    6968 ,    581         ,
27 ,    3525 ,     i ,    1 ,     1 ,     3524 ,    7048 ,    601         ,
27 ,    3565 ,     i ,    1 ,     1 ,     3564 ,    7128 ,    626         ,
27 ,    3605 ,     i ,    1 ,     1 ,     3604 ,    7208 ,    577         ,
27 ,    3645 ,     i ,    1 ,     1 ,     3644 ,    7288 ,    600         ,
27 ,    3685 ,     i ,    1 ,     1 ,     3684 ,    7368 ,    5881         ,
27 ,    3725 ,     i ,    1 ,     1 ,     3724 ,    7448 ,    814         ,
27 ,    3765 ,     i ,    1 ,     1 ,     3764 ,    7528 ,    604         ,
27 ,    3805 ,     i ,    1 ,     1 ,     3804 ,    7608 ,    629         ,
27 ,    3845 ,     i ,    1 ,     1 ,     3844 ,    7688 ,    644         ,
27 ,    3885 ,     i ,    1 ,     1 ,     3884 ,    7768 ,    624         ,
27 ,    3925 ,     i ,    1 ,     1 ,     3924 ,    7848 ,    890         ,
27 ,    3965 ,     i ,    1 ,     1 ,     3964 ,    7928 ,    13596         ,
27 ,    4005 ,     i ,    1 ,     1 ,     4004 ,    8008 ,    948         ,
27 ,    4045 ,     i ,    1 ,     1 ,     4044 ,    8088 ,    647         ,
27 ,    4085 ,     i ,    1 ,     1 ,     4084 ,    8168 ,    655         ,
27 ,    4125 ,     i ,    1 ,     1 ,     4124 ,    8248 ,    660         ,
27 ,    4165 ,     i ,    1 ,     1 ,     4164 ,    8328 ,    668         ,
27 ,    4205 ,     i ,    1 ,     1 ,     4204 ,    8408 ,    669         ,
27 ,    4245 ,     i ,    1 ,     1 ,     4244 ,    8488 ,    680         ,
27 ,    4285 ,     i ,    1 ,     1 ,     4284 ,    8568 ,    874         ,
27 ,    4325 ,     i ,    1 ,     1 ,     4324 ,    8648 ,    698         ,
27 ,    4365 ,     i ,    1 ,     1 ,     4364 ,    8728 ,    731         ,
27 ,    4405 ,     i ,    1 ,     1 ,     4404 ,    8808 ,    725         ,
27 ,    4445 ,     i ,    1 ,     1 ,     4444 ,    8888 ,    734         ,
27 ,    4485 ,     i ,    1 ,     1 ,     4484 ,    8968 ,    734         ,
27 ,    4525 ,     i ,    1 ,     1 ,     4524 ,    9048 ,    725         ,
27 ,    4565 ,     i ,    1 ,     1 ,     4564 ,    9128 ,    810         ,
27 ,    4605 ,     i ,    1 ,     1 ,     4604 ,    9208 ,    889         ,
27 ,    4645 ,     i ,    1 ,     1 ,     4644 ,    9288 ,    737         ,
27 ,    4685 ,     i ,    1 ,     1 ,     4684 ,    9368 ,    757         ,
27 ,    4725 ,     i ,    1 ,     1 ,     4724 ,    9448 ,    758         ,
27 ,    4765 ,     i ,    1 ,     1 ,     4764 ,    9528 ,    784         ,
27 ,    4805 ,     i ,    1 ,     1 ,     4804 ,    9608 ,    785         ,
27 ,    4845 ,     i ,    1 ,     1 ,     4844 ,    9688 ,    778         ,
27 ,    4885 ,     i ,    1 ,     1 ,     4884 ,    9768 ,    796         ,
27 ,    4925 ,     i ,    1 ,     1 ,     4924 ,    9848 ,    898         ,
27 ,    4965 ,     i ,    1 ,     1 ,     4964 ,    9928 ,    920         ,
27 ,    5 ,     i ,    2 ,     1 ,     14 ,    18 ,    4         ,
27 ,    45 ,     i ,    2 ,     1 ,     1034 ,    1078 ,    113         ,
27 ,    85 ,     i ,    2 ,     1 ,     3654 ,    3738 ,    518         ,
27 ,    125 ,     i ,    2 ,     1 ,     7874 ,    7998 ,    1045         ,
27 ,    165 ,     i ,    2 ,     1 ,     13694 ,    13858 ,    1444         ,
27 ,    205 ,     i ,    2 ,     1 ,     21114 ,    21318 ,    43528         ,
27 ,    245 ,     i ,    2 ,     1 ,     30134 ,    30378 ,    3177         ,
27 ,    285 ,     i ,    2 ,     1 ,     40754 ,    41038 ,    4278         ,
27 ,    325 ,     i ,    2 ,     1 ,     52974 ,    53298 ,    5614         ,
27 ,    365 ,     i ,    2 ,     1 ,     66794 ,    67158 ,    38089         ,
27 ,    405 ,     i ,    2 ,     1 ,     82214 ,    82618 ,    38453         ,
27 ,    445 ,     i ,    2 ,     1 ,     99234 ,    99678 ,    10600         ,
27 ,    485 ,     i ,    2 ,     1 ,     117854 ,    118338 ,    48216         ,
27 ,    525 ,     i ,    2 ,     1 ,     138074 ,    138598 ,    16708         ,
27 ,    565 ,     i ,    2 ,     1 ,     159894 ,    160458 ,    135734         ,
27 ,    605 ,     i ,    2 ,     1 ,     183314 ,    183918 ,    55898         ,
27 ,    645 ,     i ,    2 ,     1 ,     208334 ,    208978 ,    118884         ,
27 ,    685 ,     i ,    2 ,     1 ,     234954 ,    235638 ,    29821         ,
27 ,    725 ,     i ,    2 ,     1 ,     263174 ,    263898 ,    55948         ,
27 ,    765 ,     i ,    2 ,     1 ,     292994 ,    293758 ,    35193         ,
27 ,    805 ,     i ,    2 ,     1 ,     324414 ,    325218 ,    90418         ,
27 ,    845 ,     i ,    2 ,     1 ,     357434 ,    358278 ,    58318         ,
27 ,    885 ,     i ,    2 ,     1 ,     392054 ,    392938 ,    58449         ,
27 ,    925 ,     i ,    2 ,     1 ,     428274 ,    429198 ,    223777         ,
27 ,    965 ,     i ,    2 ,     1 ,     466094 ,    467058 ,    193471         ,
27 ,    1005 ,     i ,    2 ,     1 ,     505514 ,    506518 ,    125922         ,
27 ,    1045 ,     i ,    2 ,     1 ,     546534 ,    547578 ,    128766         ,
27 ,    1085 ,     i ,    2 ,     1 ,     589154 ,    590238 ,    168370         ,
27 ,    1125 ,     i ,    2 ,     1 ,     633374 ,    634498 ,    286749         ,
27 ,    1165 ,     i ,    2 ,     1 ,     679194 ,    680358 ,    335634         ,
27 ,    1205 ,     i ,    2 ,     1 ,     726614 ,    727818 ,    306461         ,
27 ,    1245 ,     i ,    2 ,     1 ,     775634 ,    776878 ,    179868         ,
27 ,    1285 ,     i ,    2 ,     1 ,     826254 ,    827538 ,    342794         ,
27 ,    1325 ,     i ,    2 ,     1 ,     878474 ,    879798 ,    398726         ,
27 ,    1365 ,     i ,    2 ,     1 ,     932294 ,    933658 ,    131639         ,
27 ,    1405 ,     i ,    2 ,     1 ,     987714 ,    989118 ,    330714         ,
27 ,    1445 ,     i ,    2 ,     1 ,     1044734 ,    1046178 ,    467144         ,
27 ,    1485 ,     i ,    2 ,     1 ,     1103354 ,    1104838 ,    231120         ,
27 ,    1525 ,     i ,    2 ,     1 ,     1163574 ,    1165098 ,    356390         ,
27 ,    1565 ,     i ,    2 ,     1 ,     1225394 ,    1226958 ,    166632         ,
27 ,    1605 ,     i ,    2 ,     1 ,     1288814 ,    1290418 ,    371114         ,
27 ,    1645 ,     i ,    2 ,     1 ,     1353834 ,    1355478 ,    170467         ,
27 ,    1685 ,     i ,    2 ,     1 ,     1420454 ,    1422138 ,    156834         ,
27 ,    1725 ,     i ,    2 ,     1 ,     1488674 ,    1490398 ,    165824         ,
27 ,    1765 ,     i ,    2 ,     1 ,     1558494 ,    1560258 ,    173979         ,
27 ,    1805 ,     i ,    2 ,     1 ,     1629914 ,    1631718 ,    181665         ,
27 ,    1845 ,     i ,    2 ,     1 ,     1702934 ,    1704778 ,    190829         ,
27 ,    1885 ,     i ,    2 ,     1 ,     1777554 ,    1779438 ,    196576         ,
27 ,    1925 ,     i ,    2 ,     1 ,     1853774 ,    1855698 ,    204630         ,
27 ,    1965 ,     i ,    2 ,     1 ,     1931594 ,    1933558 ,    227516         ,
27 ,    2005 ,     i ,    2 ,     1 ,     2011014 ,    2013018 ,    311773         ,
27 ,    2045 ,     i ,    2 ,     1 ,     2092034 ,    2094078 ,    340875         ,
27 ,    2085 ,     i ,    2 ,     1 ,     2174654 ,    2176738 ,    482733         ,
27 ,    2125 ,     i ,    2 ,     1 ,     2258874 ,    2260998 ,    372323         ,
27 ,    2165 ,     i ,    2 ,     1 ,     2344694 ,    2346858 ,    398607         ,
27 ,    2205 ,     i ,    2 ,     1 ,     2432114 ,    2434318 ,    344761         ,
27 ,    2245 ,     i ,    2 ,     1 ,     2521134 ,    2523378 ,    442974         ,
27 ,    2285 ,     i ,    2 ,     1 ,     2611754 ,    2614038 ,    511099         ,
27 ,    2325 ,     i ,    2 ,     1 ,     2703974 ,    2706298 ,    494779         ,
27 ,    2365 ,     i ,    2 ,     1 ,     2797794 ,    2800158 ,    672626         ,
27 ,    2405 ,     i ,    2 ,     1 ,     2893214 ,    2895618 ,    621278         ,
27 ,    2445 ,     i ,    2 ,     1 ,     2990234 ,    2992678 ,    404544         ,
27 ,    2485 ,     i ,    2 ,     1 ,     3088854 ,    3091338 ,    406301         ,
27 ,    2525 ,     i ,    2 ,     1 ,     3189074 ,    3191598 ,    1183857         ,
27 ,    2565 ,     i ,    2 ,     1 ,     3290894 ,    3293458 ,    1906167         ,
27 ,    2605 ,     i ,    2 ,     1 ,     3394314 ,    3396918 ,    443161         ,
27 ,    2645 ,     i ,    2 ,     1 ,     3499334 ,    3501978 ,    775106         ,
27 ,    2685 ,     i ,    2 ,     1 ,     3605954 ,    3608638 ,    626912         ,
27 ,    2725 ,     i ,    2 ,     1 ,     3714174 ,    3716898 ,    618227         ,
27 ,    2765 ,     i ,    2 ,     1 ,     3823994 ,    3826758 ,    708696         ,
27 ,    2805 ,     i ,    2 ,     1 ,     3935414 ,    3938218 ,    538945         ,
27 ,    2845 ,     i ,    2 ,     1 ,     4048434 ,    4051278 ,    479054         ,
27 ,    2885 ,     i ,    2 ,     1 ,     4163054 ,    4165938 ,    771109         ,
27 ,    2925 ,     i ,    2 ,     1 ,     4279274 ,    4282198 ,    751249         ,
27 ,    2965 ,     i ,    2 ,     1 ,     4397094 ,    4400058 ,    600101         ,
27 ,    3005 ,     i ,    2 ,     1 ,     4516514 ,    4519518 ,    571073         ,
27 ,    3045 ,     i ,    2 ,     1 ,     4637534 ,    4640578 ,    530810         ,
27 ,    3085 ,     i ,    2 ,     1 ,     4760154 ,    4763238 ,    529009         ,
27 ,    3125 ,     i ,    2 ,     1 ,     4884374 ,    4887498 ,    573762         ,
27 ,    3165 ,     i ,    2 ,     1 ,     5010194 ,    5013358 ,    567369         ,
27 ,    3205 ,     i ,    2 ,     1 ,     5137614 ,    5140818 ,    579364         ,
27 ,    3245 ,     i ,    2 ,     1 ,     5266634 ,    5269878 ,    667870         ,
27 ,    3285 ,     i ,    2 ,     1 ,     5397254 ,    5400538 ,    954852         ,
27 ,    3325 ,     i ,    2 ,     1 ,     5529474 ,    5532798 ,    1019114         ,
27 ,    3365 ,     i ,    2 ,     1 ,     5663294 ,    5666658 ,    1140053         ,
27 ,    3405 ,     i ,    2 ,     1 ,     5798714 ,    5802118 ,    1323792         ,
27 ,    3445 ,     i ,    2 ,     1 ,     5935734 ,    5939178 ,    703349         ,
27 ,    3485 ,     i ,    2 ,     1 ,     6074354 ,    6077838 ,    649198         ,
27 ,    3525 ,     i ,    2 ,     1 ,     6214574 ,    6218098 ,    680639         ,
27 ,    3565 ,     i ,    2 ,     1 ,     6356394 ,    6359958 ,    679573         ,
27 ,    3605 ,     i ,    2 ,     1 ,     6499814 ,    6503418 ,    709567         ,
27 ,    3645 ,     i ,    2 ,     1 ,     6644834 ,    6648478 ,    741985         ,
27 ,    3685 ,     i ,    2 ,     1 ,     6791454 ,    6795138 ,    724594         ,
27 ,    3725 ,     i ,    2 ,     1 ,     6939674 ,    6943398 ,    782264         ,
27 ,    3765 ,     i ,    2 ,     1 ,     7089494 ,    7093258 ,    761933         ,
27 ,    3805 ,     i ,    2 ,     1 ,     7240914 ,    7244718 ,    1112805         ,
27 ,    3845 ,     i ,    2 ,     1 ,     7393934 ,    7397778 ,    814785         ,
27 ,    3885 ,     i ,    2 ,     1 ,     7548554 ,    7552438 ,    837954         ,
27 ,    3925 ,     i ,    2 ,     1 ,     7704774 ,    7708698 ,    874319         ,
27 ,    3965 ,     i ,    2 ,     1 ,     7862594 ,    7866558 ,    860169         ,
27 ,    4005 ,     i ,    2 ,     1 ,     8022014 ,    8026018 ,    877243         ,
27 ,    4045 ,     i ,    2 ,     1 ,     8183034 ,    8187078 ,    901274         ,
27 ,    4085 ,     i ,    2 ,     1 ,     8345654 ,    8349738 ,    918687         ,
27 ,    4125 ,     i ,    2 ,     1 ,     8509874 ,    8513998 ,    933128         ,
27 ,    4165 ,     i ,    2 ,     1 ,     8675694 ,    8679858 ,    926539         ,
27 ,    4205 ,     i ,    2 ,     1 ,     8843114 ,    8847318 ,    960964         ,
27 ,    4245 ,     i ,    2 ,     1 ,     9012134 ,    9016378 ,    986638         ,
27 ,    4285 ,     i ,    2 ,     1 ,     9182754 ,    9187038 ,    1010171         ,
27 ,    4325 ,     i ,    2 ,     1 ,     9354974 ,    9359298 ,    996993         ,
27 ,    4365 ,     i ,    2 ,     1 ,     9528794 ,    9533158 ,    1037529         ,
27 ,    4405 ,     i ,    2 ,     1 ,     9704214 ,    9708618 ,    1056845         ,
27 ,    4445 ,     i ,    2 ,     1 ,     9881234 ,    9885678 ,    1071315         ,
27 ,    4485 ,     i ,    2 ,     1 ,     10059854 ,    10064338 ,    1070994         ,
27 ,    4525 ,     i ,    2 ,     1 ,     10240074 ,    10244598 ,    1113706         ,
27 ,    4565 ,     i ,    2 ,     1 ,     10421894 ,    10426458 ,    1108226         ,
27 ,    4605 ,     i ,    2 ,     1 ,     10605314 ,    10609918 ,    1144031         ,
27 ,    4645 ,     i ,    2 ,     1 ,     10790334 ,    10794978 ,    1160019         ,
27 ,    4685 ,     i ,    2 ,     1 ,     10976954 ,    10981638 ,    1192115         ,
27 ,    4725 ,     i ,    2 ,     1 ,     11165174 ,    11169898 ,    1194484         ,
27 ,    4765 ,     i ,    2 ,     1 ,     11354994 ,    11359758 ,    1232400         ,
27 ,    4805 ,     i ,    2 ,     1 ,     11546414 ,    11551218 ,    1240236         ,
27 ,    4845 ,     i ,    2 ,     1 ,     11739434 ,    11744278 ,    1270317         ,
27 ,    4885 ,     i ,    2 ,     1 ,     11934054 ,    11938938 ,    1269230         ,
27 ,    4925 ,     i ,    2 ,     1 ,     12130274 ,    12135198 ,    1313679         ,
27 ,    4965 ,     i ,    2 ,     1 ,     12328094 ,    12333058 ,    1322199         ,
27 ,    5 ,     i ,    3 ,     1 ,     7 ,    11 ,    5         ,
27 ,    45 ,     i ,    3 ,     1 ,     316 ,    360 ,    40         ,
27 ,    85 ,     i ,    3 ,     1 ,     1074 ,    1158 ,    124         ,
27 ,    125 ,     i ,    3 ,     1 ,     2157 ,    2281 ,    387         ,
27 ,    165 ,     i ,    3 ,     1 ,     3357 ,    3521 ,    371         ,
27 ,    205 ,     i ,    3 ,     1 ,     5212 ,    5416 ,    724         ,
27 ,    245 ,     i ,    3 ,     1 ,     7046 ,    7290 ,    770         ,
27 ,    285 ,     i ,    3 ,     1 ,     11647 ,    11931 ,    1280         ,
27 ,    325 ,     i ,    3 ,     1 ,     12693 ,    13017 ,    1473         ,
27 ,    365 ,     i ,    3 ,     1 ,     16625 ,    16989 ,    1791         ,
27 ,    405 ,     i ,    3 ,     1 ,     22547 ,    22951 ,    2510         ,
27 ,    445 ,     i ,    3 ,     1 ,     27422 ,    27866 ,    2947         ,
27 ,    485 ,     i ,    3 ,     1 ,     29950 ,    30434 ,    3213         ,
27 ,    525 ,     i ,    3 ,     1 ,     35228 ,    35752 ,    3855         ,
27 ,    565 ,     i ,    3 ,     1 ,     42929 ,    43493 ,    4688         ,
27 ,    605 ,     i ,    3 ,     1 ,     44743 ,    45347 ,    4767         ,
27 ,    645 ,     i ,    3 ,     1 ,     53019 ,    53663 ,    5813         ,
27 ,    685 ,     i ,    3 ,     1 ,     58409 ,    59093 ,    6334         ,
27 ,    725 ,     i ,    3 ,     1 ,     67960 ,    68684 ,    7324         ,
27 ,    765 ,     i ,    3 ,     1 ,     72409 ,    73173 ,    7785         ,
27 ,    805 ,     i ,    3 ,     1 ,     80686 ,    81490 ,    8659         ,
27 ,    845 ,     i ,    3 ,     1 ,     89931 ,    90775 ,    9691         ,
27 ,    885 ,     i ,    3 ,     1 ,     95859 ,    96743 ,    11919         ,
27 ,    925 ,     i ,    3 ,     1 ,     101788 ,    102712 ,    11182         ,
27 ,    965 ,     i ,    3 ,     1 ,     117609 ,    118573 ,    12751         ,
27 ,    1005 ,     i ,    3 ,     1 ,     131866 ,    132870 ,    14395         ,
27 ,    1045 ,     i ,    3 ,     1 ,     140699 ,    141743 ,    15644         ,
27 ,    1085 ,     i ,    3 ,     1 ,     152361 ,    153445 ,    16289         ,
27 ,    1125 ,     i ,    3 ,     1 ,     155702 ,    156826 ,    16659         ,
27 ,    1165 ,     i ,    3 ,     1 ,     168303 ,    169467 ,    18009         ,
27 ,    1205 ,     i ,    3 ,     1 ,     185139 ,    186343 ,    20239         ,
27 ,    1245 ,     i ,    3 ,     1 ,     204389 ,    205633 ,    22733         ,
27 ,    1285 ,     i ,    3 ,     1 ,     201668 ,    202952 ,    23566         ,
27 ,    1325 ,     i ,    3 ,     1 ,     230675 ,    231999 ,    24904         ,
27 ,    1365 ,     i ,    3 ,     1 ,     244064 ,    245428 ,    26146         ,
27 ,    1405 ,     i ,    3 ,     1 ,     238079 ,    239483 ,    25421         ,
27 ,    1445 ,     i ,    3 ,     1 ,     270144 ,    271588 ,    29512         ,
27 ,    1485 ,     i ,    3 ,     1 ,     267876 ,    269360 ,    30620         ,
27 ,    1525 ,     i ,    3 ,     1 ,     288030 ,    289554 ,    31125         ,
27 ,    1565 ,     i ,    3 ,     1 ,     315467 ,    317031 ,    34007         ,
27 ,    1605 ,     i ,    3 ,     1 ,     318122 ,    319726 ,    34678         ,
27 ,    1645 ,     i ,    3 ,     1 ,     339303 ,    340947 ,    36860         ,
27 ,    1685 ,     i ,    3 ,     1 ,     347198 ,    348882 ,    37008         ,
27 ,    1725 ,     i ,    3 ,     1 ,     361569 ,    363293 ,    38989         ,
27 ,    1765 ,     i ,    3 ,     1 ,     384348 ,    386112 ,    43807         ,
27 ,    1805 ,     i ,    3 ,     1 ,     408889 ,    410693 ,    43991         ,
27 ,    1845 ,     i ,    3 ,     1 ,     417225 ,    419069 ,    46141         ,
27 ,    1885 ,     i ,    3 ,     1 ,     435060 ,    436944 ,    46955         ,
27 ,    1925 ,     i ,    3 ,     1 ,     450057 ,    451981 ,    49942         ,
27 ,    1965 ,     i ,    3 ,     1 ,     464787 ,    466751 ,    50360         ,
27 ,    2005 ,     i ,    3 ,     1 ,     502876 ,    504880 ,    53490         ,
27 ,    2045 ,     i ,    3 ,     1 ,     528697 ,    530741 ,    56230         ,
27 ,    2085 ,     i ,    3 ,     1 ,     547633 ,    549717 ,    59272         ,
27 ,    2125 ,     i ,    3 ,     1 ,     560294 ,    562418 ,    60384         ,
27 ,    2165 ,     i ,    3 ,     1 ,     600789 ,    602953 ,    64398         ,
27 ,    2205 ,     i ,    3 ,     1 ,     612415 ,    614619 ,    66914         ,
27 ,    2245 ,     i ,    3 ,     1 ,     615750 ,    617994 ,    68650         ,
27 ,    2285 ,     i ,    3 ,     1 ,     656200 ,    658484 ,    72929         ,
27 ,    2325 ,     i ,    3 ,     1 ,     691306 ,    693630 ,    73273         ,
27 ,    2365 ,     i ,    3 ,     1 ,     716426 ,    718790 ,    76728         ,
27 ,    2405 ,     i ,    3 ,     1 ,     753827 ,    756231 ,    83013         ,
27 ,    2445 ,     i ,    3 ,     1 ,     730523 ,    732967 ,    79580         ,
27 ,    2485 ,     i ,    3 ,     1 ,     779353 ,    781837 ,    84628         ,
27 ,    2525 ,     i ,    3 ,     1 ,     804175 ,    806699 ,    86157         ,
27 ,    2565 ,     i ,    3 ,     1 ,     866673 ,    869237 ,    95318         ,
27 ,    2605 ,     i ,    3 ,     1 ,     882870 ,    885474 ,    95959         ,
27 ,    2645 ,     i ,    3 ,     1 ,     830698 ,    833342 ,    90383         ,
27 ,    2685 ,     i ,    3 ,     1 ,     902576 ,    905260 ,    96473         ,
27 ,    2725 ,     i ,    3 ,     1 ,     934585 ,    937309 ,    101634         ,
27 ,    2765 ,     i ,    3 ,     1 ,     923388 ,    926152 ,    99920         ,
27 ,    2805 ,     i ,    3 ,     1 ,     1001055 ,    1003859 ,    109161         ,
27 ,    2845 ,     i ,    3 ,     1 ,     1015659 ,    1018503 ,    110842         ,
27 ,    2885 ,     i ,    3 ,     1 ,     1078781 ,    1081665 ,    119903         ,
27 ,    2925 ,     i ,    3 ,     1 ,     1057152 ,    1060076 ,    112803         ,
27 ,    2965 ,     i ,    3 ,     1 ,     1127356 ,    1130320 ,    121511         ,
27 ,    3005 ,     i ,    3 ,     1 ,     1110699 ,    1113703 ,    119912         ,
27 ,    3045 ,     i ,    3 ,     1 ,     1226940 ,    1229984 ,    132469         ,
27 ,    3085 ,     i ,    3 ,     1 ,     1213522 ,    1216606 ,    130476         ,
27 ,    3125 ,     i ,    3 ,     1 ,     1229696 ,    1232820 ,    134396         ,
27 ,    3165 ,     i ,    3 ,     1 ,     1229203 ,    1232367 ,    133007         ,
27 ,    3205 ,     i ,    3 ,     1 ,     1282777 ,    1285981 ,    138114         ,
27 ,    3245 ,     i ,    3 ,     1 ,     1291774 ,    1295018 ,    139690         ,
27 ,    3285 ,     i ,    3 ,     1 ,     1342360 ,    1345644 ,    144249         ,
27 ,    3325 ,     i ,    3 ,     1 ,     1387560 ,    1390884 ,    149611         ,
27 ,    3365 ,     i ,    3 ,     1 ,     1408814 ,    1412178 ,    151558         ,
27 ,    3405 ,     i ,    3 ,     1 ,     1409669 ,    1413073 ,    157020         ,
27 ,    3445 ,     i ,    3 ,     1 ,     1527366 ,    1530810 ,    180811         ,
27 ,    3485 ,     i ,    3 ,     1 ,     1503262 ,    1506746 ,    164154         ,
27 ,    3525 ,     i ,    3 ,     1 ,     1569329 ,    1572853 ,    168438         ,
27 ,    3565 ,     i ,    3 ,     1 ,     1582325 ,    1585889 ,    173499         ,
27 ,    3605 ,     i ,    3 ,     1 ,     1602143 ,    1605747 ,    172615         ,
27 ,    3645 ,     i ,    3 ,     1 ,     1669097 ,    1672741 ,    177215         ,
27 ,    3685 ,     i ,    3 ,     1 ,     1693425 ,    1697109 ,    184673         ,
27 ,    3725 ,     i ,    3 ,     1 ,     1722110 ,    1725834 ,    184087         ,
27 ,    3765 ,     i ,    3 ,     1 ,     1701936 ,    1705700 ,    182030         ,
27 ,    3805 ,     i ,    3 ,     1 ,     1846238 ,    1850042 ,    199410         ,
27 ,    3845 ,     i ,    3 ,     1 ,     1875869 ,    1879713 ,    200306         ,
27 ,    3885 ,     i ,    3 ,     1 ,     1918513 ,    1922397 ,    259227         ,
27 ,    3925 ,     i ,    3 ,     1 ,     1871894 ,    1875818 ,    237015         ,
27 ,    3965 ,     i ,    3 ,     1 ,     1985692 ,    1989656 ,    218035         ,
27 ,    4005 ,     i ,    3 ,     1 ,     2031348 ,    2035352 ,    220108         ,
27 ,    4045 ,     i ,    3 ,     1 ,     2010020 ,    2014064 ,    216046         ,
27 ,    4085 ,     i ,    3 ,     1 ,     2166832 ,    2170916 ,    236936         ,
27 ,    4125 ,     i ,    3 ,     1 ,     2076976 ,    2081100 ,    225824         ,
27 ,    4165 ,     i ,    3 ,     1 ,     2126970 ,    2131134 ,    228391         ,
27 ,    4205 ,     i ,    3 ,     1 ,     2204338 ,    2208542 ,    239223         ,
27 ,    4245 ,     i ,    3 ,     1 ,     2281448 ,    2285692 ,    246759         ,
27 ,    4285 ,     i ,    3 ,     1 ,     2348563 ,    2352847 ,    261211         ,
27 ,    4325 ,     i ,    3 ,     1 ,     2374865 ,    2379189 ,    255730         ,
27 ,    4365 ,     i ,    3 ,     1 ,     2388156 ,    2392520 ,    263476         ,
27 ,    4405 ,     i ,    3 ,     1 ,     2432946 ,    2437350 ,    290202         ,
27 ,    4445 ,     i ,    3 ,     1 ,     2403436 ,    2407880 ,    307164         ,
27 ,    4485 ,     i ,    3 ,     1 ,     2463235 ,    2467719 ,    295887         ,
27 ,    4525 ,     i ,    3 ,     1 ,     2631797 ,    2636321 ,    308872         ,
27 ,    4565 ,     i ,    3 ,     1 ,     2683957 ,    2688521 ,    299056         ,
27 ,    4605 ,     i ,    3 ,     1 ,     2574019 ,    2578623 ,    282852         ,
27 ,    4645 ,     i ,    3 ,     1 ,     2738277 ,    2742921 ,    291198         ,
27 ,    4685 ,     i ,    3 ,     1 ,     2735642 ,    2740326 ,    297704         ,
27 ,    4725 ,     i ,    3 ,     1 ,     2819249 ,    2823973 ,    307698         ,
27 ,    4765 ,     i ,    3 ,     1 ,     2856220 ,    2860984 ,    309163         ,
27 ,    4805 ,     i ,    3 ,     1 ,     2949690 ,    2954494 ,    319192         ,
27 ,    4845 ,     i ,    3 ,     1 ,     2923719 ,    2928563 ,    313183         ,
27 ,    4885 ,     i ,    3 ,     1 ,     3000124 ,    3005008 ,    331161         ,
27 ,    4925 ,     i ,    3 ,     1 ,     3074064 ,    3078988 ,    341277         ,
27 ,    4965 ,     i ,    3 ,     1 ,     3086543 ,    3091507 ,    341106         ,
27 ,    5 ,     i ,    4 ,     1 ,     10 ,    14 ,    9         ,
27 ,    45 ,     i ,    4 ,     1 ,     428 ,    472 ,    80         ,
27 ,    85 ,     i ,    4 ,     1 ,     1617 ,    1701 ,    241         ,
27 ,    125 ,     i ,    4 ,     1 ,     3263 ,    3387 ,    532         ,
27 ,    165 ,     i ,    4 ,     1 ,     5599 ,    5763 ,    910         ,
27 ,    205 ,     i ,    4 ,     1 ,     8839 ,    9043 ,    1318         ,
27 ,    245 ,     i ,    4 ,     1 ,     11563 ,    11807 ,    1759         ,
27 ,    285 ,     i ,    4 ,     1 ,     15299 ,    15583 ,    1766         ,
27 ,    325 ,     i ,    4 ,     1 ,     21503 ,    21827 ,    2293         ,
27 ,    365 ,     i ,    4 ,     1 ,     27520 ,    27884 ,    3061         ,
27 ,    405 ,     i ,    4 ,     1 ,     34663 ,    35067 ,    3670         ,
27 ,    445 ,     i ,    4 ,     1 ,     38410 ,    38854 ,    4059         ,
27 ,    485 ,     i ,    4 ,     1 ,     47278 ,    47762 ,    5219         ,
27 ,    525 ,     i ,    4 ,     1 ,     55582 ,    56106 ,    5995         ,
27 ,    565 ,     i ,    4 ,     1 ,     65636 ,    66200 ,    7077         ,
27 ,    605 ,     i ,    4 ,     1 ,     75227 ,    75831 ,    8046         ,
27 ,    645 ,     i ,    4 ,     1 ,     84809 ,    85453 ,    9099         ,
27 ,    685 ,     i ,    4 ,     1 ,     86169 ,    86853 ,    9314         ,
27 ,    725 ,     i ,    4 ,     1 ,     108712 ,    109436 ,    11781         ,
27 ,    765 ,     i ,    4 ,     1 ,     116528 ,    117292 ,    12399         ,
27 ,    805 ,     i ,    4 ,     1 ,     126426 ,    127230 ,    15040         ,
27 ,    845 ,     i ,    4 ,     1 ,     144463 ,    145307 ,    15320         ,
27 ,    885 ,     i ,    4 ,     1 ,     158919 ,    159803 ,    16833         ,
27 ,    925 ,     i ,    4 ,     1 ,     173340 ,    174264 ,    18879         ,
27 ,    965 ,     i ,    4 ,     1 ,     190808 ,    191772 ,    20322         ,
27 ,    1005 ,     i ,    4 ,     1 ,     203668 ,    204672 ,    21903         ,
27 ,    1045 ,     i ,    4 ,     1 ,     222352 ,    223396 ,    23615         ,
27 ,    1085 ,     i ,    4 ,     1 ,     235884 ,    236968 ,    25224         ,
27 ,    1125 ,     i ,    4 ,     1 ,     247699 ,    248823 ,    26481         ,
27 ,    1165 ,     i ,    4 ,     1 ,     259306 ,    260470 ,    27647         ,
27 ,    1205 ,     i ,    4 ,     1 ,     291165 ,    292369 ,    31468         ,
27 ,    1245 ,     i ,    4 ,     1 ,     305490 ,    306734 ,    39253         ,
27 ,    1285 ,     i ,    4 ,     1 ,     321008 ,    322292 ,    34305         ,
27 ,    1325 ,     i ,    4 ,     1 ,     356319 ,    357643 ,    38133         ,
27 ,    1365 ,     i ,    4 ,     1 ,     365477 ,    366841 ,    38903         ,
27 ,    1405 ,     i ,    4 ,     1 ,     386220 ,    387624 ,    41379         ,
27 ,    1445 ,     i ,    4 ,     1 ,     418869 ,    420313 ,    44754         ,
27 ,    1485 ,     i ,    4 ,     1 ,     443430 ,    444914 ,    47345         ,
27 ,    1525 ,     i ,    4 ,     1 ,     465779 ,    467303 ,    52016         ,
27 ,    1565 ,     i ,    4 ,     1 ,     495271 ,    496835 ,    52989         ,
27 ,    1605 ,     i ,    4 ,     1 ,     518527 ,    520131 ,    56854         ,
27 ,    1645 ,     i ,    4 ,     1 ,     549876 ,    551520 ,    58683         ,
27 ,    1685 ,     i ,    4 ,     1 ,     593351 ,    595035 ,    63923         ,
27 ,    1725 ,     i ,    4 ,     1 ,     591790 ,    593514 ,    64841         ,
27 ,    1765 ,     i ,    4 ,     1 ,     638037 ,    639801 ,    70057         ,
27 ,    1805 ,     i ,    4 ,     1 ,     684684 ,    686488 ,    72765         ,
27 ,    1845 ,     i ,    4 ,     1 ,     681191 ,    683035 ,    72464         ,
27 ,    1885 ,     i ,    4 ,     1 ,     729149 ,    731033 ,    80507         ,
27 ,    1925 ,     i ,    4 ,     1 ,     748065 ,    749989 ,    81245         ,
27 ,    1965 ,     i ,    4 ,     1 ,     784345 ,    786309 ,    85694         ,
27 ,    2005 ,     i ,    4 ,     1 ,     795486 ,    797490 ,    86349         ,
27 ,    2045 ,     i ,    4 ,     1 ,     835194 ,    837238 ,    90794         ,
27 ,    2085 ,     i ,    4 ,     1 ,     877055 ,    879139 ,    95115         ,
27 ,    2125 ,     i ,    4 ,     1 ,     914451 ,    916575 ,    99354         ,
27 ,    2165 ,     i ,    4 ,     1 ,     950551 ,    952715 ,    105448         ,
27 ,    2205 ,     i ,    4 ,     1 ,     1001208 ,    1003412 ,    108813         ,
27 ,    2245 ,     i ,    4 ,     1 ,     1013855 ,    1016099 ,    109614         ,
27 ,    2285 ,     i ,    4 ,     1 ,     1065450 ,    1067734 ,    118168         ,
27 ,    2325 ,     i ,    4 ,     1 ,     1102582 ,    1104906 ,    121384         ,
27 ,    2365 ,     i ,    4 ,     1 ,     1107602 ,    1109966 ,    119435         ,
27 ,    2405 ,     i ,    4 ,     1 ,     1173855 ,    1176259 ,    127091         ,
27 ,    2445 ,     i ,    4 ,     1 ,     1172754 ,    1175198 ,    126470         ,
27 ,    2485 ,     i ,    4 ,     1 ,     1267885 ,    1270369 ,    136619         ,
27 ,    2525 ,     i ,    4 ,     1 ,     1276959 ,    1279483 ,    164494         ,
27 ,    2565 ,     i ,    4 ,     1 ,     1322872 ,    1325436 ,    143396         ,
27 ,    2605 ,     i ,    4 ,     1 ,     1349370 ,    1351974 ,    146302         ,
27 ,    2645 ,     i ,    4 ,     1 ,     1412135 ,    1414779 ,    150731         ,
27 ,    2685 ,     i ,    4 ,     1 ,     1436808 ,    1439492 ,    155718         ,
27 ,    2725 ,     i ,    4 ,     1 ,     1480470 ,    1483194 ,    159687         ,
27 ,    2765 ,     i ,    4 ,     1 ,     1520131 ,    1522895 ,    162433         ,
27 ,    2805 ,     i ,    4 ,     1 ,     1569308 ,    1572112 ,    170721         ,
27 ,    2845 ,     i ,    4 ,     1 ,     1662023 ,    1664867 ,    180644         ,
27 ,    2885 ,     i ,    4 ,     1 ,     1661317 ,    1664201 ,    184770         ,
27 ,    2925 ,     i ,    4 ,     1 ,     1705412 ,    1708336 ,    186719         ,
27 ,    2965 ,     i ,    4 ,     1 ,     1761373 ,    1764337 ,    194640         ,
27 ,    3005 ,     i ,    4 ,     1 ,     1813493 ,    1816497 ,    202655         ,
27 ,    3045 ,     i ,    4 ,     1 ,     1844496 ,    1847540 ,    251596         ,
27 ,    3085 ,     i ,    4 ,     1 ,     1867819 ,    1870903 ,    223104         ,
27 ,    3125 ,     i ,    4 ,     1 ,     1916092 ,    1919216 ,    222362         ,
27 ,    3165 ,     i ,    4 ,     1 ,     2008487 ,    2011651 ,    224564         ,
27 ,    3205 ,     i ,    4 ,     1 ,     2057997 ,    2061201 ,    223473         ,
27 ,    3245 ,     i ,    4 ,     1 ,     2116620 ,    2119864 ,    229496         ,
27 ,    3285 ,     i ,    4 ,     1 ,     2128693 ,    2131977 ,    229680         ,
27 ,    3325 ,     i ,    4 ,     1 ,     2207248 ,    2210572 ,    238498         ,
27 ,    3365 ,     i ,    4 ,     1 ,     2265584 ,    2268948 ,    247003         ,
27 ,    3405 ,     i ,    4 ,     1 ,     2291079 ,    2294483 ,    243811         ,
27 ,    3445 ,     i ,    4 ,     1 ,     2419771 ,    2423215 ,    262133         ,
27 ,    3485 ,     i ,    4 ,     1 ,     2434307 ,    2437791 ,    263242         ,
27 ,    3525 ,     i ,    4 ,     1 ,     2462754 ,    2466278 ,    265258         ,
27 ,    3565 ,     i ,    4 ,     1 ,     2534633 ,    2538197 ,    274258         ,
27 ,    3605 ,     i ,    4 ,     1 ,     2658393 ,    2661997 ,    287268         ,
27 ,    3645 ,     i ,    4 ,     1 ,     2627781 ,    2631425 ,    283047         ,
27 ,    3685 ,     i ,    4 ,     1 ,     2681470 ,    2685154 ,    285459         ,
27 ,    3725 ,     i ,    4 ,     1 ,     2707815 ,    2711539 ,    291467         ,
27 ,    3765 ,     i ,    4 ,     1 ,     2879715 ,    2883479 ,    327013         ,
27 ,    3805 ,     i ,    4 ,     1 ,     2930005 ,    2933809 ,    349770         ,
27 ,    3845 ,     i ,    4 ,     1 ,     2903524 ,    2907368 ,    365873         ,
27 ,    3885 ,     i ,    4 ,     1 ,     2997264 ,    3001148 ,    332883         ,
27 ,    3925 ,     i ,    4 ,     1 ,     3098687 ,    3102611 ,    336460         ,
27 ,    3965 ,     i ,    4 ,     1 ,     3117526 ,    3121490 ,    343038         ,
27 ,    4005 ,     i ,    4 ,     1 ,     3240216 ,    3244220 ,    345244         ,
27 ,    4045 ,     i ,    4 ,     1 ,     3251186 ,    3255230 ,    356610         ,
27 ,    4085 ,     i ,    4 ,     1 ,     3333663 ,    3337747 ,    362705         ,
27 ,    4125 ,     i ,    4 ,     1 ,     3346025 ,    3350149 ,    361270         ,
27 ,    4165 ,     i ,    4 ,     1 ,     3541882 ,    3546046 ,    381410         ,
27 ,    4205 ,     i ,    4 ,     1 ,     3604033 ,    3608237 ,    383947         ,
27 ,    4245 ,     i ,    4 ,     1 ,     3642579 ,    3646823 ,    398405         ,
27 ,    4285 ,     i ,    4 ,     1 ,     3687791 ,    3692075 ,    404851         ,
27 ,    4325 ,     i ,    4 ,     1 ,     3688442 ,    3692766 ,    404209         ,
27 ,    4365 ,     i ,    4 ,     1 ,     3799094 ,    3803458 ,    404296         ,
27 ,    4405 ,     i ,    4 ,     1 ,     3904046 ,    3908450 ,    419770         ,
27 ,    4445 ,     i ,    4 ,     1 ,     3906687 ,    3911131 ,    423665         ,
27 ,    4485 ,     i ,    4 ,     1 ,     4007410 ,    4011894 ,    438338         ,
27 ,    4525 ,     i ,    4 ,     1 ,     4119490 ,    4124014 ,    438469         ,
27 ,    4565 ,     i ,    4 ,     1 ,     4155563 ,    4160127 ,    449386         ,
27 ,    4605 ,     i ,    4 ,     1 ,     4200824 ,    4205428 ,    449618         ,
27 ,    4645 ,     i ,    4 ,     1 ,     4334270 ,    4338914 ,    474920         ,
27 ,    4685 ,     i ,    4 ,     1 ,     4442942 ,    4447626 ,    482819         ,
27 ,    4725 ,     i ,    4 ,     1 ,     4419537 ,    4424261 ,    481609         ,
27 ,    4765 ,     i ,    4 ,     1 ,     4547257 ,    4552021 ,    514610         ,
27 ,    4805 ,     i ,    4 ,     1 ,     4642975 ,    4647779 ,    516390         ,
27 ,    4845 ,     i ,    4 ,     1 ,     4682890 ,    4687734 ,    530955         ,
27 ,    4885 ,     i ,    4 ,     1 ,     4820793 ,    4825677 ,    514027         ,
27 ,    4925 ,     i ,    4 ,     1 ,     4851437 ,    4856361 ,    533458         ,
27 ,    4965 ,     i ,    4 ,     1 ,     4994427 ,    4999391 ,    551848         ,


