SEED ,  SIZE ,  ALG ,  TYPE ,  CALLS ,  CMP ,     MOVE ,    TIME              ,
27 ,    5 ,     m ,    0 ,     13 ,     6 ,    0 ,    9         ,
27 ,    45 ,     m ,    0 ,     133 ,     189 ,    0 ,    75         ,
27 ,    85 ,     m ,    0 ,     253 ,     443 ,    0 ,    151         ,
27 ,    125 ,     m ,    0 ,     373 ,     716 ,    0 ,    233         ,
27 ,    165 ,     m ,    0 ,     493 ,     1004 ,    0 ,    323         ,
27 ,    205 ,     m ,    0 ,     613 ,     1316 ,    0 ,    638         ,
27 ,    245 ,     m ,    0 ,     733 ,     1627 ,    0 ,    501         ,
27 ,    285 ,     m ,    0 ,     853 ,     1967 ,    0 ,    589         ,
27 ,    325 ,     m ,    0 ,     973 ,     2303 ,    0 ,    694         ,
27 ,    365 ,     m ,    0 ,     1093 ,     2636 ,    0 ,    784         ,
27 ,    405 ,     m ,    0 ,     1213 ,     3000 ,    0 ,    877         ,
27 ,    445 ,     m ,    0 ,     1333 ,     3355 ,    0 ,    973         ,
27 ,    485 ,     m ,    0 ,     1453 ,     3713 ,    0 ,    1079         ,
27 ,    525 ,     m ,    0 ,     1573 ,     4050 ,    0 ,    1183         ,
27 ,    565 ,     m ,    0 ,     1693 ,     4451 ,    0 ,    1412         ,
27 ,    605 ,     m ,    0 ,     1813 ,     4830 ,    0 ,    1380         ,
27 ,    645 ,     m ,    0 ,     1933 ,     5208 ,    0 ,    1478         ,
27 ,    685 ,     m ,    0 ,     2053 ,     5586 ,    0 ,    1581         ,
27 ,    725 ,     m ,    0 ,     2173 ,     5980 ,    0 ,    1680         ,
27 ,    765 ,     m ,    0 ,     2293 ,     6373 ,    0 ,    1916         ,
27 ,    805 ,     m ,    0 ,     2413 ,     6762 ,    0 ,    1891         ,
27 ,    845 ,     m ,    0 ,     2533 ,     7170 ,    0 ,    2006         ,
27 ,    885 ,     m ,    0 ,     2653 ,     7573 ,    0 ,    2321         ,
27 ,    925 ,     m ,    0 ,     2773 ,     7918 ,    0 ,    2209         ,
27 ,    965 ,     m ,    0 ,     2893 ,     8338 ,    0 ,    2317         ,
27 ,    1005 ,     m ,    0 ,     3013 ,     8758 ,    0 ,    2560         ,
27 ,    1045 ,     m ,    0 ,     3133 ,     9155 ,    0 ,    2532         ,
27 ,    1085 ,     m ,    0 ,     3253 ,     9562 ,    0 ,    2648         ,
27 ,    1125 ,     m ,    0 ,     3373 ,     9998 ,    0 ,    2890         ,
27 ,    1165 ,     m ,    0 ,     3493 ,     10406 ,    0 ,    2860         ,
27 ,    1205 ,     m ,    0 ,     3613 ,     10810 ,    0 ,    2981         ,
27 ,    1245 ,     m ,    0 ,     3733 ,     11230 ,    0 ,    3090         ,
27 ,    1285 ,     m ,    0 ,     3853 ,     11659 ,    0 ,    3315         ,
27 ,    1325 ,     m ,    0 ,     3973 ,     12104 ,    0 ,    3296         ,
27 ,    1365 ,     m ,    0 ,     4093 ,     12547 ,    0 ,    3428         ,
27 ,    1405 ,     m ,    0 ,     4213 ,     12936 ,    0 ,    3529         ,
27 ,    1445 ,     m ,    0 ,     4333 ,     13374 ,    0 ,    3638         ,
27 ,    1485 ,     m ,    0 ,     4453 ,     13759 ,    0 ,    3741         ,
27 ,    1525 ,     m ,    0 ,     4573 ,     14224 ,    0 ,    3849         ,
27 ,    1565 ,     m ,    0 ,     4693 ,     14596 ,    0 ,    3966         ,
27 ,    1605 ,     m ,    0 ,     4813 ,     15104 ,    0 ,    4089         ,
27 ,    1645 ,     m ,    0 ,     4933 ,     15537 ,    0 ,    4343         ,
27 ,    1685 ,     m ,    0 ,     5053 ,     15963 ,    0 ,    4325         ,
27 ,    1725 ,     m ,    0 ,     5173 ,     16392 ,    0 ,    4562         ,
27 ,    1765 ,     m ,    0 ,     5293 ,     16834 ,    0 ,    4892         ,
27 ,    1805 ,     m ,    0 ,     5413 ,     17272 ,    0 ,    4653         ,
27 ,    1845 ,     m ,    0 ,     5533 ,     17703 ,    0 ,    4895         ,
27 ,    1885 ,     m ,    0 ,     5653 ,     18146 ,    0 ,    4987         ,
27 ,    1925 ,     m ,    0 ,     5773 ,     18576 ,    0 ,    4989         ,
27 ,    1965 ,     m ,    0 ,     5893 ,     19015 ,    0 ,    5237         ,
27 ,    2005 ,     m ,    0 ,     6013 ,     19454 ,    0 ,    5352         ,
27 ,    2045 ,     m ,    0 ,     6133 ,     19908 ,    0 ,    5317         ,
27 ,    2085 ,     m ,    0 ,     6253 ,     20373 ,    0 ,    5732         ,
27 ,    2125 ,     m ,    0 ,     6373 ,     20816 ,    0 ,    5797         ,
27 ,    2165 ,     m ,    0 ,     6493 ,     21254 ,    0 ,    5887         ,
27 ,    2205 ,     m ,    0 ,     6613 ,     21707 ,    0 ,    6662         ,
27 ,    2245 ,     m ,    0 ,     6733 ,     22176 ,    0 ,    6049         ,
27 ,    2285 ,     m ,    0 ,     6853 ,     22661 ,    0 ,    6061         ,
27 ,    2325 ,     m ,    0 ,     6973 ,     23110 ,    0 ,    6188         ,
27 ,    2365 ,     m ,    0 ,     7093 ,     23573 ,    0 ,    6284         ,
27 ,    2405 ,     m ,    0 ,     7213 ,     24022 ,    0 ,    6518         ,
27 ,    2445 ,     m ,    0 ,     7333 ,     24494 ,    0 ,    6658         ,
27 ,    2485 ,     m ,    0 ,     7453 ,     24902 ,    0 ,    6750         ,
27 ,    2525 ,     m ,    0 ,     7573 ,     25433 ,    0 ,    6901         ,
27 ,    2565 ,     m ,    0 ,     7693 ,     25836 ,    0 ,    6871         ,
27 ,    2605 ,     m ,    0 ,     7813 ,     26308 ,    0 ,    9616         ,
27 ,    2645 ,     m ,    0 ,     7933 ,     26800 ,    0 ,    7300         ,
27 ,    2685 ,     m ,    0 ,     8053 ,     27312 ,    0 ,    7369         ,
27 ,    2725 ,     m ,    0 ,     8173 ,     27723 ,    0 ,    7526         ,
27 ,    2765 ,     m ,    0 ,     8293 ,     28207 ,    0 ,    7598         ,
27 ,    2805 ,     m ,    0 ,     8413 ,     28660 ,    0 ,    7759         ,
27 ,    2845 ,     m ,    0 ,     8533 ,     29127 ,    0 ,    7849         ,
27 ,    2885 ,     m ,    0 ,     8653 ,     29543 ,    0 ,    7849         ,
27 ,    2925 ,     m ,    0 ,     8773 ,     30027 ,    0 ,    8013         ,
27 ,    2965 ,     m ,    0 ,     8893 ,     30553 ,    0 ,    8176         ,
27 ,    3005 ,     m ,    0 ,     9013 ,     31015 ,    0 ,    8314         ,
27 ,    3045 ,     m ,    0 ,     9133 ,     31466 ,    0 ,    8313         ,
27 ,    3085 ,     m ,    0 ,     9253 ,     31925 ,    0 ,    8582         ,
27 ,    3125 ,     m ,    0 ,     9373 ,     32416 ,    0 ,    8686         ,
27 ,    3165 ,     m ,    0 ,     9493 ,     32857 ,    0 ,    8811         ,
27 ,    3205 ,     m ,    0 ,     9613 ,     33354 ,    0 ,    11592         ,
27 ,    3245 ,     m ,    0 ,     9733 ,     33846 ,    0 ,    9048         ,
27 ,    3285 ,     m ,    0 ,     9853 ,     34302 ,    0 ,    9171         ,
27 ,    3325 ,     m ,    0 ,     9973 ,     34713 ,    0 ,    9328         ,
27 ,    3365 ,     m ,    0 ,     10093 ,     35284 ,    0 ,    9700         ,
27 ,    3405 ,     m ,    0 ,     10213 ,     35696 ,    0 ,    9672         ,
27 ,    3445 ,     m ,    0 ,     10333 ,     36210 ,    0 ,    9698         ,
27 ,    3485 ,     m ,    0 ,     10453 ,     36702 ,    0 ,    9808         ,
27 ,    3525 ,     m ,    0 ,     10573 ,     37190 ,    0 ,    9929         ,
27 ,    3565 ,     m ,    0 ,     10693 ,     37644 ,    0 ,    10012         ,
27 ,    3605 ,     m ,    0 ,     10813 ,     38124 ,    0 ,    10143         ,
27 ,    3645 ,     m ,    0 ,     10933 ,     38565 ,    0 ,    10360         ,
27 ,    3685 ,     m ,    0 ,     11053 ,     39051 ,    0 ,    10539         ,
27 ,    3725 ,     m ,    0 ,     11173 ,     39537 ,    0 ,    10547         ,
27 ,    3765 ,     m ,    0 ,     11293 ,     39997 ,    0 ,    10643         ,
27 ,    3805 ,     m ,    0 ,     11413 ,     40517 ,    0 ,    11008         ,
27 ,    3845 ,     m ,    0 ,     11533 ,     40994 ,    0 ,    11271         ,
27 ,    3885 ,     m ,    0 ,     11653 ,     41424 ,    0 ,    11088         ,
27 ,    3925 ,     m ,    0 ,     11773 ,     41934 ,    0 ,    11404         ,
27 ,    3965 ,     m ,    0 ,     11893 ,     42422 ,    0 ,    11750         ,
27 ,    4005 ,     m ,    0 ,     12013 ,     42875 ,    0 ,    11696         ,
27 ,    4045 ,     m ,    0 ,     12133 ,     43388 ,    0 ,    11739         ,
27 ,    4085 ,     m ,    0 ,     12253 ,     43876 ,    0 ,    11722         ,
27 ,    4125 ,     m ,    0 ,     12373 ,     44285 ,    0 ,    12015         ,
27 ,    4165 ,     m ,    0 ,     12493 ,     44799 ,    0 ,    12221         ,
27 ,    4205 ,     m ,    0 ,     12613 ,     45254 ,    0 ,    12263         ,
27 ,    4245 ,     m ,    0 ,     12733 ,     45810 ,    0 ,    12385         ,
27 ,    4285 ,     m ,    0 ,     12853 ,     46324 ,    0 ,    13225         ,
27 ,    4325 ,     m ,    0 ,     12973 ,     46762 ,    0 ,    12481         ,
27 ,    4365 ,     m ,    0 ,     13093 ,     47295 ,    0 ,    12810         ,
27 ,    4405 ,     m ,    0 ,     13213 ,     47775 ,    0 ,    13134         ,
27 ,    4445 ,     m ,    0 ,     13333 ,     48288 ,    0 ,    13060         ,
27 ,    4485 ,     m ,    0 ,     13453 ,     48775 ,    0 ,    13274         ,
27 ,    4525 ,     m ,    0 ,     13573 ,     49324 ,    0 ,    13397         ,
27 ,    4565 ,     m ,    0 ,     13693 ,     49821 ,    0 ,    13146         ,
27 ,    4605 ,     m ,    0 ,     13813 ,     50266 ,    0 ,    13584         ,
27 ,    4645 ,     m ,    0 ,     13933 ,     50822 ,    0 ,    13841         ,
27 ,    4685 ,     m ,    0 ,     14053 ,     51244 ,    0 ,    13773         ,
27 ,    4725 ,     m ,    0 ,     14173 ,     51718 ,    0 ,    13981         ,
27 ,    4765 ,     m ,    0 ,     14293 ,     52237 ,    0 ,    13790         ,
27 ,    4805 ,     m ,    0 ,     14413 ,     52711 ,    0 ,    14173         ,
27 ,    4845 ,     m ,    0 ,     14533 ,     53288 ,    0 ,    14378         ,
27 ,    4885 ,     m ,    0 ,     14653 ,     53756 ,    0 ,    14502         ,
27 ,    4925 ,     m ,    0 ,     14773 ,     54279 ,    0 ,    14927         ,
27 ,    4965 ,     m ,    0 ,     14893 ,     54795 ,    0 ,    14824         ,
27 ,    5 ,     m ,    1 ,     13 ,     7 ,    0 ,    6         ,
27 ,    45 ,     m ,    1 ,     133 ,     136 ,    0 ,    59         ,
27 ,    85 ,     m ,    1 ,     253 ,     297 ,    0 ,    117         ,
27 ,    125 ,     m ,    1 ,     373 ,     443 ,    0 ,    178         ,
27 ,    165 ,     m ,    1 ,     493 ,     654 ,    0 ,    243         ,
27 ,    205 ,     m ,    1 ,     613 ,     837 ,    0 ,    308         ,
27 ,    245 ,     m ,    1 ,     733 ,     996 ,    0 ,    369         ,
27 ,    285 ,     m ,    1 ,     853 ,     1218 ,    0 ,    449         ,
27 ,    325 ,     m ,    1 ,     973 ,     1443 ,    0 ,    512         ,
27 ,    365 ,     m ,    1 ,     1093 ,     1653 ,    0 ,    590         ,
27 ,    405 ,     m ,    1 ,     1213 ,     1854 ,    0 ,    659         ,
27 ,    445 ,     m ,    1 ,     1333 ,     2040 ,    0 ,    738         ,
27 ,    485 ,     m ,    1 ,     1453 ,     2217 ,    0 ,    802         ,
27 ,    525 ,     m ,    1 ,     1573 ,     2412 ,    0 ,    884         ,
27 ,    565 ,     m ,    1 ,     1693 ,     2691 ,    0 ,    947         ,
27 ,    605 ,     m ,    1 ,     1813 ,     2946 ,    0 ,    1050         ,
27 ,    645 ,     m ,    1 ,     1933 ,     3176 ,    0 ,    1117         ,
27 ,    685 ,     m ,    1 ,     2053 ,     3426 ,    0 ,    1280         ,
27 ,    725 ,     m ,    1 ,     2173 ,     3646 ,    0 ,    1270         ,
27 ,    765 ,     m ,    1 ,     2293 ,     3832 ,    0 ,    1433         ,
27 ,    805 ,     m ,    1 ,     2413 ,     4083 ,    0 ,    1419         ,
27 ,    845 ,     m ,    1 ,     2533 ,     4306 ,    0 ,    1501         ,
27 ,    885 ,     m ,    1 ,     2653 ,     4505 ,    0 ,    1577         ,
27 ,    925 ,     m ,    1 ,     2773 ,     4709 ,    0 ,    1642         ,
27 ,    965 ,     m ,    1 ,     2893 ,     4894 ,    0 ,    1827         ,
27 ,    1005 ,     m ,    1 ,     3013 ,     5064 ,    0 ,    1787         ,
27 ,    1045 ,     m ,    1 ,     3133 ,     5309 ,    0 ,    1886         ,
27 ,    1085 ,     m ,    1 ,     3253 ,     5615 ,    0 ,    1963         ,
27 ,    1125 ,     m ,    1 ,     3373 ,     5912 ,    0 ,    2048         ,
27 ,    1165 ,     m ,    1 ,     3493 ,     6188 ,    0 ,    2126         ,
27 ,    1205 ,     m ,    1 ,     3613 ,     6467 ,    0 ,    2225         ,
27 ,    1245 ,     m ,    1 ,     3733 ,     6722 ,    0 ,    2297         ,
27 ,    1285 ,     m ,    1 ,     3853 ,     6957 ,    0 ,    2494         ,
27 ,    1325 ,     m ,    1 ,     3973 ,     7247 ,    0 ,    2480         ,
27 ,    1365 ,     m ,    1 ,     4093 ,     7507 ,    0 ,    2550         ,
27 ,    1405 ,     m ,    1 ,     4213 ,     7733 ,    0 ,    2633         ,
27 ,    1445 ,     m ,    1 ,     4333 ,     7987 ,    0 ,    2813         ,
27 ,    1485 ,     m ,    1 ,     4453 ,     8210 ,    0 ,    2803         ,
27 ,    1525 ,     m ,    1 ,     4573 ,     8409 ,    0 ,    2972         ,
27 ,    1565 ,     m ,    1 ,     4693 ,     8671 ,    0 ,    3065         ,
27 ,    1605 ,     m ,    1 ,     4813 ,     8936 ,    0 ,    3141         ,
27 ,    1645 ,     m ,    1 ,     4933 ,     9186 ,    0 ,    3234         ,
27 ,    1685 ,     m ,    1 ,     5053 ,     9427 ,    0 ,    3204         ,
27 ,    1725 ,     m ,    1 ,     5173 ,     9653 ,    0 ,    3416         ,
27 ,    1765 ,     m ,    1 ,     5293 ,     9870 ,    0 ,    3486         ,
27 ,    1805 ,     m ,    1 ,     5413 ,     10079 ,    0 ,    3447         ,
27 ,    1845 ,     m ,    1 ,     5533 ,     10318 ,    0 ,    3554         ,
27 ,    1885 ,     m ,    1 ,     5653 ,     10533 ,    0 ,    3612         ,
27 ,    1925 ,     m ,    1 ,     5773 ,     10723 ,    0 ,    3716         ,
27 ,    1965 ,     m ,    1 ,     5893 ,     10933 ,    0 ,    4187         ,
27 ,    2005 ,     m ,    1 ,     6013 ,     11113 ,    0 ,    3864         ,
27 ,    2045 ,     m ,    1 ,     6133 ,     11259 ,    0 ,    3928         ,
27 ,    2085 ,     m ,    1 ,     6253 ,     11618 ,    0 ,    4054         ,
27 ,    2125 ,     m ,    1 ,     6373 ,     11961 ,    0 ,    4246         ,
27 ,    2165 ,     m ,    1 ,     6493 ,     12280 ,    0 ,    4217         ,
27 ,    2205 ,     m ,    1 ,     6613 ,     12604 ,    0 ,    4432         ,
27 ,    2245 ,     m ,    1 ,     6733 ,     12909 ,    0 ,    4517         ,
27 ,    2285 ,     m ,    1 ,     6853 ,     13199 ,    0 ,    4511         ,
27 ,    2325 ,     m ,    1 ,     6973 ,     13501 ,    0 ,    4699         ,
27 ,    2365 ,     m ,    1 ,     7093 ,     13807 ,    0 ,    4945         ,
27 ,    2405 ,     m ,    1 ,     7213 ,     14104 ,    0 ,    4783         ,
27 ,    2445 ,     m ,    1 ,     7333 ,     14380 ,    0 ,    4842         ,
27 ,    2485 ,     m ,    1 ,     7453 ,     14659 ,    0 ,    5159         ,
27 ,    2525 ,     m ,    1 ,     7573 ,     14914 ,    0 ,    5110         ,
27 ,    2565 ,     m ,    1 ,     7693 ,     15154 ,    0 ,    5222         ,
27 ,    2605 ,     m ,    1 ,     7813 ,     15484 ,    0 ,    5331         ,
27 ,    2645 ,     m ,    1 ,     7933 ,     15784 ,    0 ,    5425         ,
27 ,    2685 ,     m ,    1 ,     8053 ,     16050 ,    0 ,    5493         ,
27 ,    2725 ,     m ,    1 ,     8173 ,     16344 ,    0 ,    5491         ,
27 ,    2765 ,     m ,    1 ,     8293 ,     16607 ,    0 ,    5897         ,
27 ,    2805 ,     m ,    1 ,     8413 ,     16846 ,    0 ,    5889         ,
27 ,    2845 ,     m ,    1 ,     8533 ,     17119 ,    0 ,    5872         ,
27 ,    2885 ,     m ,    1 ,     8653 ,     17384 ,    0 ,    5922         ,
27 ,    2925 ,     m ,    1 ,     8773 ,     17634 ,    0 ,    6050         ,
27 ,    2965 ,     m ,    1 ,     8893 ,     17875 ,    0 ,    6465         ,
27 ,    3005 ,     m ,    1 ,     9013 ,     18101 ,    0 ,    6164         ,
27 ,    3045 ,     m ,    1 ,     9133 ,     18318 ,    0 ,    6292         ,
27 ,    3085 ,     m ,    1 ,     9253 ,     18553 ,    0 ,    6515         ,
27 ,    3125 ,     m ,    1 ,     9373 ,     18872 ,    0 ,    6440         ,
27 ,    3165 ,     m ,    1 ,     9493 ,     19167 ,    0 ,    6576         ,
27 ,    3205 ,     m ,    1 ,     9613 ,     19437 ,    0 ,    6648         ,
27 ,    3245 ,     m ,    1 ,     9733 ,     19727 ,    0 ,    6872         ,
27 ,    3285 ,     m ,    1 ,     9853 ,     19987 ,    0 ,    6799         ,
27 ,    3325 ,     m ,    1 ,     9973 ,     20213 ,    0 ,    6808         ,
27 ,    3365 ,     m ,    1 ,     10093 ,     20504 ,    0 ,    7286         ,
27 ,    3405 ,     m ,    1 ,     10213 ,     20767 ,    0 ,    7075         ,
27 ,    3445 ,     m ,    1 ,     10333 ,     21006 ,    0 ,    7181         ,
27 ,    3485 ,     m ,    1 ,     10453 ,     21250 ,    0 ,    7255         ,
27 ,    3525 ,     m ,    1 ,     10573 ,     21475 ,    0 ,    7218         ,
27 ,    3565 ,     m ,    1 ,     10693 ,     21685 ,    0 ,    7272         ,
27 ,    3605 ,     m ,    1 ,     10813 ,     21928 ,    0 ,    7517         ,
27 ,    3645 ,     m ,    1 ,     10933 ,     22194 ,    0 ,    7650         ,
27 ,    3685 ,     m ,    1 ,     11053 ,     22451 ,    0 ,    7775         ,
27 ,    3725 ,     m ,    1 ,     11173 ,     22687 ,    0 ,    7811         ,
27 ,    3765 ,     m ,    1 ,     11293 ,     22926 ,    0 ,    7917         ,
27 ,    3805 ,     m ,    1 ,     11413 ,     23141 ,    0 ,    7970         ,
27 ,    3845 ,     m ,    1 ,     11533 ,     23336 ,    0 ,    8046         ,
27 ,    3885 ,     m ,    1 ,     11653 ,     23586 ,    0 ,    8041         ,
27 ,    3925 ,     m ,    1 ,     11773 ,     23806 ,    0 ,    8263         ,
27 ,    3965 ,     m ,    1 ,     11893 ,     23992 ,    0 ,    8301         ,
27 ,    4005 ,     m ,    1 ,     12013 ,     24206 ,    0 ,    8403         ,
27 ,    4045 ,     m ,    1 ,     12133 ,     24389 ,    0 ,    8459         ,
27 ,    4085 ,     m ,    1 ,     12253 ,     24548 ,    0 ,    8396         ,
27 ,    4125 ,     m ,    1 ,     12373 ,     24886 ,    0 ,    8709         ,
27 ,    4165 ,     m ,    1 ,     12493 ,     25271 ,    0 ,    8766         ,
27 ,    4205 ,     m ,    1 ,     12613 ,     25641 ,    0 ,    8849         ,
27 ,    4245 ,     m ,    1 ,     12733 ,     26002 ,    0 ,    9103         ,
27 ,    4285 ,     m ,    1 ,     12853 ,     26348 ,    0 ,    9070         ,
27 ,    4325 ,     m ,    1 ,     12973 ,     26685 ,    0 ,    9121         ,
27 ,    4365 ,     m ,    1 ,     13093 ,     27014 ,    0 ,    9270         ,
27 ,    4405 ,     m ,    1 ,     13213 ,     27373 ,    0 ,    9397         ,
27 ,    4445 ,     m ,    1 ,     13333 ,     27708 ,    0 ,    9466         ,
27 ,    4485 ,     m ,    1 ,     13453 ,     28018 ,    0 ,    9587         ,
27 ,    4525 ,     m ,    1 ,     13573 ,     28348 ,    0 ,    9641         ,
27 ,    4565 ,     m ,    1 ,     13693 ,     28648 ,    0 ,    9954         ,
27 ,    4605 ,     m ,    1 ,     13813 ,     28914 ,    0 ,    9837         ,
27 ,    4645 ,     m ,    1 ,     13933 ,     29282 ,    0 ,    10008         ,
27 ,    4685 ,     m ,    1 ,     14053 ,     29625 ,    0 ,    10004         ,
27 ,    4725 ,     m ,    1 ,     14173 ,     29944 ,    0 ,    10119         ,
27 ,    4765 ,     m ,    1 ,     14293 ,     30268 ,    0 ,    10304         ,
27 ,    4805 ,     m ,    1 ,     14413 ,     30573 ,    0 ,    10333         ,
27 ,    4845 ,     m ,    1 ,     14533 ,     30863 ,    0 ,    10428         ,
27 ,    4885 ,     m ,    1 ,     14653 ,     31165 ,    0 ,    10678         ,
27 ,    4925 ,     m ,    1 ,     14773 ,     31471 ,    0 ,    10882         ,
27 ,    4965 ,     m ,    1 ,     14893 ,     31768 ,    0 ,    11064         ,
27 ,    5 ,     m ,    2 ,     13 ,     5 ,    0 ,    7         ,
27 ,    45 ,     m ,    2 ,     133 ,     115 ,    0 ,    59         ,
27 ,    85 ,     m ,    2 ,     253 ,     255 ,    0 ,    117         ,
27 ,    125 ,     m ,    2 ,     373 ,     429 ,    0 ,    177         ,
27 ,    165 ,     m ,    2 ,     493 ,     575 ,    0 ,    240         ,
27 ,    205 ,     m ,    2 ,     613 ,     752 ,    0 ,    311         ,
27 ,    245 ,     m ,    2 ,     733 ,     953 ,    0 ,    374         ,
27 ,    285 ,     m ,    2 ,     853 ,     1120 ,    0 ,    445         ,
27 ,    325 ,     m ,    2 ,     973 ,     1295 ,    0 ,    529         ,
27 ,    365 ,     m ,    2 ,     1093 ,     1485 ,    0 ,    724         ,
27 ,    405 ,     m ,    2 ,     1213 ,     1684 ,    0 ,    659         ,
27 ,    445 ,     m ,    2 ,     1333 ,     1898 ,    0 ,    732         ,
27 ,    485 ,     m ,    2 ,     1453 ,     2121 ,    0 ,    799         ,
27 ,    525 ,     m ,    2 ,     1573 ,     2339 ,    0 ,    877         ,
27 ,    565 ,     m ,    2 ,     1693 ,     2500 ,    0 ,    947         ,
27 ,    605 ,     m ,    2 ,     1813 ,     2685 ,    0 ,    1034         ,
27 ,    645 ,     m ,    2 ,     1933 ,     2895 ,    0 ,    1236         ,
27 ,    685 ,     m ,    2 ,     2053 ,     3085 ,    0 ,    1189         ,
27 ,    725 ,     m ,    2 ,     2173 ,     3305 ,    0 ,    1262         ,
27 ,    765 ,     m ,    2 ,     2293 ,     3559 ,    0 ,    1339         ,
27 ,    805 ,     m ,    2 ,     2413 ,     3748 ,    0 ,    1415         ,
27 ,    845 ,     m ,    2 ,     2533 ,     3965 ,    0 ,    1495         ,
27 ,    885 ,     m ,    2 ,     2653 ,     4206 ,    0 ,    1561         ,
27 ,    925 ,     m ,    2 ,     2773 ,     4442 ,    0 ,    1781         ,
27 ,    965 ,     m ,    2 ,     2893 ,     4697 ,    0 ,    1747         ,
27 ,    1005 ,     m ,    2 ,     3013 ,     4967 ,    0 ,    1798         ,
27 ,    1045 ,     m ,    2 ,     3133 ,     5183 ,    0 ,    2020         ,
27 ,    1085 ,     m ,    2 ,     3253 ,     5357 ,    0 ,    1976         ,
27 ,    1125 ,     m ,    2 ,     3373 ,     5540 ,    0 ,    2041         ,
27 ,    1165 ,     m ,    2 ,     3493 ,     5744 ,    0 ,    2243         ,
27 ,    1205 ,     m ,    2 ,     3613 ,     5945 ,    0 ,    2214         ,
27 ,    1245 ,     m ,    2 ,     3733 ,     6170 ,    0 ,    2298         ,
27 ,    1285 ,     m ,    2 ,     3853 ,     6415 ,    0 ,    2748         ,
27 ,    1325 ,     m ,    2 ,     3973 ,     6605 ,    0 ,    2482         ,
27 ,    1365 ,     m ,    2 ,     4093 ,     6825 ,    0 ,    2538         ,
27 ,    1405 ,     m ,    2 ,     4213 ,     7079 ,    0 ,    2615         ,
27 ,    1445 ,     m ,    2 ,     4333 ,     7305 ,    0 ,    2695         ,
27 ,    1485 ,     m ,    2 ,     4453 ,     7562 ,    0 ,    2798         ,
27 ,    1525 ,     m ,    2 ,     4573 ,     7843 ,    0 ,    2874         ,
27 ,    1565 ,     m ,    2 ,     4693 ,     8061 ,    0 ,    2947         ,
27 ,    1605 ,     m ,    2 ,     4813 ,     8276 ,    0 ,    3051         ,
27 ,    1645 ,     m ,    2 ,     4933 ,     8506 ,    0 ,    3103         ,
27 ,    1685 ,     m ,    2 ,     5053 ,     8745 ,    0 ,    3953         ,
27 ,    1725 ,     m ,    2 ,     5173 ,     8999 ,    0 ,    3348         ,
27 ,    1765 ,     m ,    2 ,     5293 ,     9262 ,    0 ,    3447         ,
27 ,    1805 ,     m ,    2 ,     5413 ,     9533 ,    0 ,    3545         ,
27 ,    1845 ,     m ,    2 ,     5533 ,     9774 ,    0 ,    3708         ,
27 ,    1885 ,     m ,    2 ,     5653 ,     10039 ,    0 ,    3629         ,
27 ,    1925 ,     m ,    2 ,     5773 ,     10329 ,    0 ,    3728         ,
27 ,    1965 ,     m ,    2 ,     5893 ,     10599 ,    0 ,    3936         ,
27 ,    2005 ,     m ,    2 ,     6013 ,     10899 ,    0 ,    4056         ,
27 ,    2045 ,     m ,    2 ,     6133 ,     11233 ,    0 ,    4081         ,
27 ,    2085 ,     m ,    2 ,     6253 ,     11391 ,    0 ,    4172         ,
27 ,    2125 ,     m ,    2 ,     6373 ,     11568 ,    0 ,    4649         ,
27 ,    2165 ,     m ,    2 ,     6493 ,     11769 ,    0 ,    4659         ,
27 ,    2205 ,     m ,    2 ,     6613 ,     11965 ,    0 ,    6571         ,
27 ,    2245 ,     m ,    2 ,     6733 ,     12180 ,    0 ,    6587         ,
27 ,    2285 ,     m ,    2 ,     6853 ,     12410 ,    0 ,    9649         ,
27 ,    2325 ,     m ,    2 ,     6973 ,     12628 ,    0 ,    4918         ,
27 ,    2365 ,     m ,    2 ,     7093 ,     12842 ,    0 ,    5004         ,
27 ,    2405 ,     m ,    2 ,     7213 ,     13065 ,    0 ,    4864         ,
27 ,    2445 ,     m ,    2 ,     7333 ,     13309 ,    0 ,    4974         ,
27 ,    2485 ,     m ,    2 ,     7453 ,     13550 ,    0 ,    4954         ,
27 ,    2525 ,     m ,    2 ,     7573 ,     13815 ,    0 ,    5158         ,
27 ,    2565 ,     m ,    2 ,     7693 ,     14095 ,    0 ,    5296         ,
27 ,    2605 ,     m ,    2 ,     7813 ,     14285 ,    0 ,    5208         ,
27 ,    2645 ,     m ,    2 ,     7933 ,     14505 ,    0 ,    5310         ,
27 ,    2685 ,     m ,    2 ,     8053 ,     14759 ,    0 ,    5561         ,
27 ,    2725 ,     m ,    2 ,     8173 ,     14985 ,    0 ,    5581         ,
27 ,    2765 ,     m ,    2 ,     8293 ,     15242 ,    0 ,    5542         ,
27 ,    2805 ,     m ,    2 ,     8413 ,     15523 ,    0 ,    5724         ,
27 ,    2845 ,     m ,    2 ,     8533 ,     15770 ,    0 ,    5870         ,
27 ,    2885 ,     m ,    2 ,     8653 ,     16025 ,    0 ,    5899         ,
27 ,    2925 ,     m ,    2 ,     8773 ,     16295 ,    0 ,    6010         ,
27 ,    2965 ,     m ,    2 ,     8893 ,     16574 ,    0 ,    6357         ,
27 ,    3005 ,     m ,    2 ,     9013 ,     16868 ,    0 ,    6147         ,
27 ,    3045 ,     m ,    2 ,     9133 ,     17171 ,    0 ,    6203         ,
27 ,    3085 ,     m ,    2 ,     9253 ,     17456 ,    0 ,    6446         ,
27 ,    3125 ,     m ,    2 ,     9373 ,     17657 ,    0 ,    6362         ,
27 ,    3165 ,     m ,    2 ,     9493 ,     17882 ,    0 ,    6526         ,
27 ,    3205 ,     m ,    2 ,     9613 ,     18132 ,    0 ,    6520         ,
27 ,    3245 ,     m ,    2 ,     9733 ,     18362 ,    0 ,    6798         ,
27 ,    3285 ,     m ,    2 ,     9853 ,     18622 ,    0 ,    6994         ,
27 ,    3325 ,     m ,    2 ,     9973 ,     18916 ,    0 ,    6932         ,
27 ,    3365 ,     m ,    2 ,     10093 ,     19145 ,    0 ,    7351         ,
27 ,    3405 ,     m ,    2 ,     10213 ,     19402 ,    0 ,    7146         ,
27 ,    3445 ,     m ,    2 ,     10333 ,     19683 ,    0 ,    7052         ,
27 ,    3485 ,     m ,    2 ,     10453 ,     19959 ,    0 ,    7281         ,
27 ,    3525 ,     m ,    2 ,     10573 ,     20254 ,    0 ,    7347         ,
27 ,    3565 ,     m ,    2 ,     10693 ,     20564 ,    0 ,    7693         ,
27 ,    3605 ,     m ,    2 ,     10813 ,     20841 ,    0 ,    7549         ,
27 ,    3645 ,     m ,    2 ,     10933 ,     21095 ,    0 ,    8178         ,
27 ,    3685 ,     m ,    2 ,     11053 ,     21358 ,    0 ,    7773         ,
27 ,    3725 ,     m ,    2 ,     11173 ,     21642 ,    0 ,    7809         ,
27 ,    3765 ,     m ,    2 ,     11293 ,     21923 ,    0 ,    7881         ,
27 ,    3805 ,     m ,    2 ,     11413 ,     22228 ,    0 ,    7984         ,
27 ,    3845 ,     m ,    2 ,     11533 ,     22553 ,    0 ,    8092         ,
27 ,    3885 ,     m ,    2 ,     11653 ,     22823 ,    0 ,    8237         ,
27 ,    3925 ,     m ,    2 ,     11773 ,     23123 ,    0 ,    8246         ,
27 ,    3965 ,     m ,    2 ,     11893 ,     23457 ,    0 ,    8326         ,
27 ,    4005 ,     m ,    2 ,     12013 ,     23763 ,    0 ,    8336         ,
27 ,    4045 ,     m ,    2 ,     12133 ,     24100 ,    0 ,    8545         ,
27 ,    4085 ,     m ,    2 ,     12253 ,     24461 ,    0 ,    8635         ,
27 ,    4125 ,     m ,    2 ,     12373 ,     24672 ,    0 ,    8721         ,
27 ,    4165 ,     m ,    2 ,     12493 ,     24847 ,    0 ,    8809         ,
27 ,    4205 ,     m ,    2 ,     12613 ,     25037 ,    0 ,    8855         ,
27 ,    4245 ,     m ,    2 ,     12733 ,     25236 ,    0 ,    9019         ,
27 ,    4285 ,     m ,    2 ,     12853 ,     25450 ,    0 ,    9107         ,
27 ,    4325 ,     m ,    2 ,     12973 ,     25673 ,    0 ,    9172         ,
27 ,    4365 ,     m ,    2 ,     13093 ,     25904 ,    0 ,    9299         ,
27 ,    4405 ,     m ,    2 ,     13213 ,     26105 ,    0 ,    9421         ,
27 ,    4445 ,     m ,    2 ,     13333 ,     26330 ,    0 ,    9478         ,
27 ,    4485 ,     m ,    2 ,     13453 ,     26580 ,    0 ,    9541         ,
27 ,    4525 ,     m ,    2 ,     13573 ,     26810 ,    0 ,    9983         ,
27 ,    4565 ,     m ,    2 ,     13693 ,     27070 ,    0 ,    9709         ,
27 ,    4605 ,     m ,    2 ,     13813 ,     27364 ,    0 ,    9808         ,
27 ,    4645 ,     m ,    2 ,     13933 ,     27556 ,    0 ,    9934         ,
27 ,    4685 ,     m ,    2 ,     14053 ,     27773 ,    0 ,    9993         ,
27 ,    4725 ,     m ,    2 ,     14173 ,     28014 ,    0 ,    10119         ,
27 ,    4765 ,     m ,    2 ,     14293 ,     28250 ,    0 ,    10188         ,
27 ,    4805 ,     m ,    2 ,     14413 ,     28505 ,    0 ,    10497         ,
27 ,    4845 ,     m ,    2 ,     14533 ,     28775 ,    0 ,    10385         ,
27 ,    4885 ,     m ,    2 ,     14653 ,     29033 ,    0 ,    10481         ,
27 ,    4925 ,     m ,    2 ,     14773 ,     29287 ,    0 ,    13297         ,
27 ,    4965 ,     m ,    2 ,     14893 ,     29550 ,    0 ,    10743         ,
27 ,    5 ,     m ,    3 ,     13 ,     7 ,    0 ,    7         ,
27 ,    45 ,     m ,    3 ,     133 ,     178 ,    0 ,    71         ,
27 ,    85 ,     m ,    3 ,     253 ,     380 ,    0 ,    137         ,
27 ,    125 ,     m ,    3 ,     373 ,     577 ,    0 ,    206         ,
27 ,    165 ,     m ,    3 ,     493 ,     885 ,    0 ,    279         ,
27 ,    205 ,     m ,    3 ,     613 ,     1125 ,    0 ,    354         ,
27 ,    245 ,     m ,    3 ,     733 ,     1374 ,    0 ,    431         ,
27 ,    285 ,     m ,    3 ,     853 ,     1684 ,    0 ,    506         ,
27 ,    325 ,     m ,    3 ,     973 ,     1945 ,    0 ,    580         ,
27 ,    365 ,     m ,    3 ,     1093 ,     2199 ,    0 ,    783         ,
27 ,    405 ,     m ,    3 ,     1213 ,     2484 ,    0 ,    737         ,
27 ,    445 ,     m ,    3 ,     1333 ,     2821 ,    0 ,    948         ,
27 ,    485 ,     m ,    3 ,     1453 ,     3082 ,    0 ,    896         ,
27 ,    525 ,     m ,    3 ,     1573 ,     3375 ,    0 ,    982         ,
27 ,    565 ,     m ,    3 ,     1693 ,     3756 ,    0 ,    1066         ,
27 ,    605 ,     m ,    3 ,     1813 ,     4048 ,    0 ,    1145         ,
27 ,    645 ,     m ,    3 ,     1933 ,     4334 ,    0 ,    1372         ,
27 ,    685 ,     m ,    3 ,     2053 ,     4674 ,    0 ,    1323         ,
27 ,    725 ,     m ,    3 ,     2173 ,     4930 ,    0 ,    1405         ,
27 ,    765 ,     m ,    3 ,     2293 ,     5289 ,    0 ,    1480         ,
27 ,    805 ,     m ,    3 ,     2413 ,     5670 ,    0 ,    1585         ,
27 ,    845 ,     m ,    3 ,     2533 ,     5859 ,    0 ,    1790         ,
27 ,    885 ,     m ,    3 ,     2653 ,     6299 ,    0 ,    1751         ,
27 ,    925 ,     m ,    3 ,     2773 ,     6548 ,    0 ,    1838         ,
27 ,    965 ,     m ,    3 ,     2893 ,     6916 ,    0 ,    2050         ,
27 ,    1005 ,     m ,    3 ,     3013 ,     7212 ,    0 ,    2121         ,
27 ,    1045 ,     m ,    3 ,     3133 ,     7517 ,    0 ,    2224         ,
27 ,    1085 ,     m ,    3 ,     3253 ,     7899 ,    0 ,    2187         ,
27 ,    1125 ,     m ,    3 ,     3373 ,     8186 ,    0 ,    2288         ,
27 ,    1165 ,     m ,    3 ,     3493 ,     8562 ,    0 ,    2339         ,
27 ,    1205 ,     m ,    3 ,     3613 ,     8813 ,    0 ,    2448         ,
27 ,    1245 ,     m ,    3 ,     3733 ,     9260 ,    0 ,    2537         ,
27 ,    1285 ,     m ,    3 ,     3853 ,     9792 ,    0 ,    2737         ,
27 ,    1325 ,     m ,    3 ,     3973 ,     9880 ,    0 ,    2720         ,
27 ,    1365 ,     m ,    3 ,     4093 ,     10261 ,    0 ,    2806         ,
27 ,    1405 ,     m ,    3 ,     4213 ,     10772 ,    0 ,    3009         ,
27 ,    1445 ,     m ,    3 ,     4333 ,     10985 ,    0 ,    5445         ,
27 ,    1485 ,     m ,    3 ,     4453 ,     11397 ,    0 ,    3241         ,
27 ,    1525 ,     m ,    3 ,     4573 ,     11619 ,    0 ,    3140         ,
27 ,    1565 ,     m ,    3 ,     4693 ,     12006 ,    0 ,    3260         ,
27 ,    1605 ,     m ,    3 ,     4813 ,     12319 ,    0 ,    3350         ,
27 ,    1645 ,     m ,    3 ,     4933 ,     12706 ,    0 ,    3569         ,
27 ,    1685 ,     m ,    3 ,     5053 ,     13000 ,    0 ,    3514         ,
27 ,    1725 ,     m ,    3 ,     5173 ,     13519 ,    0 ,    3636         ,
27 ,    1765 ,     m ,    3 ,     5293 ,     13623 ,    0 ,    3828         ,
27 ,    1805 ,     m ,    3 ,     5413 ,     14075 ,    0 ,    3800         ,
27 ,    1845 ,     m ,    3 ,     5533 ,     14329 ,    0 ,    3881         ,
27 ,    1885 ,     m ,    3 ,     5653 ,     14758 ,    0 ,    3988         ,
27 ,    1925 ,     m ,    3 ,     5773 ,     15139 ,    0 ,    4203         ,
27 ,    1965 ,     m ,    3 ,     5893 ,     15516 ,    0 ,    4480         ,
27 ,    2005 ,     m ,    3 ,     6013 ,     15731 ,    0 ,    4375         ,
27 ,    2045 ,     m ,    3 ,     6133 ,     15908 ,    0 ,    4306         ,
27 ,    2085 ,     m ,    3 ,     6253 ,     16442 ,    0 ,    4446         ,
27 ,    2125 ,     m ,    3 ,     6373 ,     16772 ,    0 ,    4549         ,
27 ,    2165 ,     m ,    3 ,     6493 ,     17347 ,    0 ,    4626         ,
27 ,    2205 ,     m ,    3 ,     6613 ,     17431 ,    0 ,    4729         ,
27 ,    2245 ,     m ,    3 ,     6733 ,     18307 ,    0 ,    4985         ,
27 ,    2285 ,     m ,    3 ,     6853 ,     18471 ,    0 ,    5029         ,
27 ,    2325 ,     m ,    3 ,     6973 ,     18626 ,    0 ,    5150         ,
27 ,    2365 ,     m ,    3 ,     7093 ,     19349 ,    0 ,    7202         ,
27 ,    2405 ,     m ,    3 ,     7213 ,     19651 ,    0 ,    5223         ,
27 ,    2445 ,     m ,    3 ,     7333 ,     20028 ,    0 ,    5432         ,
27 ,    2485 ,     m ,    3 ,     7453 ,     20371 ,    0 ,    5543         ,
27 ,    2525 ,     m ,    3 ,     7573 ,     20807 ,    0 ,    5490         ,
27 ,    2565 ,     m ,    3 ,     7693 ,     21068 ,    0 ,    5697         ,
27 ,    2605 ,     m ,    3 ,     7813 ,     21676 ,    0 ,    5701         ,
27 ,    2645 ,     m ,    3 ,     7933 ,     21860 ,    0 ,    5925         ,
27 ,    2685 ,     m ,    3 ,     8053 ,     22303 ,    0 ,    5847         ,
27 ,    2725 ,     m ,    3 ,     8173 ,     22563 ,    0 ,    6311         ,
27 ,    2765 ,     m ,    3 ,     8293 ,     22997 ,    0 ,    6068         ,
27 ,    2805 ,     m ,    3 ,     8413 ,     23424 ,    0 ,    6305         ,
27 ,    2845 ,     m ,    3 ,     8533 ,     23895 ,    0 ,    6298         ,
27 ,    2885 ,     m ,    3 ,     8653 ,     24011 ,    0 ,    8677         ,
27 ,    2925 ,     m ,    3 ,     8773 ,     24415 ,    0 ,    6599         ,
27 ,    2965 ,     m ,    3 ,     8893 ,     24723 ,    0 ,    6647         ,
27 ,    3005 ,     m ,    3 ,     9013 ,     25162 ,    0 ,    6647         ,
27 ,    3045 ,     m ,    3 ,     9133 ,     25702 ,    0 ,    7065         ,
27 ,    3085 ,     m ,    3 ,     9253 ,     25959 ,    0 ,    6960         ,
27 ,    3125 ,     m ,    3 ,     9373 ,     26443 ,    0 ,    7083         ,
27 ,    3165 ,     m ,    3 ,     9493 ,     26817 ,    0 ,    7163         ,
27 ,    3205 ,     m ,    3 ,     9613 ,     27122 ,    0 ,    7277         ,
27 ,    3245 ,     m ,    3 ,     9733 ,     27253 ,    0 ,    7370         ,
27 ,    3285 ,     m ,    3 ,     9853 ,     27930 ,    0 ,    7437         ,
27 ,    3325 ,     m ,    3 ,     9973 ,     28203 ,    0 ,    7638         ,
27 ,    3365 ,     m ,    3 ,     10093 ,     28440 ,    0 ,    7924         ,
27 ,    3405 ,     m ,    3 ,     10213 ,     28990 ,    0 ,    7775         ,
27 ,    3445 ,     m ,    3 ,     10333 ,     29493 ,    0 ,    7798         ,
27 ,    3485 ,     m ,    3 ,     10453 ,     29806 ,    0 ,    8087         ,
27 ,    3525 ,     m ,    3 ,     10573 ,     30070 ,    0 ,    8039         ,
27 ,    3565 ,     m ,    3 ,     10693 ,     30674 ,    0 ,    8109         ,
27 ,    3605 ,     m ,    3 ,     10813 ,     30977 ,    0 ,    8093         ,
27 ,    3645 ,     m ,    3 ,     10933 ,     30996 ,    0 ,    8335         ,
27 ,    3685 ,     m ,    3 ,     11053 ,     31727 ,    0 ,    8500         ,
27 ,    3725 ,     m ,    3 ,     11173 ,     32029 ,    0 ,    8539         ,
27 ,    3765 ,     m ,    3 ,     11293 ,     32353 ,    0 ,    8645         ,
27 ,    3805 ,     m ,    3 ,     11413 ,     32884 ,    0 ,    8801         ,
27 ,    3845 ,     m ,    3 ,     11533 ,     33073 ,    0 ,    8826         ,
27 ,    3885 ,     m ,    3 ,     11653 ,     33515 ,    0 ,    8933         ,
27 ,    3925 ,     m ,    3 ,     11773 ,     33720 ,    0 ,    9016         ,
27 ,    3965 ,     m ,    3 ,     11893 ,     34068 ,    0 ,    8961         ,
27 ,    4005 ,     m ,    3 ,     12013 ,     34392 ,    0 ,    9182         ,
27 ,    4045 ,     m ,    3 ,     12133 ,     34504 ,    0 ,    9286         ,
27 ,    4085 ,     m ,    3 ,     12253 ,     34774 ,    0 ,    10037         ,
27 ,    4125 ,     m ,    3 ,     12373 ,     35470 ,    0 ,    9471         ,
27 ,    4165 ,     m ,    3 ,     12493 ,     35821 ,    0 ,    9601         ,
27 ,    4205 ,     m ,    3 ,     12613 ,     36504 ,    0 ,    9679         ,
27 ,    4245 ,     m ,    3 ,     12733 ,     36851 ,    0 ,    9811         ,
27 ,    4285 ,     m ,    3 ,     12853 ,     37246 ,    0 ,    10186         ,
27 ,    4325 ,     m ,    3 ,     12973 ,     37790 ,    0 ,    9995         ,
27 ,    4365 ,     m ,    3 ,     13093 ,     38092 ,    0 ,    10138         ,
27 ,    4405 ,     m ,    3 ,     13213 ,     38471 ,    0 ,    10266         ,
27 ,    4445 ,     m ,    3 ,     13333 ,     38897 ,    0 ,    10586         ,
27 ,    4485 ,     m ,    3 ,     13453 ,     39576 ,    0 ,    10576         ,
27 ,    4525 ,     m ,    3 ,     13573 ,     40008 ,    0 ,    10564         ,
27 ,    4565 ,     m ,    3 ,     13693 ,     40122 ,    0 ,    10584         ,
27 ,    4605 ,     m ,    3 ,     13813 ,     40838 ,    0 ,    10701         ,
27 ,    4645 ,     m ,    3 ,     13933 ,     40952 ,    0 ,    10924         ,
27 ,    4685 ,     m ,    3 ,     14053 ,     41181 ,    0 ,    10907         ,
27 ,    4725 ,     m ,    3 ,     14173 ,     41746 ,    0 ,    11267         ,
27 ,    4765 ,     m ,    3 ,     14293 ,     42371 ,    0 ,    11135         ,
27 ,    4805 ,     m ,    3 ,     14413 ,     42654 ,    0 ,    11497         ,
27 ,    4845 ,     m ,    3 ,     14533 ,     42931 ,    0 ,    11314         ,
27 ,    4885 ,     m ,    3 ,     14653 ,     43736 ,    0 ,    11465         ,
27 ,    4925 ,     m ,    3 ,     14773 ,     43915 ,    0 ,    11810         ,
27 ,    4965 ,     m ,    3 ,     14893 ,     44555 ,    0 ,    11694         ,
27 ,    5 ,     m ,    4 ,     13 ,     7 ,    0 ,    6         ,
27 ,    45 ,     m ,    4 ,     133 ,     189 ,    0 ,    73         ,
27 ,    85 ,     m ,    4 ,     253 ,     429 ,    0 ,    143         ,
27 ,    125 ,     m ,    4 ,     373 ,     707 ,    0 ,    220         ,
27 ,    165 ,     m ,    4 ,     493 ,     960 ,    0 ,    293         ,
27 ,    205 ,     m ,    4 ,     613 ,     1274 ,    0 ,    388         ,
27 ,    245 ,     m ,    4 ,     733 ,     1574 ,    0 ,    460         ,
27 ,    285 ,     m ,    4 ,     853 ,     1860 ,    0 ,    535         ,
27 ,    325 ,     m ,    4 ,     973 ,     2186 ,    0 ,    619         ,
27 ,    365 ,     m ,    4 ,     1093 ,     2537 ,    0 ,    721         ,
27 ,    405 ,     m ,    4 ,     1213 ,     2859 ,    0 ,    801         ,
27 ,    445 ,     m ,    4 ,     1333 ,     3167 ,    0 ,    892         ,
27 ,    485 ,     m ,    4 ,     1453 ,     3560 ,    0 ,    974         ,
27 ,    525 ,     m ,    4 ,     1573 ,     3894 ,    0 ,    1062         ,
27 ,    565 ,     m ,    4 ,     1693 ,     4249 ,    0 ,    1156         ,
27 ,    605 ,     m ,    4 ,     1813 ,     4585 ,    0 ,    1241         ,
27 ,    645 ,     m ,    4 ,     1933 ,     4971 ,    0 ,    1333         ,
27 ,    685 ,     m ,    4 ,     2053 ,     5321 ,    0 ,    1421         ,
27 ,    725 ,     m ,    4 ,     2173 ,     5640 ,    0 ,    1633         ,
27 ,    765 ,     m ,    4 ,     2293 ,     6036 ,    0 ,    1602         ,
27 ,    805 ,     m ,    4 ,     2413 ,     6484 ,    0 ,    1701         ,
27 ,    845 ,     m ,    4 ,     2533 ,     6804 ,    0 ,    1804         ,
27 ,    885 ,     m ,    4 ,     2653 ,     7138 ,    0 ,    1885         ,
27 ,    925 ,     m ,    4 ,     2773 ,     7484 ,    0 ,    1968         ,
27 ,    965 ,     m ,    4 ,     2893 ,     7859 ,    0 ,    2070         ,
27 ,    1005 ,     m ,    4 ,     3013 ,     8117 ,    0 ,    2156         ,
27 ,    1045 ,     m ,    4 ,     3133 ,     8576 ,    0 ,    2251         ,
27 ,    1085 ,     m ,    4 ,     3253 ,     9039 ,    0 ,    2355         ,
27 ,    1125 ,     m ,    4 ,     3373 ,     9409 ,    0 ,    2458         ,
27 ,    1165 ,     m ,    4 ,     3493 ,     9845 ,    0 ,    2669         ,
27 ,    1205 ,     m ,    4 ,     3613 ,     10174 ,    0 ,    2643         ,
27 ,    1245 ,     m ,    4 ,     3733 ,     10548 ,    0 ,    2744         ,
27 ,    1285 ,     m ,    4 ,     3853 ,     10918 ,    0 ,    2823         ,
27 ,    1325 ,     m ,    4 ,     3973 ,     11394 ,    0 ,    2954         ,
27 ,    1365 ,     m ,    4 ,     4093 ,     11859 ,    0 ,    3043         ,
27 ,    1405 ,     m ,    4 ,     4213 ,     12109 ,    0 ,    3251         ,
27 ,    1445 ,     m ,    4 ,     4333 ,     12525 ,    0 ,    3210         ,
27 ,    1485 ,     m ,    4 ,     4453 ,     13064 ,    0 ,    3446         ,
27 ,    1525 ,     m ,    4 ,     4573 ,     13319 ,    0 ,    3393         ,
27 ,    1565 ,     m ,    4 ,     4693 ,     13754 ,    0 ,    3645         ,
27 ,    1605 ,     m ,    4 ,     4813 ,     14199 ,    0 ,    4423         ,
27 ,    1645 ,     m ,    4 ,     4933 ,     14587 ,    0 ,    3733         ,
27 ,    1685 ,     m ,    4 ,     5053 ,     15089 ,    0 ,    3821         ,
27 ,    1725 ,     m ,    4 ,     5173 ,     15445 ,    0 ,    4054         ,
27 ,    1765 ,     m ,    4 ,     5293 ,     15793 ,    0 ,    4005         ,
27 ,    1805 ,     m ,    4 ,     5413 ,     16150 ,    0 ,    4102         ,
27 ,    1845 ,     m ,    4 ,     5533 ,     16753 ,    0 ,    4453         ,
27 ,    1885 ,     m ,    4 ,     5653 ,     17023 ,    0 ,    4296         ,
27 ,    1925 ,     m ,    4 ,     5773 ,     17483 ,    0 ,    4426         ,
27 ,    1965 ,     m ,    4 ,     5893 ,     17771 ,    0 ,    4622         ,
27 ,    2005 ,     m ,    4 ,     6013 ,     18120 ,    0 ,    4716         ,
27 ,    2045 ,     m ,    4 ,     6133 ,     18573 ,    0 ,    4806         ,
27 ,    2085 ,     m ,    4 ,     6253 ,     19100 ,    0 ,    4808         ,
27 ,    2125 ,     m ,    4 ,     6373 ,     19569 ,    0 ,    4912         ,
27 ,    2165 ,     m ,    4 ,     6493 ,     20028 ,    0 ,    5019         ,
27 ,    2205 ,     m ,    4 ,     6613 ,     20293 ,    0 ,    5095         ,
27 ,    2245 ,     m ,    4 ,     6733 ,     20952 ,    0 ,    5363         ,
27 ,    2285 ,     m ,    4 ,     6853 ,     21174 ,    0 ,    5302         ,
27 ,    2325 ,     m ,    4 ,     6973 ,     21624 ,    0 ,    5555         ,
27 ,    2365 ,     m ,    4 ,     7093 ,     22094 ,    0 ,    5648         ,
27 ,    2405 ,     m ,    4 ,     7213 ,     22540 ,    0 ,    5630         ,
27 ,    2445 ,     m ,    4 ,     7333 ,     23039 ,    0 ,    7684         ,
27 ,    2485 ,     m ,    4 ,     7453 ,     23483 ,    0 ,    5821         ,
27 ,    2525 ,     m ,    4 ,     7573 ,     23775 ,    0 ,    6108         ,
27 ,    2565 ,     m ,    4 ,     7693 ,     24411 ,    0 ,    6055         ,
27 ,    2605 ,     m ,    4 ,     7813 ,     24754 ,    0 ,    6313         ,
27 ,    2645 ,     m ,    4 ,     7933 ,     25135 ,    0 ,    6391         ,
27 ,    2685 ,     m ,    4 ,     8053 ,     25483 ,    0 ,    6325         ,
27 ,    2725 ,     m ,    4 ,     8173 ,     26082 ,    0 ,    6608         ,
27 ,    2765 ,     m ,    4 ,     8293 ,     26444 ,    0 ,    6673         ,
27 ,    2805 ,     m ,    4 ,     8413 ,     26854 ,    0 ,    6646         ,
27 ,    2845 ,     m ,    4 ,     8533 ,     27266 ,    0 ,    6923         ,
27 ,    2885 ,     m ,    4 ,     8653 ,     27774 ,    0 ,    6980         ,
27 ,    2925 ,     m ,    4 ,     8773 ,     28154 ,    0 ,    7125         ,
27 ,    2965 ,     m ,    4 ,     8893 ,     28436 ,    0 ,    7390         ,
27 ,    3005 ,     m ,    4 ,     9013 ,     29138 ,    0 ,    7341         ,
27 ,    3045 ,     m ,    4 ,     9133 ,     29610 ,    0 ,    7476         ,
27 ,    3085 ,     m ,    4 ,     9253 ,     29907 ,    0 ,    7391         ,
27 ,    3125 ,     m ,    4 ,     9373 ,     30376 ,    0 ,    7619         ,
27 ,    3165 ,     m ,    4 ,     9493 ,     30745 ,    0 ,    7715         ,
27 ,    3205 ,     m ,    4 ,     9613 ,     31273 ,    0 ,    7837         ,
27 ,    3245 ,     m ,    4 ,     9733 ,     31669 ,    0 ,    7937         ,
27 ,    3285 ,     m ,    4 ,     9853 ,     32154 ,    0 ,    8043         ,
27 ,    3325 ,     m ,    4 ,     9973 ,     32575 ,    0 ,    8118         ,
27 ,    3365 ,     m ,    4 ,     10093 ,     32867 ,    0 ,    8717         ,
27 ,    3405 ,     m ,    4 ,     10213 ,     33544 ,    0 ,    8566         ,
27 ,    3445 ,     m ,    4 ,     10333 ,     33947 ,    0 ,    8401         ,
27 ,    3485 ,     m ,    4 ,     10453 ,     34547 ,    0 ,    10860         ,
27 ,    3525 ,     m ,    4 ,     10573 ,     34764 ,    0 ,    8678         ,
27 ,    3565 ,     m ,    4 ,     10693 ,     35120 ,    0 ,    8745         ,
27 ,    3605 ,     m ,    4 ,     10813 ,     35521 ,    0 ,    9414         ,
27 ,    3645 ,     m ,    4 ,     10933 ,     35855 ,    0 ,    8972         ,
27 ,    3685 ,     m ,    4 ,     11053 ,     36617 ,    0 ,    9169         ,
27 ,    3725 ,     m ,    4 ,     11173 ,     37097 ,    0 ,    11569         ,
27 ,    3765 ,     m ,    4 ,     11293 ,     37601 ,    0 ,    9320         ,
27 ,    3805 ,     m ,    4 ,     11413 ,     37897 ,    0 ,    9407         ,
27 ,    3845 ,     m ,    4 ,     11533 ,     38305 ,    0 ,    11481         ,
27 ,    3885 ,     m ,    4 ,     11653 ,     38719 ,    0 ,    9668         ,
27 ,    3925 ,     m ,    4 ,     11773 ,     38953 ,    0 ,    9759         ,
27 ,    3965 ,     m ,    4 ,     11893 ,     39701 ,    0 ,    9824         ,
27 ,    4005 ,     m ,    4 ,     12013 ,     40054 ,    0 ,    9959         ,
27 ,    4045 ,     m ,    4 ,     12133 ,     40633 ,    0 ,    10048         ,
27 ,    4085 ,     m ,    4 ,     12253 ,     40802 ,    0 ,    10114         ,
27 ,    4125 ,     m ,    4 ,     12373 ,     41381 ,    0 ,    10273         ,
27 ,    4165 ,     m ,    4 ,     12493 ,     41736 ,    0 ,    10369         ,
27 ,    4205 ,     m ,    4 ,     12613 ,     42330 ,    0 ,    10447         ,
27 ,    4245 ,     m ,    4 ,     12733 ,     42902 ,    0 ,    10593         ,
27 ,    4285 ,     m ,    4 ,     12853 ,     43420 ,    0 ,    13059         ,
27 ,    4325 ,     m ,    4 ,     12973 ,     43702 ,    0 ,    10813         ,
27 ,    4365 ,     m ,    4 ,     13093 ,     44425 ,    0 ,    11146         ,
27 ,    4405 ,     m ,    4 ,     13213 ,     44655 ,    0 ,    11055         ,
27 ,    4445 ,     m ,    4 ,     13333 ,     45070 ,    0 ,    11167         ,
27 ,    4485 ,     m ,    4 ,     13453 ,     45728 ,    0 ,    13269         ,
27 ,    4525 ,     m ,    4 ,     13573 ,     46256 ,    0 ,    11389         ,
27 ,    4565 ,     m ,    4 ,     13693 ,     46472 ,    0 ,    11488         ,
27 ,    4605 ,     m ,    4 ,     13813 ,     47026 ,    0 ,    11531         ,
27 ,    4645 ,     m ,    4 ,     13933 ,     47651 ,    0 ,    11691         ,
27 ,    4685 ,     m ,    4 ,     14053 ,     47838 ,    0 ,    11749         ,
27 ,    4725 ,     m ,    4 ,     14173 ,     48788 ,    0 ,    11996         ,
27 ,    4765 ,     m ,    4 ,     14293 ,     49085 ,    0 ,    14520         ,
27 ,    4805 ,     m ,    4 ,     14413 ,     49361 ,    0 ,    12101         ,
27 ,    4845 ,     m ,    4 ,     14533 ,     49952 ,    0 ,    12356         ,
27 ,    4885 ,     m ,    4 ,     14653 ,     50228 ,    0 ,    12343         ,
27 ,    4925 ,     m ,    4 ,     14773 ,     50696 ,    0 ,    12896         ,
27 ,    4965 ,     m ,    4 ,     14893 ,     51015 ,    0 ,    12726         ,


