SEED ,  SIZE ,  ALG ,  TYPE ,  CALLS ,  CMP ,     MOVE ,    TIME              ,
27 ,    5 ,     q3 ,    0 ,     8 ,     14 ,    15 ,    8         ,
27 ,    45 ,     q3 ,    0 ,     82 ,     289 ,    228 ,    56         ,
27 ,    85 ,     q3 ,    0 ,     140 ,     627 ,    477 ,    112         ,
27 ,    125 ,     q3 ,    0 ,     220 ,     1087 ,    774 ,    177         ,
27 ,    165 ,     q3 ,    0 ,     284 ,     1466 ,    1095 ,    233         ,
27 ,    205 ,     q3 ,    0 ,     352 ,     1876 ,    1389 ,    302         ,
27 ,    245 ,     q3 ,    0 ,     414 ,     2281 ,    1707 ,    360         ,
27 ,    285 ,     q3 ,    0 ,     490 ,     2889 ,    1998 ,    423         ,
27 ,    325 ,     q3 ,    0 ,     562 ,     3287 ,    2295 ,    490         ,
27 ,    365 ,     q3 ,    0 ,     638 ,     3709 ,    2649 ,    562         ,
27 ,    405 ,     q3 ,    0 ,     702 ,     4186 ,    3006 ,    639         ,
27 ,    445 ,     q3 ,    0 ,     778 ,     4728 ,    3324 ,    700         ,
27 ,    485 ,     q3 ,    0 ,     850 ,     5250 ,    3690 ,    774         ,
27 ,    525 ,     q3 ,    0 ,     888 ,     5458 ,    4056 ,    834         ,
27 ,    565 ,     q3 ,    0 ,     984 ,     6138 ,    4365 ,    907         ,
27 ,    605 ,     q3 ,    0 ,     1038 ,     6470 ,    4797 ,    981         ,
27 ,    645 ,     q3 ,    0 ,     1146 ,     7859 ,    5025 ,    1065         ,
27 ,    685 ,     q3 ,    0 ,     1194 ,     7655 ,    5403 ,    1262         ,
27 ,    725 ,     q3 ,    0 ,     1248 ,     8232 ,    5787 ,    1209         ,
27 ,    765 ,     q3 ,    0 ,     1320 ,     8738 ,    6156 ,    1401         ,
27 ,    805 ,     q3 ,    0 ,     1426 ,     9250 ,    6726 ,    1358         ,
27 ,    845 ,     q3 ,    0 ,     1476 ,     9523 ,    6990 ,    1549         ,
27 ,    885 ,     q3 ,    0 ,     1562 ,     10515 ,    7236 ,    1518         ,
27 ,    925 ,     q3 ,    0 ,     1620 ,     10635 ,    7746 ,    1595         ,
27 ,    965 ,     q3 ,    0 ,     1654 ,     11762 ,    7968 ,    1773         ,
27 ,    1005 ,     q3 ,    0 ,     1732 ,     12142 ,    8322 ,    1728         ,
27 ,    1045 ,     q3 ,    0 ,     1806 ,     12594 ,    8814 ,    1806         ,
27 ,    1085 ,     q3 ,    0 ,     1876 ,     13443 ,    8991 ,    1890         ,
27 ,    1125 ,     q3 ,    0 ,     1942 ,     14276 ,    9393 ,    1962         ,
27 ,    1165 ,     q3 ,    0 ,     2040 ,     14061 ,    9792 ,    2031         ,
27 ,    1205 ,     q3 ,    0 ,     2084 ,     15175 ,    10137 ,    2109         ,
27 ,    1245 ,     q3 ,    0 ,     2164 ,     15398 ,    10686 ,    2323         ,
27 ,    1285 ,     q3 ,    0 ,     2268 ,     16260 ,    10980 ,    2287         ,
27 ,    1325 ,     q3 ,    0 ,     2332 ,     16715 ,    11412 ,    2368         ,
27 ,    1365 ,     q3 ,    0 ,     2386 ,     16948 ,    11811 ,    2424         ,
27 ,    1405 ,     q3 ,    0 ,     2456 ,     17437 ,    12201 ,    2516         ,
27 ,    1445 ,     q3 ,    0 ,     2526 ,     17540 ,    12636 ,    2606         ,
27 ,    1485 ,     q3 ,    0 ,     2586 ,     19238 ,    12930 ,    2654         ,
27 ,    1525 ,     q3 ,    0 ,     2674 ,     19088 ,    13377 ,    2753         ,
27 ,    1565 ,     q3 ,    0 ,     2772 ,     20844 ,    13713 ,    2825         ,
27 ,    1605 ,     q3 ,    0 ,     2796 ,     20904 ,    14016 ,    2919         ,
27 ,    1645 ,     q3 ,    0 ,     2858 ,     20984 ,    14577 ,    2972         ,
27 ,    1685 ,     q3 ,    0 ,     2978 ,     21708 ,    15054 ,    3096         ,
27 ,    1725 ,     q3 ,    0 ,     2996 ,     21647 ,    15333 ,    3165         ,
27 ,    1765 ,     q3 ,    0 ,     3062 ,     22176 ,    15870 ,    3358         ,
27 ,    1805 ,     q3 ,    0 ,     3176 ,     23608 ,    16215 ,    3468         ,
27 ,    1845 ,     q3 ,    0 ,     3182 ,     24185 ,    16461 ,    3382         ,
27 ,    1885 ,     q3 ,    0 ,     3264 ,     24318 ,    16947 ,    3463         ,
27 ,    1925 ,     q3 ,    0 ,     3356 ,     25913 ,    17133 ,    3531         ,
27 ,    1965 ,     q3 ,    0 ,     3436 ,     26664 ,    17583 ,    3732         ,
27 ,    2005 ,     q3 ,    0 ,     3482 ,     26888 ,    17988 ,    3717         ,
27 ,    2045 ,     q3 ,    0 ,     3584 ,     27340 ,    18570 ,    3832         ,
27 ,    2085 ,     q3 ,    0 ,     3664 ,     29850 ,    18441 ,    3979         ,
27 ,    2125 ,     q3 ,    0 ,     3712 ,     28184 ,    19365 ,    3968         ,
27 ,    2165 ,     q3 ,    0 ,     3812 ,     28589 ,    19809 ,    4084         ,
27 ,    2205 ,     q3 ,    0 ,     3808 ,     30524 ,    19851 ,    4111         ,
27 ,    2245 ,     q3 ,    0 ,     3932 ,     29369 ,    20448 ,    4198         ,
27 ,    2285 ,     q3 ,    0 ,     3942 ,     30862 ,    20778 ,    4284         ,
27 ,    2325 ,     q3 ,    0 ,     4134 ,     32776 ,    21120 ,    4577         ,
27 ,    2365 ,     q3 ,    0 ,     4106 ,     31796 ,    21723 ,    4425         ,
27 ,    2405 ,     q3 ,    0 ,     4240 ,     33744 ,    21936 ,    4692         ,
27 ,    2445 ,     q3 ,    0 ,     4240 ,     34219 ,    22140 ,    4590         ,
27 ,    2485 ,     q3 ,    0 ,     4414 ,     33184 ,    23205 ,    5074         ,
27 ,    2525 ,     q3 ,    0 ,     4402 ,     36236 ,    23097 ,    4797         ,
27 ,    2565 ,     q3 ,    0 ,     4484 ,     36602 ,    23679 ,    4898         ,
27 ,    2605 ,     q3 ,    0 ,     4512 ,     35331 ,    24231 ,    5102         ,
27 ,    2645 ,     q3 ,    0 ,     4602 ,     37940 ,    24357 ,    5082         ,
27 ,    2685 ,     q3 ,    0 ,     4718 ,     36277 ,    25017 ,    5125         ,
27 ,    2725 ,     q3 ,    0 ,     4760 ,     37379 ,    25506 ,    5320         ,
27 ,    2765 ,     q3 ,    0 ,     4908 ,     38453 ,    26085 ,    5448         ,
27 ,    2805 ,     q3 ,    0 ,     4894 ,     39540 ,    26316 ,    5535         ,
27 ,    2845 ,     q3 ,    0 ,     4996 ,     37764 ,    26955 ,    5507         ,
27 ,    2885 ,     q3 ,    0 ,     5016 ,     40447 ,    27330 ,    5603         ,
27 ,    2925 ,     q3 ,    0 ,     5006 ,     41168 ,    27306 ,    5775         ,
27 ,    2965 ,     q3 ,    0 ,     5196 ,     40382 ,    28098 ,    5758         ,
27 ,    3005 ,     q3 ,    0 ,     5248 ,     42098 ,    28521 ,    5827         ,
27 ,    3045 ,     q3 ,    0 ,     5274 ,     41996 ,    28905 ,    5938         ,
27 ,    3085 ,     q3 ,    0 ,     5354 ,     43003 ,    29103 ,    5964         ,
27 ,    3125 ,     q3 ,    0 ,     5500 ,     46357 ,    29472 ,    6142         ,
27 ,    3165 ,     q3 ,    0 ,     5550 ,     43527 ,    30288 ,    6184         ,
27 ,    3205 ,     q3 ,    0 ,     5634 ,     45753 ,    30420 ,    6220         ,
27 ,    3245 ,     q3 ,    0 ,     5670 ,     46577 ,    31026 ,    6371         ,
27 ,    3285 ,     q3 ,    0 ,     5802 ,     46712 ,    31251 ,    6438         ,
27 ,    3325 ,     q3 ,    0 ,     5800 ,     47826 ,    31488 ,    6590         ,
27 ,    3365 ,     q3 ,    0 ,     5876 ,     49985 ,    31815 ,    6919         ,
27 ,    3405 ,     q3 ,    0 ,     5944 ,     47625 ,    32553 ,    6797         ,
27 ,    3445 ,     q3 ,    0 ,     6022 ,     49920 ,    32766 ,    6714         ,
27 ,    3485 ,     q3 ,    0 ,     6034 ,     49443 ,    33195 ,    6925         ,
27 ,    3525 ,     q3 ,    0 ,     6244 ,     50486 ,    33774 ,    7032         ,
27 ,    3565 ,     q3 ,    0 ,     6190 ,     52807 ,    33867 ,    7155         ,
27 ,    3605 ,     q3 ,    0 ,     6336 ,     49948 ,    35214 ,    7294         ,
27 ,    3645 ,     q3 ,    0 ,     6342 ,     51790 ,    35160 ,    7176         ,
27 ,    3685 ,     q3 ,    0 ,     6474 ,     52082 ,    35676 ,    7409         ,
27 ,    3725 ,     q3 ,    0 ,     6482 ,     54645 ,    35604 ,    7424         ,
27 ,    3765 ,     q3 ,    0 ,     6550 ,     55503 ,    36090 ,    7511         ,
27 ,    3805 ,     q3 ,    0 ,     6626 ,     54692 ,    36687 ,    7684         ,
27 ,    3845 ,     q3 ,    0 ,     6696 ,     55052 ,    36978 ,    7682         ,
27 ,    3885 ,     q3 ,    0 ,     6788 ,     54252 ,    37734 ,    7840         ,
27 ,    3925 ,     q3 ,    0 ,     6896 ,     56359 ,    37929 ,    7729         ,
27 ,    3965 ,     q3 ,    0 ,     6992 ,     55818 ,    38619 ,    8013         ,
27 ,    4005 ,     q3 ,    0 ,     6934 ,     56705 ,    39138 ,    8120         ,
27 ,    4045 ,     q3 ,    0 ,     7120 ,     58467 ,    39414 ,    8165         ,
27 ,    4085 ,     q3 ,    0 ,     7148 ,     58566 ,    39978 ,    8272         ,
27 ,    4125 ,     q3 ,    0 ,     7164 ,     58237 ,    40368 ,    8399         ,
27 ,    4165 ,     q3 ,    0 ,     7324 ,     60766 ,    40755 ,    8424         ,
27 ,    4205 ,     q3 ,    0 ,     7372 ,     63184 ,    40758 ,    8413         ,
27 ,    4245 ,     q3 ,    0 ,     7492 ,     63808 ,    41448 ,    8742         ,
27 ,    4285 ,     q3 ,    0 ,     7498 ,     63630 ,    41805 ,    8768         ,
27 ,    4325 ,     q3 ,    0 ,     7544 ,     69546 ,    41496 ,    8871         ,
27 ,    4365 ,     q3 ,    0 ,     7638 ,     66536 ,    42744 ,    8987         ,
27 ,    4405 ,     q3 ,    0 ,     7708 ,     64243 ,    43326 ,    8832         ,
27 ,    4445 ,     q3 ,    0 ,     7810 ,     62952 ,    44061 ,    8996         ,
27 ,    4485 ,     q3 ,    0 ,     7816 ,     63798 ,    44703 ,    9254         ,
27 ,    4525 ,     q3 ,    0 ,     7966 ,     68772 ,    44328 ,    9412         ,
27 ,    4565 ,     q3 ,    0 ,     8002 ,     66596 ,    45105 ,    9379         ,
27 ,    4605 ,     q3 ,    0 ,     8052 ,     66142 ,    45813 ,    9460         ,
27 ,    4645 ,     q3 ,    0 ,     8110 ,     66725 ,    46266 ,    9597         ,
27 ,    4685 ,     q3 ,    0 ,     8188 ,     71855 ,    46032 ,    9618         ,
27 ,    4725 ,     q3 ,    0 ,     8220 ,     70808 ,    46500 ,    9723         ,
27 ,    4765 ,     q3 ,    0 ,     8402 ,     73521 ,    46659 ,    9803         ,
27 ,    4805 ,     q3 ,    0 ,     8354 ,     70021 ,    47751 ,    10044         ,
27 ,    4845 ,     q3 ,    0 ,     8466 ,     70989 ,    48048 ,    9893         ,
27 ,    4885 ,     q3 ,    0 ,     8470 ,     70033 ,    49023 ,    10103         ,
27 ,    4925 ,     q3 ,    0 ,     8596 ,     74245 ,    48861 ,    10342         ,
27 ,    4965 ,     q3 ,    0 ,     8666 ,     72688 ,    49377 ,    10178         ,
27 ,    5 ,     q3 ,    1 ,     6 ,     12 ,    9 ,    4         ,
27 ,    45 ,     q3 ,    1 ,     58 ,     226 ,    87 ,    27         ,
27 ,    85 ,     q3 ,    1 ,     106 ,     496 ,    159 ,    41         ,
27 ,    125 ,     q3 ,    1 ,     126 ,     756 ,    189 ,    56         ,
27 ,    165 ,     q3 ,    1 ,     202 ,     1110 ,    303 ,    79         ,
27 ,    205 ,     q3 ,    1 ,     254 ,     1442 ,    381 ,    103         ,
27 ,    245 ,     q3 ,    1 ,     254 ,     1722 ,    381 ,    108         ,
27 ,    285 ,     q3 ,    1 ,     314 ,     2092 ,    471 ,    135         ,
27 ,    325 ,     q3 ,    1 ,     394 ,     2492 ,    591 ,    158         ,
27 ,    365 ,     q3 ,    1 ,     474 ,     2892 ,    711 ,    184         ,
27 ,    405 ,     q3 ,    1 ,     510 ,     3248 ,    765 ,    206         ,
27 ,    445 ,     q3 ,    1 ,     510 ,     3568 ,    765 ,    217         ,
27 ,    485 ,     q3 ,    1 ,     510 ,     3888 ,    765 ,    226         ,
27 ,    525 ,     q3 ,    1 ,     538 ,     4250 ,    807 ,    247         ,
27 ,    565 ,     q3 ,    1 ,     618 ,     4690 ,    927 ,    273         ,
27 ,    605 ,     q3 ,    1 ,     698 ,     5130 ,    1047 ,    299         ,
27 ,    645 ,     q3 ,    1 ,     778 ,     5570 ,    1167 ,    443         ,
27 ,    685 ,     q3 ,    1 ,     858 ,     6010 ,    1287 ,    924         ,
27 ,    725 ,     q3 ,    1 ,     938 ,     6450 ,    1407 ,    401         ,
27 ,    765 ,     q3 ,    1 ,     1018 ,     6890 ,    1527 ,    623         ,
27 ,    805 ,     q3 ,    1 ,     1022 ,     7254 ,    1533 ,    650         ,
27 ,    845 ,     q3 ,    1 ,     1022 ,     7614 ,    1533 ,    675         ,
27 ,    885 ,     q3 ,    1 ,     1022 ,     7974 ,    1533 ,    563         ,
27 ,    925 ,     q3 ,    1 ,     1022 ,     8334 ,    1533 ,    580         ,
27 ,    965 ,     q3 ,    1 ,     1022 ,     8694 ,    1533 ,    475         ,
27 ,    1005 ,     q3 ,    1 ,     1022 ,     9054 ,    1533 ,    484         ,
27 ,    1045 ,     q3 ,    1 ,     1066 ,     9480 ,    1599 ,    511         ,
27 ,    1085 ,     q3 ,    1 ,     1146 ,     9960 ,    1719 ,    531         ,
27 ,    1125 ,     q3 ,    1 ,     1226 ,     10440 ,    1839 ,    573         ,
27 ,    1165 ,     q3 ,    1 ,     1306 ,     10920 ,    1959 ,    597         ,
27 ,    1205 ,     q3 ,    1 ,     1386 ,     11400 ,    2079 ,    626         ,
27 ,    1245 ,     q3 ,    1 ,     1466 ,     11880 ,    2199 ,    653         ,
27 ,    1285 ,     q3 ,    1 ,     1546 ,     12360 ,    2319 ,    679         ,
27 ,    1325 ,     q3 ,    1 ,     1626 ,     12840 ,    2439 ,    722         ,
27 ,    1365 ,     q3 ,    1 ,     1706 ,     13320 ,    2559 ,    757         ,
27 ,    1405 ,     q3 ,    1 ,     1786 ,     13800 ,    2679 ,    770         ,
27 ,    1445 ,     q3 ,    1 ,     1866 ,     14280 ,    2799 ,    806         ,
27 ,    1485 ,     q3 ,    1 ,     1946 ,     14760 ,    2919 ,    832         ,
27 ,    1525 ,     q3 ,    1 ,     2026 ,     15240 ,    3039 ,    863         ,
27 ,    1565 ,     q3 ,    1 ,     2046 ,     15660 ,    3069 ,    884         ,
27 ,    1605 ,     q3 ,    1 ,     2046 ,     16060 ,    3069 ,    894         ,
27 ,    1645 ,     q3 ,    1 ,     2046 ,     16460 ,    3069 ,    1155         ,
27 ,    1685 ,     q3 ,    1 ,     2046 ,     16860 ,    3069 ,    917         ,
27 ,    1725 ,     q3 ,    1 ,     2046 ,     17260 ,    3069 ,    926         ,
27 ,    1765 ,     q3 ,    1 ,     2046 ,     17660 ,    3069 ,    953         ,
27 ,    1805 ,     q3 ,    1 ,     2046 ,     18060 ,    3069 ,    957         ,
27 ,    1845 ,     q3 ,    1 ,     2046 ,     18460 ,    3069 ,    977         ,
27 ,    1885 ,     q3 ,    1 ,     2046 ,     18860 ,    3069 ,    988         ,
27 ,    1925 ,     q3 ,    1 ,     2046 ,     19260 ,    3069 ,    1043         ,
27 ,    1965 ,     q3 ,    1 ,     2046 ,     19660 ,    3069 ,    1004         ,
27 ,    2005 ,     q3 ,    1 ,     2046 ,     20060 ,    3069 ,    1026         ,
27 ,    2045 ,     q3 ,    1 ,     2046 ,     20460 ,    3069 ,    1069         ,
27 ,    2085 ,     q3 ,    1 ,     2122 ,     20974 ,    3183 ,    1087         ,
27 ,    2125 ,     q3 ,    1 ,     2202 ,     21494 ,    3303 ,    1138         ,
27 ,    2165 ,     q3 ,    1 ,     2282 ,     22014 ,    3423 ,    1141         ,
27 ,    2205 ,     q3 ,    1 ,     2362 ,     22534 ,    3543 ,    1200         ,
27 ,    2245 ,     q3 ,    1 ,     2442 ,     23054 ,    3663 ,    1204         ,
27 ,    2285 ,     q3 ,    1 ,     2522 ,     23574 ,    3783 ,    1228         ,
27 ,    2325 ,     q3 ,    1 ,     2602 ,     24094 ,    3903 ,    1256         ,
27 ,    2365 ,     q3 ,    1 ,     2682 ,     24614 ,    4023 ,    1295         ,
27 ,    2405 ,     q3 ,    1 ,     2762 ,     25134 ,    4143 ,    1318         ,
27 ,    2445 ,     q3 ,    1 ,     2842 ,     25654 ,    4263 ,    1345         ,
27 ,    2485 ,     q3 ,    1 ,     2922 ,     26174 ,    4383 ,    1629         ,
27 ,    2525 ,     q3 ,    1 ,     3002 ,     26694 ,    4503 ,    1392         ,
27 ,    2565 ,     q3 ,    1 ,     3082 ,     27214 ,    4623 ,    1445         ,
27 ,    2605 ,     q3 ,    1 ,     3162 ,     27734 ,    4743 ,    1469         ,
27 ,    2645 ,     q3 ,    1 ,     3242 ,     28254 ,    4863 ,    1648         ,
27 ,    2685 ,     q3 ,    1 ,     3322 ,     28774 ,    4983 ,    1546         ,
27 ,    2725 ,     q3 ,    1 ,     3402 ,     29294 ,    5103 ,    1585         ,
27 ,    2765 ,     q3 ,    1 ,     3482 ,     29814 ,    5223 ,    1732         ,
27 ,    2805 ,     q3 ,    1 ,     3562 ,     30334 ,    5343 ,    1616         ,
27 ,    2845 ,     q3 ,    1 ,     3642 ,     30854 ,    5463 ,    1660         ,
27 ,    2885 ,     q3 ,    1 ,     3722 ,     31374 ,    5583 ,    1703         ,
27 ,    2925 ,     q3 ,    1 ,     3802 ,     31894 ,    5703 ,    1719         ,
27 ,    2965 ,     q3 ,    1 ,     3882 ,     32414 ,    5823 ,    1759         ,
27 ,    3005 ,     q3 ,    1 ,     3962 ,     32934 ,    5943 ,    1792         ,
27 ,    3045 ,     q3 ,    1 ,     4042 ,     33454 ,    6063 ,    1807         ,
27 ,    3085 ,     q3 ,    1 ,     4094 ,     33946 ,    6141 ,    1835         ,
27 ,    3125 ,     q3 ,    1 ,     4094 ,     34386 ,    6141 ,    1860         ,
27 ,    3165 ,     q3 ,    1 ,     4094 ,     34826 ,    6141 ,    2012         ,
27 ,    3205 ,     q3 ,    1 ,     4094 ,     35266 ,    6141 ,    1894         ,
27 ,    3245 ,     q3 ,    1 ,     4094 ,     35706 ,    6141 ,    2049         ,
27 ,    3285 ,     q3 ,    1 ,     4094 ,     36146 ,    6141 ,    1917         ,
27 ,    3325 ,     q3 ,    1 ,     4094 ,     36586 ,    6141 ,    1921         ,
27 ,    3365 ,     q3 ,    1 ,     4094 ,     37026 ,    6141 ,    1944         ,
27 ,    3405 ,     q3 ,    1 ,     4094 ,     37466 ,    6141 ,    1974         ,
27 ,    3445 ,     q3 ,    1 ,     4094 ,     37906 ,    6141 ,    2089         ,
27 ,    3485 ,     q3 ,    1 ,     4094 ,     38346 ,    6141 ,    1987         ,
27 ,    3525 ,     q3 ,    1 ,     4094 ,     38786 ,    6141 ,    2003         ,
27 ,    3565 ,     q3 ,    1 ,     4094 ,     39226 ,    6141 ,    1993         ,
27 ,    3605 ,     q3 ,    1 ,     4094 ,     39666 ,    6141 ,    2041         ,
27 ,    3645 ,     q3 ,    1 ,     4094 ,     40106 ,    6141 ,    2079         ,
27 ,    3685 ,     q3 ,    1 ,     4094 ,     40546 ,    6141 ,    2065         ,
27 ,    3725 ,     q3 ,    1 ,     4094 ,     40986 ,    6141 ,    2088         ,
27 ,    3765 ,     q3 ,    1 ,     4094 ,     41426 ,    6141 ,    2096         ,
27 ,    3805 ,     q3 ,    1 ,     4094 ,     41866 ,    6141 ,    2234         ,
27 ,    3845 ,     q3 ,    1 ,     4094 ,     42306 ,    6141 ,    2241         ,
27 ,    3885 ,     q3 ,    1 ,     4094 ,     42746 ,    6141 ,    2124         ,
27 ,    3925 ,     q3 ,    1 ,     4094 ,     43186 ,    6141 ,    2147         ,
27 ,    3965 ,     q3 ,    1 ,     4094 ,     43626 ,    6141 ,    2151         ,
27 ,    4005 ,     q3 ,    1 ,     4094 ,     44066 ,    6141 ,    2212         ,
27 ,    4045 ,     q3 ,    1 ,     4094 ,     44506 ,    6141 ,    2207         ,
27 ,    4085 ,     q3 ,    1 ,     4094 ,     44946 ,    6141 ,    2205         ,
27 ,    4125 ,     q3 ,    1 ,     4154 ,     45476 ,    6231 ,    2242         ,
27 ,    4165 ,     q3 ,    1 ,     4234 ,     46036 ,    6351 ,    2285         ,
27 ,    4205 ,     q3 ,    1 ,     4314 ,     46596 ,    6471 ,    2324         ,
27 ,    4245 ,     q3 ,    1 ,     4394 ,     47156 ,    6591 ,    2362         ,
27 ,    4285 ,     q3 ,    1 ,     4474 ,     47716 ,    6711 ,    2387         ,
27 ,    4325 ,     q3 ,    1 ,     4554 ,     48276 ,    6831 ,    2412         ,
27 ,    4365 ,     q3 ,    1 ,     4634 ,     48836 ,    6951 ,    2437         ,
27 ,    4405 ,     q3 ,    1 ,     4714 ,     49396 ,    7071 ,    2453         ,
27 ,    4445 ,     q3 ,    1 ,     4794 ,     49956 ,    7191 ,    2629         ,
27 ,    4485 ,     q3 ,    1 ,     4874 ,     50516 ,    7311 ,    2649         ,
27 ,    4525 ,     q3 ,    1 ,     4954 ,     51076 ,    7431 ,    2554         ,
27 ,    4565 ,     q3 ,    1 ,     5034 ,     51636 ,    7551 ,    2607         ,
27 ,    4605 ,     q3 ,    1 ,     5114 ,     52196 ,    7671 ,    2634         ,
27 ,    4645 ,     q3 ,    1 ,     5194 ,     52756 ,    7791 ,    2801         ,
27 ,    4685 ,     q3 ,    1 ,     5274 ,     53316 ,    7911 ,    2828         ,
27 ,    4725 ,     q3 ,    1 ,     5354 ,     53876 ,    8031 ,    2749         ,
27 ,    4765 ,     q3 ,    1 ,     5434 ,     54436 ,    8151 ,    2779         ,
27 ,    4805 ,     q3 ,    1 ,     5514 ,     54996 ,    8271 ,    2803         ,
27 ,    4845 ,     q3 ,    1 ,     5594 ,     55556 ,    8391 ,    2971         ,
27 ,    4885 ,     q3 ,    1 ,     5674 ,     56116 ,    8511 ,    2854         ,
27 ,    4925 ,     q3 ,    1 ,     5754 ,     56676 ,    8631 ,    3139         ,
27 ,    4965 ,     q3 ,    1 ,     5834 ,     57236 ,    8751 ,    2906         ,
27 ,    5 ,     q3 ,    2 ,     6 ,     12 ,    15 ,    5         ,
27 ,    45 ,     q3 ,    2 ,     58 ,     226 ,    153 ,    30         ,
27 ,    85 ,     q3 ,    2 ,     106 ,     496 ,    285 ,    50         ,
27 ,    125 ,     q3 ,    2 ,     126 ,     756 ,    375 ,    70         ,
27 ,    165 ,     q3 ,    2 ,     202 ,     1110 ,    549 ,    95         ,
27 ,    205 ,     q3 ,    2 ,     254 ,     1442 ,    687 ,    117         ,
27 ,    245 ,     q3 ,    2 ,     254 ,     1722 ,    747 ,    129         ,
27 ,    285 ,     q3 ,    2 ,     314 ,     2092 ,    897 ,    158         ,
27 ,    325 ,     q3 ,    2 ,     394 ,     2492 ,    1077 ,    189         ,
27 ,    365 ,     q3 ,    2 ,     474 ,     2892 ,    1257 ,    220         ,
27 ,    405 ,     q3 ,    2 ,     510 ,     3248 ,    1371 ,    245         ,
27 ,    445 ,     q3 ,    2 ,     510 ,     3568 ,    1431 ,    256         ,
27 ,    485 ,     q3 ,    2 ,     510 ,     3888 ,    1491 ,    271         ,
27 ,    525 ,     q3 ,    2 ,     538 ,     4250 ,    1593 ,    294         ,
27 ,    565 ,     q3 ,    2 ,     618 ,     4690 ,    1773 ,    324         ,
27 ,    605 ,     q3 ,    2 ,     698 ,     5130 ,    1953 ,    349         ,
27 ,    645 ,     q3 ,    2 ,     778 ,     5570 ,    2133 ,    390         ,
27 ,    685 ,     q3 ,    2 ,     858 ,     6010 ,    2313 ,    417         ,
27 ,    725 ,     q3 ,    2 ,     938 ,     6450 ,    2493 ,    451         ,
27 ,    765 ,     q3 ,    2 ,     1018 ,     6890 ,    2673 ,    485         ,
27 ,    805 ,     q3 ,    2 ,     1022 ,     7254 ,    2739 ,    498         ,
27 ,    845 ,     q3 ,    2 ,     1022 ,     7614 ,    2799 ,    514         ,
27 ,    885 ,     q3 ,    2 ,     1022 ,     7974 ,    2859 ,    531         ,
27 ,    925 ,     q3 ,    2 ,     1022 ,     8334 ,    2919 ,    549         ,
27 ,    965 ,     q3 ,    2 ,     1022 ,     8694 ,    2979 ,    564         ,
27 ,    1005 ,     q3 ,    2 ,     1022 ,     9054 ,    3039 ,    581         ,
27 ,    1045 ,     q3 ,    2 ,     1066 ,     9480 ,    3165 ,    611         ,
27 ,    1085 ,     q3 ,    2 ,     1146 ,     9960 ,    3345 ,    635         ,
27 ,    1125 ,     q3 ,    2 ,     1226 ,     10440 ,    3525 ,    673         ,
27 ,    1165 ,     q3 ,    2 ,     1306 ,     10920 ,    3705 ,    708         ,
27 ,    1205 ,     q3 ,    2 ,     1386 ,     11400 ,    3885 ,    865         ,
27 ,    1245 ,     q3 ,    2 ,     1466 ,     11880 ,    4065 ,    768         ,
27 ,    1285 ,     q3 ,    2 ,     1546 ,     12360 ,    4245 ,    797         ,
27 ,    1325 ,     q3 ,    2 ,     1626 ,     12840 ,    4425 ,    844         ,
27 ,    1365 ,     q3 ,    2 ,     1706 ,     13320 ,    4605 ,    878         ,
27 ,    1405 ,     q3 ,    2 ,     1786 ,     13800 ,    4785 ,    897         ,
27 ,    1445 ,     q3 ,    2 ,     1866 ,     14280 ,    4965 ,    940         ,
27 ,    1485 ,     q3 ,    2 ,     1946 ,     14760 ,    5145 ,    969         ,
27 ,    1525 ,     q3 ,    2 ,     2026 ,     15240 ,    5325 ,    998         ,
27 ,    1565 ,     q3 ,    2 ,     2046 ,     15660 ,    5415 ,    1027         ,
27 ,    1605 ,     q3 ,    2 ,     2046 ,     16060 ,    5475 ,    1060         ,
27 ,    1645 ,     q3 ,    2 ,     2046 ,     16460 ,    5535 ,    1056         ,
27 ,    1685 ,     q3 ,    2 ,     2046 ,     16860 ,    5595 ,    1074         ,
27 ,    1725 ,     q3 ,    2 ,     2046 ,     17260 ,    5655 ,    1092         ,
27 ,    1765 ,     q3 ,    2 ,     2046 ,     17660 ,    5715 ,    1114         ,
27 ,    1805 ,     q3 ,    2 ,     2046 ,     18060 ,    5775 ,    1125         ,
27 ,    1845 ,     q3 ,    2 ,     2046 ,     18460 ,    5835 ,    1152         ,
27 ,    1885 ,     q3 ,    2 ,     2046 ,     18860 ,    5895 ,    1154         ,
27 ,    1925 ,     q3 ,    2 ,     2046 ,     19260 ,    5955 ,    1174         ,
27 ,    1965 ,     q3 ,    2 ,     2046 ,     19660 ,    6015 ,    1196         ,
27 ,    2005 ,     q3 ,    2 ,     2046 ,     20060 ,    6075 ,    1203         ,
27 ,    2045 ,     q3 ,    2 ,     2046 ,     20460 ,    6135 ,    1230         ,
27 ,    2085 ,     q3 ,    2 ,     2122 ,     20974 ,    6309 ,    1264         ,
27 ,    2125 ,     q3 ,    2 ,     2202 ,     21494 ,    6489 ,    1546         ,
27 ,    2165 ,     q3 ,    2 ,     2282 ,     22014 ,    6669 ,    1335         ,
27 ,    2205 ,     q3 ,    2 ,     2362 ,     22534 ,    6849 ,    1365         ,
27 ,    2245 ,     q3 ,    2 ,     2442 ,     23054 ,    7029 ,    1402         ,
27 ,    2285 ,     q3 ,    2 ,     2522 ,     23574 ,    7209 ,    1440         ,
27 ,    2325 ,     q3 ,    2 ,     2602 ,     24094 ,    7389 ,    1478         ,
27 ,    2365 ,     q3 ,    2 ,     2682 ,     24614 ,    7569 ,    1855         ,
27 ,    2405 ,     q3 ,    2 ,     2762 ,     25134 ,    7749 ,    1549         ,
27 ,    2445 ,     q3 ,    2 ,     2842 ,     25654 ,    7929 ,    1578         ,
27 ,    2485 ,     q3 ,    2 ,     2922 ,     26174 ,    8109 ,    1604         ,
27 ,    2525 ,     q3 ,    2 ,     3002 ,     26694 ,    8289 ,    1774         ,
27 ,    2565 ,     q3 ,    2 ,     3082 ,     27214 ,    8469 ,    1674         ,
27 ,    2605 ,     q3 ,    2 ,     3162 ,     27734 ,    8649 ,    1724         ,
27 ,    2645 ,     q3 ,    2 ,     3242 ,     28254 ,    8829 ,    1766         ,
27 ,    2685 ,     q3 ,    2 ,     3322 ,     28774 ,    9009 ,    1796         ,
27 ,    2725 ,     q3 ,    2 ,     3402 ,     29294 ,    9189 ,    1842         ,
27 ,    2765 ,     q3 ,    2 ,     3482 ,     29814 ,    9369 ,    1863         ,
27 ,    2805 ,     q3 ,    2 ,     3562 ,     30334 ,    9549 ,    1885         ,
27 ,    2845 ,     q3 ,    2 ,     3642 ,     30854 ,    9729 ,    1926         ,
27 ,    2885 ,     q3 ,    2 ,     3722 ,     31374 ,    9909 ,    2098         ,
27 ,    2925 ,     q3 ,    2 ,     3802 ,     31894 ,    10089 ,    1990         ,
27 ,    2965 ,     q3 ,    2 ,     3882 ,     32414 ,    10269 ,    2149         ,
27 ,    3005 ,     q3 ,    2 ,     3962 ,     32934 ,    10449 ,    2064         ,
27 ,    3045 ,     q3 ,    2 ,     4042 ,     33454 ,    10629 ,    2221         ,
27 ,    3085 ,     q3 ,    2 ,     4094 ,     33946 ,    10767 ,    2127         ,
27 ,    3125 ,     q3 ,    2 ,     4094 ,     34386 ,    10827 ,    2289         ,
27 ,    3165 ,     q3 ,    2 ,     4094 ,     34826 ,    10887 ,    2181         ,
27 ,    3205 ,     q3 ,    2 ,     4094 ,     35266 ,    10947 ,    2208         ,
27 ,    3245 ,     q3 ,    2 ,     4094 ,     35706 ,    11007 ,    2529         ,
27 ,    3285 ,     q3 ,    2 ,     4094 ,     36146 ,    11067 ,    2222         ,
27 ,    3325 ,     q3 ,    2 ,     4094 ,     36586 ,    11127 ,    2363         ,
27 ,    3365 ,     q3 ,    2 ,     4094 ,     37026 ,    11187 ,    2460         ,
27 ,    3405 ,     q3 ,    2 ,     4094 ,     37466 ,    11247 ,    2282         ,
27 ,    3445 ,     q3 ,    2 ,     4094 ,     37906 ,    11307 ,    2288         ,
27 ,    3485 ,     q3 ,    2 ,     4094 ,     38346 ,    11367 ,    2310         ,
27 ,    3525 ,     q3 ,    2 ,     4094 ,     38786 ,    11427 ,    2322         ,
27 ,    3565 ,     q3 ,    2 ,     4094 ,     39226 ,    11487 ,    2335         ,
27 ,    3605 ,     q3 ,    2 ,     4094 ,     39666 ,    11547 ,    2711         ,
27 ,    3645 ,     q3 ,    2 ,     4094 ,     40106 ,    11607 ,    2535         ,
27 ,    3685 ,     q3 ,    2 ,     4094 ,     40546 ,    11667 ,    2416         ,
27 ,    3725 ,     q3 ,    2 ,     4094 ,     40986 ,    11727 ,    2441         ,
27 ,    3765 ,     q3 ,    2 ,     4094 ,     41426 ,    11787 ,    2452         ,
27 ,    3805 ,     q3 ,    2 ,     4094 ,     41866 ,    11847 ,    2463         ,
27 ,    3845 ,     q3 ,    2 ,     4094 ,     42306 ,    11907 ,    2609         ,
27 ,    3885 ,     q3 ,    2 ,     4094 ,     42746 ,    11967 ,    2635         ,
27 ,    3925 ,     q3 ,    2 ,     4094 ,     43186 ,    12027 ,    2510         ,
27 ,    3965 ,     q3 ,    2 ,     4094 ,     43626 ,    12087 ,    2511         ,
27 ,    4005 ,     q3 ,    2 ,     4094 ,     44066 ,    12147 ,    2693         ,
27 ,    4045 ,     q3 ,    2 ,     4094 ,     44506 ,    12207 ,    2583         ,
27 ,    4085 ,     q3 ,    2 ,     4094 ,     44946 ,    12267 ,    2579         ,
27 ,    4125 ,     q3 ,    2 ,     4154 ,     45476 ,    12417 ,    2633         ,
27 ,    4165 ,     q3 ,    2 ,     4234 ,     46036 ,    12597 ,    2685         ,
27 ,    4205 ,     q3 ,    2 ,     4314 ,     46596 ,    12777 ,    2706         ,
27 ,    4245 ,     q3 ,    2 ,     4394 ,     47156 ,    12957 ,    3181         ,
27 ,    4285 ,     q3 ,    2 ,     4474 ,     47716 ,    13137 ,    5130         ,
27 ,    4325 ,     q3 ,    2 ,     4554 ,     48276 ,    13317 ,    2947         ,
27 ,    4365 ,     q3 ,    2 ,     4634 ,     48836 ,    13497 ,    2854         ,
27 ,    4405 ,     q3 ,    2 ,     4714 ,     49396 ,    13677 ,    2882         ,
27 ,    4445 ,     q3 ,    2 ,     4794 ,     49956 ,    13857 ,    2904         ,
27 ,    4485 ,     q3 ,    2 ,     4874 ,     50516 ,    14037 ,    2956         ,
27 ,    4525 ,     q3 ,    2 ,     4954 ,     51076 ,    14217 ,    2999         ,
27 ,    4565 ,     q3 ,    2 ,     5034 ,     51636 ,    14397 ,    3159         ,
27 ,    4605 ,     q3 ,    2 ,     5114 ,     52196 ,    14577 ,    3061         ,
27 ,    4645 ,     q3 ,    2 ,     5194 ,     52756 ,    14757 ,    3098         ,
27 ,    4685 ,     q3 ,    2 ,     5274 ,     53316 ,    14937 ,    3428         ,
27 ,    4725 ,     q3 ,    2 ,     5354 ,     53876 ,    15117 ,    3312         ,
27 ,    4765 ,     q3 ,    2 ,     5434 ,     54436 ,    15297 ,    3225         ,
27 ,    4805 ,     q3 ,    2 ,     5514 ,     54996 ,    15477 ,    3254         ,
27 ,    4845 ,     q3 ,    2 ,     5594 ,     55556 ,    15657 ,    3400         ,
27 ,    4885 ,     q3 ,    2 ,     5674 ,     56116 ,    15837 ,    3315         ,
27 ,    4925 ,     q3 ,    2 ,     5754 ,     56676 ,    16017 ,    3702         ,
27 ,    4965 ,     q3 ,    2 ,     5834 ,     57236 ,    16197 ,    3372         ,
27 ,    5 ,     q3 ,    3 ,     8 ,     13 ,    15 ,    5         ,
27 ,    45 ,     q3 ,    3 ,     70 ,     245 ,    312 ,    47         ,
27 ,    85 ,     q3 ,    3 ,     118 ,     529 ,    702 ,    88         ,
27 ,    125 ,     q3 ,    3 ,     212 ,     857 ,    1152 ,    142         ,
27 ,    165 ,     q3 ,    3 ,     226 ,     1141 ,    1551 ,    181         ,
27 ,    205 ,     q3 ,    3 ,     298 ,     1498 ,    2028 ,    236         ,
27 ,    245 ,     q3 ,    3 ,     366 ,     1845 ,    2544 ,    285         ,
27 ,    285 ,     q3 ,    3 ,     452 ,     2281 ,    3018 ,    347         ,
27 ,    325 ,     q3 ,    3 ,     440 ,     2558 ,    3501 ,    390         ,
27 ,    365 ,     q3 ,    3 ,     466 ,     3031 ,    3984 ,    442         ,
27 ,    405 ,     q3 ,    3 ,     596 ,     3396 ,    4653 ,    516         ,
27 ,    445 ,     q3 ,    3 ,     616 ,     3736 ,    5103 ,    559         ,
27 ,    485 ,     q3 ,    3 ,     820 ,     4345 ,    5757 ,    632         ,
27 ,    525 ,     q3 ,    3 ,     842 ,     4539 ,    6249 ,    685         ,
27 ,    565 ,     q3 ,    3 ,     808 ,     4976 ,    6888 ,    739         ,
27 ,    605 ,     q3 ,    3 ,     880 ,     5402 ,    7521 ,    809         ,
27 ,    645 ,     q3 ,    3 ,     862 ,     5778 ,    7980 ,    851         ,
27 ,    685 ,     q3 ,    3 ,     856 ,     6068 ,    8400 ,    887         ,
27 ,    725 ,     q3 ,    3 ,     922 ,     6580 ,    9111 ,    958         ,
27 ,    765 ,     q3 ,    3 ,     914 ,     7067 ,    9567 ,    1012         ,
27 ,    805 ,     q3 ,    3 ,     1218 ,     7538 ,    10482 ,    1121         ,
27 ,    845 ,     q3 ,    3 ,     1232 ,     7975 ,    10968 ,    1173         ,
27 ,    885 ,     q3 ,    3 ,     1450 ,     8439 ,    11688 ,    1253         ,
27 ,    925 ,     q3 ,    3 ,     1500 ,     8813 ,    12261 ,    1313         ,
27 ,    965 ,     q3 ,    3 ,     1490 ,     9240 ,    12816 ,    1372         ,
27 ,    1005 ,     q3 ,    3 ,     1578 ,     10006 ,    13488 ,    1428         ,
27 ,    1045 ,     q3 ,    3 ,     1582 ,     10367 ,    14046 ,    1492         ,
27 ,    1085 ,     q3 ,    3 ,     1586 ,     10568 ,    14706 ,    1548         ,
27 ,    1125 ,     q3 ,    3 ,     1712 ,     11054 ,    15138 ,    1587         ,
27 ,    1165 ,     q3 ,    3 ,     1638 ,     11502 ,    15984 ,    1686         ,
27 ,    1205 ,     q3 ,    3 ,     1828 ,     11967 ,    16659 ,    1763         ,
27 ,    1245 ,     q3 ,    3 ,     1858 ,     12338 ,    17250 ,    1806         ,
27 ,    1285 ,     q3 ,    3 ,     1768 ,     12729 ,    17667 ,    1851         ,
27 ,    1325 ,     q3 ,    3 ,     1848 ,     13106 ,    18153 ,    2022         ,
27 ,    1365 ,     q3 ,    3 ,     1868 ,     13766 ,    19203 ,    2004         ,
27 ,    1405 ,     q3 ,    3 ,     1836 ,     14204 ,    19893 ,    2060         ,
27 ,    1445 ,     q3 ,    3 ,     1864 ,     14590 ,    20196 ,    2092         ,
27 ,    1485 ,     q3 ,    3 ,     1844 ,     14887 ,    20751 ,    2140         ,
27 ,    1525 ,     q3 ,    3 ,     2384 ,     15757 ,    22071 ,    2305         ,
27 ,    1565 ,     q3 ,    3 ,     2370 ,     15995 ,    22461 ,    2349         ,
27 ,    1605 ,     q3 ,    3 ,     2386 ,     16896 ,    23154 ,    2405         ,
27 ,    1645 ,     q3 ,    3 ,     2376 ,     17276 ,    23784 ,    2467         ,
27 ,    1685 ,     q3 ,    3 ,     2420 ,     17365 ,    24315 ,    2528         ,
27 ,    1725 ,     q3 ,    3 ,     2462 ,     17812 ,    24807 ,    2700         ,
27 ,    1765 ,     q3 ,    3 ,     2428 ,     18237 ,    25440 ,    2638         ,
27 ,    1805 ,     q3 ,    3 ,     2404 ,     18661 ,    26109 ,    2814         ,
27 ,    1845 ,     q3 ,    3 ,     2966 ,     19406 ,    27180 ,    2852         ,
27 ,    1885 ,     q3 ,    3 ,     2898 ,     19853 ,    27855 ,    2886         ,
27 ,    1925 ,     q3 ,    3 ,     2984 ,     20454 ,    28668 ,    3083         ,
27 ,    1965 ,     q3 ,    3 ,     3410 ,     21632 ,    29853 ,    3089         ,
27 ,    2005 ,     q3 ,    3 ,     3030 ,     21512 ,    29799 ,    3090         ,
27 ,    2045 ,     q3 ,    3 ,     3562 ,     22351 ,    30993 ,    3243         ,
27 ,    2085 ,     q3 ,    3 ,     3258 ,     22215 ,    31191 ,    3256         ,
27 ,    2125 ,     q3 ,    3 ,     2964 ,     22800 ,    31506 ,    3245         ,
27 ,    2165 ,     q3 ,    3 ,     3618 ,     23506 ,    32583 ,    3505         ,
27 ,    2205 ,     q3 ,    3 ,     3270 ,     23457 ,    32916 ,    3416         ,
27 ,    2245 ,     q3 ,    3 ,     3242 ,     24121 ,    33786 ,    3493         ,
27 ,    2285 ,     q3 ,    3 ,     3242 ,     24418 ,    34350 ,    3548         ,
27 ,    2325 ,     q3 ,    3 ,     3624 ,     25725 ,    35634 ,    3697         ,
27 ,    2365 ,     q3 ,    3 ,     3638 ,     26487 ,    36582 ,    3741         ,
27 ,    2405 ,     q3 ,    3 ,     3250 ,     25701 ,    36021 ,    3736         ,
27 ,    2445 ,     q3 ,    3 ,     3660 ,     26651 ,    37410 ,    4016         ,
27 ,    2485 ,     q3 ,    3 ,     3372 ,     27131 ,    37983 ,    4028         ,
27 ,    2525 ,     q3 ,    3 ,     3708 ,     27767 ,    38397 ,    3942         ,
27 ,    2565 ,     q3 ,    3 ,     3376 ,     27884 ,    39015 ,    4021         ,
27 ,    2605 ,     q3 ,    3 ,     3630 ,     28191 ,    39657 ,    5925         ,
27 ,    2645 ,     q3 ,    3 ,     3370 ,     28598 ,    40011 ,    4101         ,
27 ,    2685 ,     q3 ,    3 ,     3692 ,     29574 ,    41415 ,    4380         ,
27 ,    2725 ,     q3 ,    3 ,     3656 ,     30041 ,    41595 ,    4231         ,
27 ,    2765 ,     q3 ,    3 ,     3366 ,     30413 ,    42681 ,    4329         ,
27 ,    2805 ,     q3 ,    3 ,     3656 ,     30921 ,    43416 ,    4540         ,
27 ,    2845 ,     q3 ,    3 ,     3728 ,     31474 ,    43500 ,    4543         ,
27 ,    2885 ,     q3 ,    3 ,     3668 ,     32079 ,    44895 ,    4597         ,
27 ,    2925 ,     q3 ,    3 ,     3400 ,     32287 ,    45276 ,    4580         ,
27 ,    2965 ,     q3 ,    3 ,     3730 ,     32566 ,    45804 ,    4797         ,
27 ,    3005 ,     q3 ,    3 ,     3668 ,     33264 ,    46653 ,    4784         ,
27 ,    3045 ,     q3 ,    3 ,     3720 ,     35569 ,    47718 ,    4970         ,
27 ,    3085 ,     q3 ,    3 ,     4680 ,     34766 ,    49098 ,    5141         ,
27 ,    3125 ,     q3 ,    3 ,     4756 ,     36170 ,    49638 ,    5109         ,
27 ,    3165 ,     q3 ,    3 ,     4888 ,     35851 ,    50412 ,    5215         ,
27 ,    3205 ,     q3 ,    3 ,     4776 ,     36819 ,    51048 ,    5234         ,
27 ,    3245 ,     q3 ,    3 ,     4882 ,     36874 ,    51714 ,    5413         ,
27 ,    3285 ,     q3 ,    3 ,     4928 ,     37452 ,    52293 ,    7236         ,
27 ,    3325 ,     q3 ,    3 ,     4686 ,     38124 ,    53013 ,    5514         ,
27 ,    3365 ,     q3 ,    3 ,     4806 ,     38093 ,    53523 ,    5686         ,
27 ,    3405 ,     q3 ,    3 ,     4710 ,     38858 ,    53889 ,    5510         ,
27 ,    3445 ,     q3 ,    3 ,     4812 ,     39028 ,    54951 ,    5642         ,
27 ,    3485 ,     q3 ,    3 ,     4898 ,     39551 ,    55449 ,    5631         ,
27 ,    3525 ,     q3 ,    3 ,     4890 ,     39945 ,    56076 ,    5736         ,
27 ,    3565 ,     q3 ,    3 ,     4714 ,     40899 ,    56931 ,    5793         ,
27 ,    3605 ,     q3 ,    3 ,     4906 ,     40708 ,    57333 ,    5840         ,
27 ,    3645 ,     q3 ,    3 ,     5914 ,     42195 ,    59391 ,    6111         ,
27 ,    3685 ,     q3 ,    3 ,     6446 ,     42813 ,    60495 ,    6354         ,
27 ,    3725 ,     q3 ,    3 ,     5934 ,     43397 ,    60891 ,    6334         ,
27 ,    3765 ,     q3 ,    3 ,     6434 ,     43784 ,    61713 ,    6477         ,
27 ,    3805 ,     q3 ,    3 ,     6314 ,     44074 ,    62157 ,    6526         ,
27 ,    3845 ,     q3 ,    3 ,     6628 ,     45666 ,    63498 ,    6616         ,
27 ,    3885 ,     q3 ,    3 ,     6454 ,     45541 ,    64308 ,    6719         ,
27 ,    3925 ,     q3 ,    3 ,     6296 ,     47094 ,    64752 ,    6640         ,
27 ,    3965 ,     q3 ,    3 ,     6442 ,     46261 ,    65247 ,    7428         ,
27 ,    4005 ,     q3 ,    3 ,     5968 ,     46529 ,    65505 ,    6651         ,
27 ,    4045 ,     q3 ,    3 ,     6442 ,     47313 ,    66684 ,    7112         ,
27 ,    4085 ,     q3 ,    3 ,     6444 ,     47631 ,    67092 ,    6875         ,
27 ,    4125 ,     q3 ,    3 ,     6510 ,     48050 ,    67938 ,    7089         ,
27 ,    4165 ,     q3 ,    3 ,     5834 ,     48016 ,    67737 ,    6891         ,
27 ,    4205 ,     q3 ,    3 ,     5968 ,     48942 ,    68787 ,    7090         ,
27 ,    4245 ,     q3 ,    3 ,     6538 ,     49523 ,    69750 ,    7280         ,
27 ,    4285 ,     q3 ,    3 ,     6546 ,     49811 ,    70329 ,    7176         ,
27 ,    4325 ,     q3 ,    3 ,     5970 ,     49882 ,    70353 ,    7263         ,
27 ,    4365 ,     q3 ,    3 ,     6794 ,     51381 ,    71640 ,    7463         ,
27 ,    4405 ,     q3 ,    3 ,     6480 ,     51227 ,    72096 ,    7470         ,
27 ,    4445 ,     q3 ,    3 ,     7082 ,     52930 ,    73611 ,    7676         ,
27 ,    4485 ,     q3 ,    3 ,     7078 ,     53704 ,    74268 ,    7538         ,
27 ,    4525 ,     q3 ,    3 ,     6482 ,     52999 ,    74745 ,    7776         ,
27 ,    4565 ,     q3 ,    3 ,     6530 ,     53306 ,    75432 ,    7794         ,
27 ,    4605 ,     q3 ,    3 ,     6986 ,     54229 ,    76362 ,    7854         ,
27 ,    4645 ,     q3 ,    3 ,     6754 ,     55539 ,    78369 ,    8058         ,
27 ,    4685 ,     q3 ,    3 ,     7422 ,     57121 ,    78621 ,    8174         ,
27 ,    4725 ,     q3 ,    3 ,     7252 ,     56394 ,    79563 ,    8200         ,
27 ,    4765 ,     q3 ,    3 ,     6474 ,     56432 ,    79812 ,    8226         ,
27 ,    4805 ,     q3 ,    3 ,     6562 ,     56905 ,    80385 ,    8458         ,
27 ,    4845 ,     q3 ,    3 ,     6758 ,     57548 ,    80982 ,    8331         ,
27 ,    4885 ,     q3 ,    3 ,     7000 ,     58019 ,    81687 ,    8313         ,
27 ,    4925 ,     q3 ,    3 ,     7012 ,     58635 ,    82542 ,    8660         ,
27 ,    4965 ,     q3 ,    3 ,     6800 ,     59477 ,    83094 ,    8575         ,
27 ,    5 ,     q3 ,    4 ,     8 ,     16 ,    15 ,    6         ,
27 ,    45 ,     q3 ,    4 ,     70 ,     259 ,    270 ,    48         ,
27 ,    85 ,     q3 ,    4 ,     142 ,     601 ,    621 ,    98         ,
27 ,    125 ,     q3 ,    4 ,     186 ,     859 ,    999 ,    140         ,
27 ,    165 ,     q3 ,    4 ,     260 ,     1180 ,    1443 ,    197         ,
27 ,    205 ,     q3 ,    4 ,     288 ,     1566 ,    1848 ,    245         ,
27 ,    245 ,     q3 ,    4 ,     348 ,     1898 ,    2286 ,    297         ,
27 ,    285 ,     q3 ,    4 ,     446 ,     2345 ,    2805 ,    366         ,
27 ,    325 ,     q3 ,    4 ,     490 ,     2686 ,    3225 ,    411         ,
27 ,    365 ,     q3 ,    4 ,     500 ,     3089 ,    3711 ,    581         ,
27 ,    405 ,     q3 ,    4 ,     586 ,     3673 ,    4173 ,    527         ,
27 ,    445 ,     q3 ,    4 ,     600 ,     3773 ,    4689 ,    575         ,
27 ,    485 ,     q3 ,    4 ,     668 ,     4242 ,    5199 ,    636         ,
27 ,    525 ,     q3 ,    4 ,     736 ,     4801 ,    5718 ,    709         ,
27 ,    565 ,     q3 ,    4 ,     816 ,     5029 ,    6231 ,    886         ,
27 ,    605 ,     q3 ,    4 ,     920 ,     6105 ,    6795 ,    818         ,
27 ,    645 ,     q3 ,    4 ,     988 ,     5837 ,    7431 ,    894         ,
27 ,    685 ,     q3 ,    4 ,     1062 ,     6427 ,    7857 ,    953         ,
27 ,    725 ,     q3 ,    4 ,     1096 ,     7161 ,    8406 ,    1023         ,
27 ,    765 ,     q3 ,    4 ,     1168 ,     7706 ,    9003 ,    1084         ,
27 ,    805 ,     q3 ,    4 ,     1196 ,     7595 ,    9567 ,    1142         ,
27 ,    845 ,     q3 ,    4 ,     1172 ,     8575 ,    9900 ,    1290         ,
27 ,    885 ,     q3 ,    4 ,     1232 ,     8816 ,    10533 ,    1244         ,
27 ,    925 ,     q3 ,    4 ,     1306 ,     9084 ,    11238 ,    1341         ,
27 ,    965 ,     q3 ,    4 ,     1258 ,     9588 ,    11583 ,    1711         ,
27 ,    1005 ,     q3 ,    4 ,     1476 ,     10075 ,    12321 ,    1456         ,
27 ,    1045 ,     q3 ,    4 ,     1450 ,     10537 ,    12933 ,    1516         ,
27 ,    1085 ,     q3 ,    4 ,     1632 ,     11113 ,    13557 ,    1610         ,
27 ,    1125 ,     q3 ,    4 ,     1522 ,     11344 ,    14046 ,    1634         ,
27 ,    1165 ,     q3 ,    4 ,     1622 ,     12117 ,    14490 ,    1696         ,
27 ,    1205 ,     q3 ,    4 ,     1652 ,     12671 ,    15096 ,    1870         ,
27 ,    1245 ,     q3 ,    4 ,     1886 ,     12492 ,    15897 ,    1982         ,
27 ,    1285 ,     q3 ,    4 ,     1970 ,     13026 ,    16677 ,    1937         ,
27 ,    1325 ,     q3 ,    4 ,     2090 ,     13772 ,    17265 ,    2233         ,
27 ,    1365 ,     q3 ,    4 ,     2170 ,     14108 ,    17862 ,    2075         ,
27 ,    1405 ,     q3 ,    4 ,     1972 ,     14357 ,    18459 ,    2115         ,
27 ,    1445 ,     q3 ,    4 ,     1972 ,     15290 ,    18678 ,    2148         ,
27 ,    1485 ,     q3 ,    4 ,     2046 ,     15622 ,    19401 ,    2346         ,
27 ,    1525 ,     q3 ,    4 ,     2068 ,     15805 ,    19878 ,    2310         ,
27 ,    1565 ,     q3 ,    4 ,     1884 ,     16836 ,    20196 ,    2421         ,
27 ,    1605 ,     q3 ,    4 ,     2278 ,     17321 ,    21267 ,    2439         ,
27 ,    1645 ,     q3 ,    4 ,     2382 ,     17349 ,    21963 ,    2525         ,
27 ,    1685 ,     q3 ,    4 ,     2276 ,     18046 ,    22464 ,    2551         ,
27 ,    1725 ,     q3 ,    4 ,     2590 ,     18313 ,    23451 ,    2687         ,
27 ,    1765 ,     q3 ,    4 ,     2520 ,     19255 ,    23817 ,    2713         ,
27 ,    1805 ,     q3 ,    4 ,     2326 ,     18775 ,    24360 ,    2876         ,
27 ,    1845 ,     q3 ,    4 ,     2548 ,     19542 ,    25287 ,    2860         ,
27 ,    1885 ,     q3 ,    4 ,     2616 ,     20955 ,    25713 ,    2926         ,
27 ,    1925 ,     q3 ,    4 ,     2740 ,     21091 ,    26289 ,    4837         ,
27 ,    1965 ,     q3 ,    4 ,     2746 ,     21314 ,    27093 ,    3155         ,
27 ,    2005 ,     q3 ,    4 ,     2834 ,     22436 ,    27249 ,    3119         ,
27 ,    2045 ,     q3 ,    4 ,     2878 ,     21847 ,    28203 ,    3183         ,
27 ,    2085 ,     q3 ,    4 ,     2936 ,     23463 ,    28809 ,    3247         ,
27 ,    2125 ,     q3 ,    4 ,     3276 ,     23277 ,    29736 ,    3464         ,
27 ,    2165 ,     q3 ,    4 ,     3452 ,     24056 ,    30348 ,    10237         ,
27 ,    2205 ,     q3 ,    4 ,     3440 ,     24536 ,    30867 ,    3514         ,
27 ,    2245 ,     q3 ,    4 ,     3038 ,     24914 ,    31146 ,    3510         ,
27 ,    2285 ,     q3 ,    4 ,     3390 ,     25908 ,    32247 ,    3651         ,
27 ,    2325 ,     q3 ,    4 ,     3618 ,     25484 ,    33165 ,    3770         ,
27 ,    2365 ,     q3 ,    4 ,     3968 ,     26124 ,    33936 ,    3856         ,
27 ,    2405 ,     q3 ,    4 ,     3532 ,     26732 ,    33915 ,    3956         ,
27 ,    2445 ,     q3 ,    4 ,     3632 ,     26976 ,    34746 ,    4024         ,
27 ,    2485 ,     q3 ,    4 ,     3534 ,     28230 ,    35421 ,    3988         ,
27 ,    2525 ,     q3 ,    4 ,     3882 ,     29428 ,    36219 ,    4079         ,
27 ,    2565 ,     q3 ,    4 ,     3858 ,     28188 ,    37035 ,    6027         ,
27 ,    2605 ,     q3 ,    4 ,     4214 ,     29368 ,    37770 ,    4280         ,
27 ,    2645 ,     q3 ,    4 ,     4046 ,     30293 ,    38016 ,    4307         ,
27 ,    2685 ,     q3 ,    4 ,     4216 ,     29678 ,    39015 ,    4517         ,
27 ,    2725 ,     q3 ,    4 ,     4080 ,     32153 ,    39477 ,    4568         ,
27 ,    2765 ,     q3 ,    4 ,     3994 ,     31403 ,    40086 ,    4531         ,
27 ,    2805 ,     q3 ,    4 ,     4414 ,     31980 ,    40866 ,    4711         ,
27 ,    2845 ,     q3 ,    4 ,     4146 ,     33474 ,    41529 ,    4656         ,
27 ,    2885 ,     q3 ,    4 ,     3846 ,     33434 ,    41829 ,    4744         ,
27 ,    2925 ,     q3 ,    4 ,     3902 ,     33021 ,    42558 ,    4755         ,
27 ,    2965 ,     q3 ,    4 ,     4356 ,     34015 ,    43458 ,    4857         ,
27 ,    3005 ,     q3 ,    4 ,     4368 ,     33700 ,    44304 ,    5255         ,
27 ,    3045 ,     q3 ,    4 ,     4706 ,     34826 ,    44742 ,    5022         ,
27 ,    3085 ,     q3 ,    4 ,     4230 ,     35722 ,    45195 ,    5021         ,
27 ,    3125 ,     q3 ,    4 ,     4574 ,     35653 ,    46146 ,    5279         ,
27 ,    3165 ,     q3 ,    4 ,     4480 ,     35984 ,    46956 ,    5195         ,
27 ,    3205 ,     q3 ,    4 ,     4658 ,     36747 ,    47442 ,    5287         ,
27 ,    3245 ,     q3 ,    4 ,     4554 ,     37280 ,    48027 ,    5678         ,
27 ,    3285 ,     q3 ,    4 ,     4498 ,     36840 ,    48735 ,    5505         ,
27 ,    3325 ,     q3 ,    4 ,     4706 ,     39658 ,    49296 ,    5608         ,
27 ,    3365 ,     q3 ,    4 ,     4918 ,     38978 ,    49866 ,    5864         ,
27 ,    3405 ,     q3 ,    4 ,     5152 ,     40147 ,    50796 ,    7553         ,
27 ,    3445 ,     q3 ,    4 ,     5270 ,     41172 ,    52002 ,    6106         ,
27 ,    3485 ,     q3 ,    4 ,     5132 ,     40621 ,    52302 ,    5934         ,
27 ,    3525 ,     q3 ,    4 ,     4974 ,     40672 ,    52695 ,    5941         ,
27 ,    3565 ,     q3 ,    4 ,     4740 ,     41418 ,    53250 ,    6028         ,
27 ,    3605 ,     q3 ,    4 ,     5614 ,     43913 ,    54111 ,    6166         ,
27 ,    3645 ,     q3 ,    4 ,     5530 ,     42753 ,    55131 ,    6385         ,
27 ,    3685 ,     q3 ,    4 ,     4834 ,     42609 ,    55353 ,    6129         ,
27 ,    3725 ,     q3 ,    4 ,     5410 ,     45058 ,    56394 ,    6253         ,
27 ,    3765 ,     q3 ,    4 ,     6170 ,     46170 ,    56886 ,    6490         ,
27 ,    3805 ,     q3 ,    4 ,     5242 ,     45480 ,    57162 ,    6294         ,
27 ,    3845 ,     q3 ,    4 ,     5344 ,     44785 ,    58617 ,    6603         ,
27 ,    3885 ,     q3 ,    4 ,     5164 ,     46507 ,    58719 ,    6538         ,
27 ,    3925 ,     q3 ,    4 ,     5706 ,     47227 ,    59532 ,    6580         ,
27 ,    3965 ,     q3 ,    4 ,     5702 ,     47140 ,    60534 ,    6821         ,
27 ,    4005 ,     q3 ,    4 ,     5652 ,     47644 ,    60720 ,    6881         ,
27 ,    4045 ,     q3 ,    4 ,     6252 ,     49687 ,    61857 ,    6935         ,
27 ,    4085 ,     q3 ,    4 ,     6304 ,     48723 ,    63180 ,    7138         ,
27 ,    4125 ,     q3 ,    4 ,     5832 ,     49053 ,    63696 ,    7146         ,
27 ,    4165 ,     q3 ,    4 ,     6180 ,     50042 ,    63969 ,    7087         ,
27 ,    4205 ,     q3 ,    4 ,     5798 ,     51764 ,    63798 ,    9314         ,
27 ,    4245 ,     q3 ,    4 ,     6778 ,     51647 ,    65928 ,    7419         ,
27 ,    4285 ,     q3 ,    4 ,     6164 ,     50994 ,    65898 ,    7314         ,
27 ,    4325 ,     q3 ,    4 ,     6448 ,     50999 ,    67083 ,    9721         ,
27 ,    4365 ,     q3 ,    4 ,     6384 ,     52285 ,    67581 ,    7538         ,
27 ,    4405 ,     q3 ,    4 ,     6736 ,     52914 ,    68391 ,    7692         ,
27 ,    4445 ,     q3 ,    4 ,     6810 ,     53082 ,    69108 ,    7791         ,
27 ,    4485 ,     q3 ,    4 ,     6460 ,     53394 ,    69729 ,    7787         ,
27 ,    4525 ,     q3 ,    4 ,     7376 ,     54148 ,    71208 ,    7990         ,
27 ,    4565 ,     q3 ,    4 ,     7014 ,     55097 ,    71220 ,    8016         ,
27 ,    4605 ,     q3 ,    4 ,     6370 ,     54950 ,    70956 ,    7949         ,
27 ,    4645 ,     q3 ,    4 ,     6514 ,     55598 ,    72255 ,    7891         ,
27 ,    4685 ,     q3 ,    4 ,     6812 ,     56219 ,    73383 ,    8163         ,
27 ,    4725 ,     q3 ,    4 ,     6744 ,     56905 ,    73395 ,    8222         ,
27 ,    4765 ,     q3 ,    4 ,     6532 ,     59858 ,    74070 ,    8267         ,
27 ,    4805 ,     q3 ,    4 ,     6572 ,     59044 ,    74937 ,    8316         ,
27 ,    4845 ,     q3 ,    4 ,     7234 ,     58043 ,    76056 ,    8439         ,
27 ,    4885 ,     q3 ,    4 ,     7832 ,     60935 ,    77037 ,    8617         ,
27 ,    4925 ,     q3 ,    4 ,     7512 ,     58878 ,    77928 ,    8930         ,
27 ,    4965 ,     q3 ,    4 ,     7392 ,     60198 ,    78258 ,    9381         ,


