SEED ,  SIZE ,  ALG ,  TYPE ,  CALLS ,  CMP ,     MOVE ,    TIME              ,
27 ,    5 ,     q3i ,    0 ,     4 ,     10 ,    14 ,    5         ,
27 ,    45 ,     q3i ,    0 ,     4 ,     351 ,    377 ,    47         ,
27 ,    85 ,     q3i ,    0 ,     7 ,     851 ,    884 ,    107         ,
27 ,    125 ,     q3i ,    0 ,     10 ,     1466 ,    1461 ,    182         ,
27 ,    165 ,     q3i ,    0 ,     13 ,     2131 ,    2121 ,    261         ,
27 ,    205 ,     q3i ,    0 ,     16 ,     2544 ,    2539 ,    316         ,
27 ,    245 ,     q3i ,    0 ,     25 ,     2912 ,    2840 ,    366         ,
27 ,    285 ,     q3i ,    0 ,     34 ,     3634 ,    3280 ,    430         ,
27 ,    325 ,     q3i ,    0 ,     34 ,     4234 ,    3977 ,    508         ,
27 ,    365 ,     q3i ,    0 ,     31 ,     4850 ,    4701 ,    592         ,
27 ,    405 ,     q3i ,    0 ,     43 ,     5096 ,    4833 ,    756         ,
27 ,    445 ,     q3i ,    0 ,     43 ,     6028 ,    5678 ,    723         ,
27 ,    485 ,     q3i ,    0 ,     46 ,     6943 ,    6498 ,    845         ,
27 ,    525 ,     q3i ,    0 ,     52 ,     6866 ,    6607 ,    963         ,
27 ,    565 ,     q3i ,    0 ,     49 ,     7772 ,    7301 ,    937         ,
27 ,    605 ,     q3i ,    0 ,     58 ,     8599 ,    8148 ,    1045         ,
27 ,    645 ,     q3i ,    0 ,     75 ,     9472 ,    8070 ,    1084         ,
27 ,    685 ,     q3i ,    0 ,     73 ,     9412 ,    8647 ,    1132         ,
27 ,    725 ,     q3i ,    0 ,     67 ,     11186 ,    10372 ,    1325         ,
27 ,    765 ,     q3i ,    0 ,     73 ,     11593 ,    10659 ,    1377         ,
27 ,    805 ,     q3i ,    0 ,     82 ,     11675 ,    10751 ,    1413         ,
27 ,    845 ,     q3i ,    0 ,     88 ,     12157 ,    11541 ,    1503         ,
27 ,    885 ,     q3i ,    0 ,     88 ,     12515 ,    11282 ,    1493         ,
27 ,    925 ,     q3i ,    0 ,     94 ,     13630 ,    12732 ,    1778         ,
27 ,    965 ,     q3i ,    0 ,     109 ,     14526 ,    12772 ,    1692         ,
27 ,    1005 ,     q3i ,    0 ,     97 ,     15650 ,    14039 ,    1852         ,
27 ,    1045 ,     q3i ,    0 ,     106 ,     16187 ,    14573 ,    2022         ,
27 ,    1085 ,     q3i ,    0 ,     97 ,     17084 ,    15209 ,    1989         ,
27 ,    1125 ,     q3i ,    0 ,     115 ,     17954 ,    15454 ,    2049         ,
27 ,    1165 ,     q3i ,    0 ,     106 ,     18129 ,    16525 ,    2141         ,
27 ,    1205 ,     q3i ,    0 ,     103 ,     19671 ,    17499 ,    2401         ,
27 ,    1245 ,     q3i ,    0 ,     127 ,     19151 ,    17239 ,    2280         ,
27 ,    1285 ,     q3i ,    0 ,     145 ,     19994 ,    17501 ,    2345         ,
27 ,    1325 ,     q3i ,    0 ,     136 ,     20839 ,    18541 ,    2453         ,
27 ,    1365 ,     q3i ,    0 ,     160 ,     20654 ,    18279 ,    2449         ,
27 ,    1405 ,     q3i ,    0 ,     132 ,     22271 ,    20375 ,    2672         ,
27 ,    1445 ,     q3i ,    0 ,     144 ,     22104 ,    20340 ,    2701         ,
27 ,    1485 ,     q3i ,    0 ,     145 ,     24463 ,    21537 ,    2841         ,
27 ,    1525 ,     q3i ,    0 ,     151 ,     23863 ,    21585 ,    2863         ,
27 ,    1565 ,     q3i ,    0 ,     151 ,     26545 ,    23007 ,    3031         ,
27 ,    1605 ,     q3i ,    0 ,     157 ,     26152 ,    22895 ,    3047         ,
27 ,    1645 ,     q3i ,    0 ,     166 ,     26237 ,    23478 ,    3106         ,
27 ,    1685 ,     q3i ,    0 ,     190 ,     26707 ,    23870 ,    3201         ,
27 ,    1725 ,     q3i ,    0 ,     175 ,     26876 ,    24429 ,    3274         ,
27 ,    1765 ,     q3i ,    0 ,     181 ,     27509 ,    25287 ,    3473         ,
27 ,    1805 ,     q3i ,    0 ,     199 ,     28892 ,    25386 ,    4029         ,
27 ,    1845 ,     q3i ,    0 ,     184 ,     30176 ,    26511 ,    3552         ,
27 ,    1885 ,     q3i ,    0 ,     190 ,     30906 ,    27662 ,    3686         ,
27 ,    1925 ,     q3i ,    0 ,     196 ,     32672 ,    28096 ,    3890         ,
27 ,    1965 ,     q3i ,    0 ,     214 ,     32583 ,    27741 ,    3848         ,
27 ,    2005 ,     q3i ,    0 ,     199 ,     33633 ,    29027 ,    3881         ,
27 ,    2045 ,     q3i ,    0 ,     210 ,     33659 ,    29487 ,    3980         ,
27 ,    2085 ,     q3i ,    0 ,     214 ,     36587 ,    30101 ,    4165         ,
27 ,    2125 ,     q3i ,    0 ,     223 ,     34250 ,    30247 ,    5994         ,
27 ,    2165 ,     q3i ,    0 ,     214 ,     35795 ,    31925 ,    4394         ,
27 ,    2205 ,     q3i ,    0 ,     220 ,     37838 ,    32218 ,    4318         ,
27 ,    2245 ,     q3i ,    0 ,     220 ,     37075 ,    33287 ,    4444         ,
27 ,    2285 ,     q3i ,    0 ,     237 ,     37573 ,    32793 ,    4435         ,
27 ,    2325 ,     q3i ,    0 ,     250 ,     39277 ,    32990 ,    4563         ,
27 ,    2365 ,     q3i ,    0 ,     232 ,     39689 ,    34909 ,    4796         ,
27 ,    2405 ,     q3i ,    0 ,     259 ,     40519 ,    33811 ,    5378         ,
27 ,    2445 ,     q3i ,    0 ,     247 ,     41457 ,    34958 ,    4733         ,
27 ,    2485 ,     q3i ,    0 ,     247 ,     41620 ,    37260 ,    5117         ,
27 ,    2525 ,     q3i ,    0 ,     271 ,     43819 ,    36250 ,    4951         ,
27 ,    2565 ,     q3i ,    0 ,     259 ,     44614 ,    37450 ,    5237         ,
27 ,    2605 ,     q3i ,    0 ,     259 ,     44132 ,    38986 ,    5365         ,
27 ,    2645 ,     q3i ,    0 ,     274 ,     45747 ,    37911 ,    5247         ,
27 ,    2685 ,     q3i ,    0 ,     268 ,     44468 ,    39298 ,    5332         ,
27 ,    2725 ,     q3i ,    0 ,     287 ,     45497 ,    39594 ,    5482         ,
27 ,    2765 ,     q3i ,    0 ,     298 ,     47698 ,    41594 ,    5767         ,
27 ,    2805 ,     q3i ,    0 ,     301 ,     48595 ,    41524 ,    5659         ,
27 ,    2845 ,     q3i ,    0 ,     283 ,     47672 ,    43007 ,    5823         ,
27 ,    2885 ,     q3i ,    0 ,     301 ,     49169 ,    42576 ,    5830         ,
27 ,    2925 ,     q3i ,    0 ,     300 ,     50679 ,    43639 ,    5910         ,
27 ,    2965 ,     q3i ,    0 ,     301 ,     49966 ,    44279 ,    6112         ,
27 ,    3005 ,     q3i ,    0 ,     295 ,     52470 ,    45507 ,    6263         ,
27 ,    3045 ,     q3i ,    0 ,     312 ,     51554 ,    45417 ,    6317         ,
27 ,    3085 ,     q3i ,    0 ,     295 ,     53322 ,    46488 ,    6422         ,
27 ,    3125 ,     q3i ,    0 ,     304 ,     57196 ,    47283 ,    6760         ,
27 ,    3165 ,     q3i ,    0 ,     311 ,     54835 ,    48615 ,    6672         ,
27 ,    3205 ,     q3i ,    0 ,     343 ,     55332 ,    47042 ,    6537         ,
27 ,    3245 ,     q3i ,    0 ,     325 ,     56698 ,    48549 ,    6633         ,
27 ,    3285 ,     q3i ,    0 ,     328 ,     56704 ,    49159 ,    6722         ,
27 ,    3325 ,     q3i ,    0 ,     340 ,     58182 ,    49286 ,    6734         ,
27 ,    3365 ,     q3i ,    0 ,     349 ,     60585 ,    50026 ,    7291         ,
27 ,    3405 ,     q3i ,    0 ,     328 ,     58490 ,    51210 ,    7333         ,
27 ,    3445 ,     q3i ,    0 ,     370 ,     59989 ,    50533 ,    7060         ,
27 ,    3485 ,     q3i ,    0 ,     357 ,     60879 ,    52341 ,    7119         ,
27 ,    3525 ,     q3i ,    0 ,     352 ,     62685 ,    53878 ,    7395         ,
27 ,    3565 ,     q3i ,    0 ,     363 ,     64883 ,    54180 ,    7553         ,
27 ,    3605 ,     q3i ,    0 ,     363 ,     61751 ,    55042 ,    7594         ,
27 ,    3645 ,     q3i ,    0 ,     370 ,     63869 ,    55527 ,    7675         ,
27 ,    3685 ,     q3i ,    0 ,     382 ,     63859 ,    55813 ,    9582         ,
27 ,    3725 ,     q3i ,    0 ,     400 ,     64829 ,    54011 ,    7425         ,
27 ,    3765 ,     q3i ,    0 ,     394 ,     66133 ,    55322 ,    7739         ,
27 ,    3805 ,     q3i ,    0 ,     391 ,     67439 ,    58002 ,    7949         ,
27 ,    3845 ,     q3i ,    0 ,     391 ,     66817 ,    57317 ,    8246         ,
27 ,    3885 ,     q3i ,    0 ,     406 ,     66122 ,    58579 ,    8148         ,
27 ,    3925 ,     q3i ,    0 ,     388 ,     69331 ,    59724 ,    8263         ,
27 ,    3965 ,     q3i ,    0 ,     423 ,     67499 ,    59174 ,    8278         ,
27 ,    4005 ,     q3i ,    0 ,     388 ,     70555 ,    62195 ,    8615         ,
27 ,    4045 ,     q3i ,    0 ,     378 ,     71671 ,    62145 ,    8432         ,
27 ,    4085 ,     q3i ,    0 ,     418 ,     71560 ,    62136 ,    8642         ,
27 ,    4125 ,     q3i ,    0 ,     430 ,     71248 ,    62520 ,    8748         ,
27 ,    4165 ,     q3i ,    0 ,     418 ,     72909 ,    62259 ,    8670         ,
27 ,    4205 ,     q3i ,    0 ,     421 ,     76523 ,    63509 ,    8846         ,
27 ,    4245 ,     q3i ,    0 ,     426 ,     77208 ,    64632 ,    9061         ,
27 ,    4285 ,     q3i ,    0 ,     435 ,     77170 ,    65140 ,    9069         ,
27 ,    4325 ,     q3i ,    0 ,     433 ,     83136 ,    64621 ,    11998         ,
27 ,    4365 ,     q3i ,    0 ,     435 ,     79567 ,    65769 ,    9299         ,
27 ,    4405 ,     q3i ,    0 ,     439 ,     78976 ,    68486 ,    9475         ,
27 ,    4445 ,     q3i ,    0 ,     466 ,     76985 ,    67988 ,    9515         ,
27 ,    4485 ,     q3i ,    0 ,     454 ,     78973 ,    69627 ,    9646         ,
27 ,    4525 ,     q3i ,    0 ,     451 ,     84057 ,    69888 ,    9747         ,
27 ,    4565 ,     q3i ,    0 ,     507 ,     78851 ,    67361 ,    9529         ,
27 ,    4605 ,     q3i ,    0 ,     454 ,     81730 ,    71964 ,    9952         ,
27 ,    4645 ,     q3i ,    0 ,     471 ,     82763 ,    72780 ,    10115         ,
27 ,    4685 ,     q3i ,    0 ,     502 ,     86505 ,    71107 ,    9998         ,
27 ,    4725 ,     q3i ,    0 ,     504 ,     86206 ,    72218 ,    10151         ,
27 ,    4765 ,     q3i ,    0 ,     496 ,     87628 ,    71739 ,    10078         ,
27 ,    4805 ,     q3i ,    0 ,     490 ,     86210 ,    74589 ,    10451         ,
27 ,    4845 ,     q3i ,    0 ,     490 ,     85674 ,    73641 ,    10275         ,
27 ,    4885 ,     q3i ,    0 ,     487 ,     86285 ,    75931 ,    11277         ,
27 ,    4925 ,     q3i ,    0 ,     520 ,     90016 ,    75323 ,    10810         ,
27 ,    4965 ,     q3i ,    0 ,     523 ,     88968 ,    76694 ,    10743         ,
27 ,    5 ,     q3i ,    1 ,     4 ,     8 ,    7 ,    5         ,
27 ,    45 ,     q3i ,    1 ,     4 ,     88 ,    87 ,    14         ,
27 ,    85 ,     q3i ,    1 ,     4 ,     168 ,    167 ,    19         ,
27 ,    125 ,     q3i ,    1 ,     10 ,     370 ,    245 ,    32         ,
27 ,    165 ,     q3i ,    1 ,     10 ,     490 ,    325 ,    41         ,
27 ,    205 ,     q3i ,    1 ,     10 ,     610 ,    405 ,    49         ,
27 ,    245 ,     q3i ,    1 ,     22 ,     968 ,    481 ,    71         ,
27 ,    285 ,     q3i ,    1 ,     22 ,     1128 ,    561 ,    80         ,
27 ,    325 ,     q3i ,    1 ,     22 ,     1288 ,    641 ,    90         ,
27 ,    365 ,     q3i ,    1 ,     22 ,     1448 ,    721 ,    100         ,
27 ,    405 ,     q3i ,    1 ,     22 ,     1608 ,    801 ,    110         ,
27 ,    445 ,     q3i ,    1 ,     46 ,     2198 ,    873 ,    139         ,
27 ,    485 ,     q3i ,    1 ,     46 ,     2398 ,    953 ,    152         ,
27 ,    525 ,     q3i ,    1 ,     46 ,     2598 ,    1033 ,    161         ,
27 ,    565 ,     q3i ,    1 ,     46 ,     2798 ,    1113 ,    176         ,
27 ,    605 ,     q3i ,    1 ,     46 ,     2998 ,    1193 ,    186         ,
27 ,    645 ,     q3i ,    1 ,     46 ,     3198 ,    1273 ,    197         ,
27 ,    685 ,     q3i ,    1 ,     46 ,     3398 ,    1353 ,    208         ,
27 ,    725 ,     q3i ,    1 ,     46 ,     3598 ,    1433 ,    218         ,
27 ,    765 ,     q3i ,    1 ,     46 ,     3798 ,    1513 ,    233         ,
27 ,    805 ,     q3i ,    1 ,     46 ,     3998 ,    1593 ,    243         ,
27 ,    845 ,     q3i ,    1 ,     88 ,     4912 ,    1659 ,    285         ,
27 ,    885 ,     q3i ,    1 ,     94 ,     5252 ,    1737 ,    301         ,
27 ,    925 ,     q3i ,    1 ,     94 ,     5492 ,    1817 ,    317         ,
27 ,    965 ,     q3i ,    1 ,     94 ,     5732 ,    1897 ,    343         ,
27 ,    1005 ,     q3i ,    1 ,     94 ,     5972 ,    1977 ,    477         ,
27 ,    1045 ,     q3i ,    1 ,     94 ,     6212 ,    2057 ,    353         ,
27 ,    1085 ,     q3i ,    1 ,     94 ,     6452 ,    2137 ,    468         ,
27 ,    1125 ,     q3i ,    1 ,     94 ,     6692 ,    2217 ,    382         ,
27 ,    1165 ,     q3i ,    1 ,     94 ,     6932 ,    2297 ,    393         ,
27 ,    1205 ,     q3i ,    1 ,     94 ,     7172 ,    2377 ,    405         ,
27 ,    1245 ,     q3i ,    1 ,     94 ,     7412 ,    2457 ,    417         ,
27 ,    1285 ,     q3i ,    1 ,     94 ,     7652 ,    2537 ,    429         ,
27 ,    1325 ,     q3i ,    1 ,     94 ,     7892 ,    2617 ,    451         ,
27 ,    1365 ,     q3i ,    1 ,     94 ,     8132 ,    2697 ,    476         ,
27 ,    1405 ,     q3i ,    1 ,     94 ,     8372 ,    2777 ,    471         ,
27 ,    1445 ,     q3i ,    1 ,     94 ,     8612 ,    2857 ,    480         ,
27 ,    1485 ,     q3i ,    1 ,     94 ,     8852 ,    2937 ,    502         ,
27 ,    1525 ,     q3i ,    1 ,     94 ,     9092 ,    3017 ,    513         ,
27 ,    1565 ,     q3i ,    1 ,     94 ,     9332 ,    3097 ,    520         ,
27 ,    1605 ,     q3i ,    1 ,     94 ,     9572 ,    3177 ,    539         ,
27 ,    1645 ,     q3i ,    1 ,     94 ,     9812 ,    3257 ,    558         ,
27 ,    1685 ,     q3i ,    1 ,     160 ,     11174 ,    3315 ,    606         ,
27 ,    1725 ,     q3i ,    1 ,     190 ,     11954 ,    3385 ,    648         ,
27 ,    1765 ,     q3i ,    1 ,     190 ,     12234 ,    3465 ,    658         ,
27 ,    1805 ,     q3i ,    1 ,     190 ,     12514 ,    3545 ,    672         ,
27 ,    1845 ,     q3i ,    1 ,     190 ,     12794 ,    3625 ,    821         ,
27 ,    1885 ,     q3i ,    1 ,     190 ,     13074 ,    3705 ,    722         ,
27 ,    1925 ,     q3i ,    1 ,     190 ,     13354 ,    3785 ,    723         ,
27 ,    1965 ,     q3i ,    1 ,     190 ,     13634 ,    3865 ,    731         ,
27 ,    2005 ,     q3i ,    1 ,     190 ,     13914 ,    3945 ,    764         ,
27 ,    2045 ,     q3i ,    1 ,     190 ,     14194 ,    4025 ,    766         ,
27 ,    2085 ,     q3i ,    1 ,     190 ,     14474 ,    4105 ,    778         ,
27 ,    2125 ,     q3i ,    1 ,     190 ,     14754 ,    4185 ,    827         ,
27 ,    2165 ,     q3i ,    1 ,     190 ,     15034 ,    4265 ,    798         ,
27 ,    2205 ,     q3i ,    1 ,     190 ,     15314 ,    4345 ,    846         ,
27 ,    2245 ,     q3i ,    1 ,     190 ,     15594 ,    4425 ,    861         ,
27 ,    2285 ,     q3i ,    1 ,     190 ,     15874 ,    4505 ,    871         ,
27 ,    2325 ,     q3i ,    1 ,     190 ,     16154 ,    4585 ,    927         ,
27 ,    2365 ,     q3i ,    1 ,     190 ,     16434 ,    4665 ,    1064         ,
27 ,    2405 ,     q3i ,    1 ,     190 ,     16714 ,    4745 ,    888         ,
27 ,    2445 ,     q3i ,    1 ,     190 ,     16994 ,    4825 ,    896         ,
27 ,    2485 ,     q3i ,    1 ,     190 ,     17274 ,    4905 ,    1052         ,
27 ,    2525 ,     q3i ,    1 ,     190 ,     17554 ,    4985 ,    944         ,
27 ,    2565 ,     q3i ,    1 ,     190 ,     17834 ,    5065 ,    943         ,
27 ,    2605 ,     q3i ,    1 ,     190 ,     18114 ,    5145 ,    952         ,
27 ,    2645 ,     q3i ,    1 ,     190 ,     18394 ,    5225 ,    981         ,
27 ,    2685 ,     q3i ,    1 ,     190 ,     18674 ,    5305 ,    1006         ,
27 ,    2725 ,     q3i ,    1 ,     190 ,     18954 ,    5385 ,    1003         ,
27 ,    2765 ,     q3i ,    1 ,     190 ,     19234 ,    5465 ,    1146         ,
27 ,    2805 ,     q3i ,    1 ,     190 ,     19514 ,    5545 ,    1034         ,
27 ,    2845 ,     q3i ,    1 ,     190 ,     19794 ,    5625 ,    1068         ,
27 ,    2885 ,     q3i ,    1 ,     190 ,     20074 ,    5705 ,    1195         ,
27 ,    2925 ,     q3i ,    1 ,     190 ,     20354 ,    5785 ,    1086         ,
27 ,    2965 ,     q3i ,    1 ,     190 ,     20634 ,    5865 ,    1105         ,
27 ,    3005 ,     q3i ,    1 ,     190 ,     20914 ,    5945 ,    1100         ,
27 ,    3045 ,     q3i ,    1 ,     190 ,     21194 ,    6025 ,    1134         ,
27 ,    3085 ,     q3i ,    1 ,     190 ,     21474 ,    6105 ,    1128         ,
27 ,    3125 ,     q3i ,    1 ,     190 ,     21754 ,    6185 ,    1319         ,
27 ,    3165 ,     q3i ,    1 ,     190 ,     22034 ,    6265 ,    1167         ,
27 ,    3205 ,     q3i ,    1 ,     190 ,     22314 ,    6345 ,    1173         ,
27 ,    3245 ,     q3i ,    1 ,     190 ,     22594 ,    6425 ,    1196         ,
27 ,    3285 ,     q3i ,    1 ,     190 ,     22874 ,    6505 ,    1338         ,
27 ,    3325 ,     q3i ,    1 ,     190 ,     23154 ,    6585 ,    1231         ,
27 ,    3365 ,     q3i ,    1 ,     304 ,     25372 ,    6627 ,    1525         ,
27 ,    3405 ,     q3i ,    1 ,     382 ,     26992 ,    6681 ,    1518         ,
27 ,    3445 ,     q3i ,    1 ,     382 ,     27312 ,    6761 ,    1406         ,
27 ,    3485 ,     q3i ,    1 ,     382 ,     27632 ,    6841 ,    1407         ,
27 ,    3525 ,     q3i ,    1 ,     382 ,     27952 ,    6921 ,    1581         ,
27 ,    3565 ,     q3i ,    1 ,     382 ,     28272 ,    7001 ,    1458         ,
27 ,    3605 ,     q3i ,    1 ,     382 ,     28592 ,    7081 ,    1452         ,
27 ,    3645 ,     q3i ,    1 ,     382 ,     28912 ,    7161 ,    1523         ,
27 ,    3685 ,     q3i ,    1 ,     382 ,     29232 ,    7241 ,    1490         ,
27 ,    3725 ,     q3i ,    1 ,     382 ,     29552 ,    7321 ,    1631         ,
27 ,    3765 ,     q3i ,    1 ,     382 ,     29872 ,    7401 ,    1541         ,
27 ,    3805 ,     q3i ,    1 ,     382 ,     30192 ,    7481 ,    1574         ,
27 ,    3845 ,     q3i ,    1 ,     382 ,     30512 ,    7561 ,    1691         ,
27 ,    3885 ,     q3i ,    1 ,     382 ,     30832 ,    7641 ,    1619         ,
27 ,    3925 ,     q3i ,    1 ,     382 ,     31152 ,    7721 ,    1600         ,
27 ,    3965 ,     q3i ,    1 ,     382 ,     31472 ,    7801 ,    1609         ,
27 ,    4005 ,     q3i ,    1 ,     382 ,     31792 ,    7881 ,    1656         ,
27 ,    4045 ,     q3i ,    1 ,     382 ,     32112 ,    7961 ,    1655         ,
27 ,    4085 ,     q3i ,    1 ,     382 ,     32432 ,    8041 ,    1697         ,
27 ,    4125 ,     q3i ,    1 ,     382 ,     32752 ,    8121 ,    1705         ,
27 ,    4165 ,     q3i ,    1 ,     382 ,     33072 ,    8201 ,    1674         ,
27 ,    4205 ,     q3i ,    1 ,     382 ,     33392 ,    8281 ,    1734         ,
27 ,    4245 ,     q3i ,    1 ,     382 ,     33712 ,    8361 ,    1727         ,
27 ,    4285 ,     q3i ,    1 ,     382 ,     34032 ,    8441 ,    1744         ,
27 ,    4325 ,     q3i ,    1 ,     382 ,     34352 ,    8521 ,    1761         ,
27 ,    4365 ,     q3i ,    1 ,     382 ,     34672 ,    8601 ,    1769         ,
27 ,    4405 ,     q3i ,    1 ,     382 ,     34992 ,    8681 ,    1807         ,
27 ,    4445 ,     q3i ,    1 ,     382 ,     35312 ,    8761 ,    1812         ,
27 ,    4485 ,     q3i ,    1 ,     382 ,     35632 ,    8841 ,    1812         ,
27 ,    4525 ,     q3i ,    1 ,     382 ,     35952 ,    8921 ,    1851         ,
27 ,    4565 ,     q3i ,    1 ,     382 ,     36272 ,    9001 ,    1858         ,
27 ,    4605 ,     q3i ,    1 ,     382 ,     36592 ,    9081 ,    1902         ,
27 ,    4645 ,     q3i ,    1 ,     382 ,     36912 ,    9161 ,    1873         ,
27 ,    4685 ,     q3i ,    1 ,     382 ,     37232 ,    9241 ,    1926         ,
27 ,    4725 ,     q3i ,    1 ,     382 ,     37552 ,    9321 ,    1913         ,
27 ,    4765 ,     q3i ,    1 ,     382 ,     37872 ,    9401 ,    2120         ,
27 ,    4805 ,     q3i ,    1 ,     382 ,     38192 ,    9481 ,    1937         ,
27 ,    4845 ,     q3i ,    1 ,     382 ,     38512 ,    9561 ,    2138         ,
27 ,    4885 ,     q3i ,    1 ,     382 ,     38832 ,    9641 ,    1989         ,
27 ,    4925 ,     q3i ,    1 ,     382 ,     39152 ,    9721 ,    2212         ,
27 ,    4965 ,     q3i ,    1 ,     382 ,     39472 ,    9801 ,    2028         ,
27 ,    5 ,     q3i ,    2 ,     4 ,     8 ,    13 ,    5         ,
27 ,    45 ,     q3i ,    2 ,     4 ,     88 ,    153 ,    15         ,
27 ,    85 ,     q3i ,    2 ,     4 ,     168 ,    293 ,    27         ,
27 ,    125 ,     q3i ,    2 ,     10 ,     370 ,    431 ,    44         ,
27 ,    165 ,     q3i ,    2 ,     10 ,     490 ,    571 ,    56         ,
27 ,    205 ,     q3i ,    2 ,     10 ,     610 ,    711 ,    69         ,
27 ,    245 ,     q3i ,    2 ,     22 ,     968 ,    847 ,    91         ,
27 ,    285 ,     q3i ,    2 ,     22 ,     1128 ,    987 ,    107         ,
27 ,    325 ,     q3i ,    2 ,     22 ,     1288 ,    1127 ,    117         ,
27 ,    365 ,     q3i ,    2 ,     22 ,     1448 ,    1267 ,    134         ,
27 ,    405 ,     q3i ,    2 ,     22 ,     1608 ,    1407 ,    146         ,
27 ,    445 ,     q3i ,    2 ,     46 ,     2198 ,    1539 ,    178         ,
27 ,    485 ,     q3i ,    2 ,     46 ,     2398 ,    1679 ,    194         ,
27 ,    525 ,     q3i ,    2 ,     46 ,     2598 ,    1819 ,    213         ,
27 ,    565 ,     q3i ,    2 ,     46 ,     2798 ,    1959 ,    226         ,
27 ,    605 ,     q3i ,    2 ,     46 ,     2998 ,    2099 ,    241         ,
27 ,    645 ,     q3i ,    2 ,     46 ,     3198 ,    2239 ,    261         ,
27 ,    685 ,     q3i ,    2 ,     46 ,     3398 ,    2379 ,    291         ,
27 ,    725 ,     q3i ,    2 ,     46 ,     3598 ,    2519 ,    296         ,
27 ,    765 ,     q3i ,    2 ,     46 ,     3798 ,    2659 ,    304         ,
27 ,    805 ,     q3i ,    2 ,     46 ,     3998 ,    2799 ,    315         ,
27 ,    845 ,     q3i ,    2 ,     88 ,     4912 ,    2925 ,    372         ,
27 ,    885 ,     q3i ,    2 ,     94 ,     5252 ,    3063 ,    388         ,
27 ,    925 ,     q3i ,    2 ,     94 ,     5492 ,    3203 ,    395         ,
27 ,    965 ,     q3i ,    2 ,     94 ,     5732 ,    3343 ,    414         ,
27 ,    1005 ,     q3i ,    2 ,     94 ,     5972 ,    3483 ,    437         ,
27 ,    1045 ,     q3i ,    2 ,     94 ,     6212 ,    3623 ,    451         ,
27 ,    1085 ,     q3i ,    2 ,     94 ,     6452 ,    3763 ,    473         ,
27 ,    1125 ,     q3i ,    2 ,     94 ,     6692 ,    3903 ,    492         ,
27 ,    1165 ,     q3i ,    2 ,     94 ,     6932 ,    4043 ,    520         ,
27 ,    1205 ,     q3i ,    2 ,     94 ,     7172 ,    4183 ,    529         ,
27 ,    1245 ,     q3i ,    2 ,     94 ,     7412 ,    4323 ,    536         ,
27 ,    1285 ,     q3i ,    2 ,     94 ,     7652 ,    4463 ,    567         ,
27 ,    1325 ,     q3i ,    2 ,     94 ,     7892 ,    4603 ,    568         ,
27 ,    1365 ,     q3i ,    2 ,     94 ,     8132 ,    4743 ,    592         ,
27 ,    1405 ,     q3i ,    2 ,     94 ,     8372 ,    4883 ,    603         ,
27 ,    1445 ,     q3i ,    2 ,     94 ,     8612 ,    5023 ,    744         ,
27 ,    1485 ,     q3i ,    2 ,     94 ,     8852 ,    5163 ,    647         ,
27 ,    1525 ,     q3i ,    2 ,     94 ,     9092 ,    5303 ,    659         ,
27 ,    1565 ,     q3i ,    2 ,     94 ,     9332 ,    5443 ,    673         ,
27 ,    1605 ,     q3i ,    2 ,     94 ,     9572 ,    5583 ,    695         ,
27 ,    1645 ,     q3i ,    2 ,     94 ,     9812 ,    5723 ,    703         ,
27 ,    1685 ,     q3i ,    2 ,     160 ,     11174 ,    5841 ,    765         ,
27 ,    1725 ,     q3i ,    2 ,     190 ,     11954 ,    5971 ,    797         ,
27 ,    1765 ,     q3i ,    2 ,     190 ,     12234 ,    6111 ,    849         ,
27 ,    1805 ,     q3i ,    2 ,     190 ,     12514 ,    6251 ,    849         ,
27 ,    1845 ,     q3i ,    2 ,     190 ,     12794 ,    6391 ,    880         ,
27 ,    1885 ,     q3i ,    2 ,     190 ,     13074 ,    6531 ,    877         ,
27 ,    1925 ,     q3i ,    2 ,     190 ,     13354 ,    6671 ,    899         ,
27 ,    1965 ,     q3i ,    2 ,     190 ,     13634 ,    6811 ,    919         ,
27 ,    2005 ,     q3i ,    2 ,     190 ,     13914 ,    6951 ,    954         ,
27 ,    2045 ,     q3i ,    2 ,     190 ,     14194 ,    7091 ,    957         ,
27 ,    2085 ,     q3i ,    2 ,     190 ,     14474 ,    7231 ,    979         ,
27 ,    2125 ,     q3i ,    2 ,     190 ,     14754 ,    7371 ,    994         ,
27 ,    2165 ,     q3i ,    2 ,     190 ,     15034 ,    7511 ,    1008         ,
27 ,    2205 ,     q3i ,    2 ,     190 ,     15314 ,    7651 ,    1047         ,
27 ,    2245 ,     q3i ,    2 ,     190 ,     15594 ,    7791 ,    1178         ,
27 ,    2285 ,     q3i ,    2 ,     190 ,     15874 ,    7931 ,    1080         ,
27 ,    2325 ,     q3i ,    2 ,     190 ,     16154 ,    8071 ,    1082         ,
27 ,    2365 ,     q3i ,    2 ,     190 ,     16434 ,    8211 ,    1094         ,
27 ,    2405 ,     q3i ,    2 ,     190 ,     16714 ,    8351 ,    1272         ,
27 ,    2445 ,     q3i ,    2 ,     190 ,     16994 ,    8491 ,    1163         ,
27 ,    2485 ,     q3i ,    2 ,     190 ,     17274 ,    8631 ,    1160         ,
27 ,    2525 ,     q3i ,    2 ,     190 ,     17554 ,    8771 ,    1163         ,
27 ,    2565 ,     q3i ,    2 ,     190 ,     17834 ,    8911 ,    1204         ,
27 ,    2605 ,     q3i ,    2 ,     190 ,     18114 ,    9051 ,    1360         ,
27 ,    2645 ,     q3i ,    2 ,     190 ,     18394 ,    9191 ,    1242         ,
27 ,    2685 ,     q3i ,    2 ,     190 ,     18674 ,    9331 ,    1241         ,
27 ,    2725 ,     q3i ,    2 ,     190 ,     18954 ,    9471 ,    1278         ,
27 ,    2765 ,     q3i ,    2 ,     190 ,     19234 ,    9611 ,    1297         ,
27 ,    2805 ,     q3i ,    2 ,     190 ,     19514 ,    9751 ,    1317         ,
27 ,    2845 ,     q3i ,    2 ,     190 ,     19794 ,    9891 ,    1326         ,
27 ,    2885 ,     q3i ,    2 ,     190 ,     20074 ,    10031 ,    1356         ,
27 ,    2925 ,     q3i ,    2 ,     190 ,     20354 ,    10171 ,    1373         ,
27 ,    2965 ,     q3i ,    2 ,     190 ,     20634 ,    10311 ,    1398         ,
27 ,    3005 ,     q3i ,    2 ,     190 ,     20914 ,    10451 ,    1381         ,
27 ,    3045 ,     q3i ,    2 ,     190 ,     21194 ,    10591 ,    1435         ,
27 ,    3085 ,     q3i ,    2 ,     190 ,     21474 ,    10731 ,    1447         ,
27 ,    3125 ,     q3i ,    2 ,     190 ,     21754 ,    10871 ,    1573         ,
27 ,    3165 ,     q3i ,    2 ,     190 ,     22034 ,    11011 ,    1466         ,
27 ,    3205 ,     q3i ,    2 ,     190 ,     22314 ,    11151 ,    1609         ,
27 ,    3245 ,     q3i ,    2 ,     190 ,     22594 ,    11291 ,    1527         ,
27 ,    3285 ,     q3i ,    2 ,     190 ,     22874 ,    11431 ,    1508         ,
27 ,    3325 ,     q3i ,    2 ,     190 ,     23154 ,    11571 ,    1564         ,
27 ,    3365 ,     q3i ,    2 ,     304 ,     25372 ,    11673 ,    2172         ,
27 ,    3405 ,     q3i ,    2 ,     382 ,     26992 ,    11787 ,    1715         ,
27 ,    3445 ,     q3i ,    2 ,     382 ,     27312 ,    11927 ,    1753         ,
27 ,    3485 ,     q3i ,    2 ,     382 ,     27632 ,    12067 ,    1913         ,
27 ,    3525 ,     q3i ,    2 ,     382 ,     27952 ,    12207 ,    1883         ,
27 ,    3565 ,     q3i ,    2 ,     382 ,     28272 ,    12347 ,    1936         ,
27 ,    3605 ,     q3i ,    2 ,     382 ,     28592 ,    12487 ,    1857         ,
27 ,    3645 ,     q3i ,    2 ,     382 ,     28912 ,    12627 ,    1834         ,
27 ,    3685 ,     q3i ,    2 ,     382 ,     29232 ,    12767 ,    1989         ,
27 ,    3725 ,     q3i ,    2 ,     382 ,     29552 ,    12907 ,    2232         ,
27 ,    3765 ,     q3i ,    2 ,     382 ,     29872 ,    13047 ,    1884         ,
27 ,    3805 ,     q3i ,    2 ,     382 ,     30192 ,    13187 ,    2045         ,
27 ,    3845 ,     q3i ,    2 ,     382 ,     30512 ,    13327 ,    2165         ,
27 ,    3885 ,     q3i ,    2 ,     382 ,     30832 ,    13467 ,    1943         ,
27 ,    3925 ,     q3i ,    2 ,     382 ,     31152 ,    13607 ,    1990         ,
27 ,    3965 ,     q3i ,    2 ,     382 ,     31472 ,    13747 ,    4012         ,
27 ,    4005 ,     q3i ,    2 ,     382 ,     31792 ,    13887 ,    2129         ,
27 ,    4045 ,     q3i ,    2 ,     382 ,     32112 ,    14027 ,    2068         ,
27 ,    4085 ,     q3i ,    2 ,     382 ,     32432 ,    14167 ,    2193         ,
27 ,    4125 ,     q3i ,    2 ,     382 ,     32752 ,    14307 ,    2059         ,
27 ,    4165 ,     q3i ,    2 ,     382 ,     33072 ,    14447 ,    2226         ,
27 ,    4205 ,     q3i ,    2 ,     382 ,     33392 ,    14587 ,    2123         ,
27 ,    4245 ,     q3i ,    2 ,     382 ,     33712 ,    14727 ,    2128         ,
27 ,    4285 ,     q3i ,    2 ,     382 ,     34032 ,    14867 ,    2183         ,
27 ,    4325 ,     q3i ,    2 ,     382 ,     34352 ,    15007 ,    2144         ,
27 ,    4365 ,     q3i ,    2 ,     382 ,     34672 ,    15147 ,    2218         ,
27 ,    4405 ,     q3i ,    2 ,     382 ,     34992 ,    15287 ,    2234         ,
27 ,    4445 ,     q3i ,    2 ,     382 ,     35312 ,    15427 ,    2231         ,
27 ,    4485 ,     q3i ,    2 ,     382 ,     35632 ,    15567 ,    2359         ,
27 ,    4525 ,     q3i ,    2 ,     382 ,     35952 ,    15707 ,    2254         ,
27 ,    4565 ,     q3i ,    2 ,     382 ,     36272 ,    15847 ,    2319         ,
27 ,    4605 ,     q3i ,    2 ,     382 ,     36592 ,    15987 ,    2369         ,
27 ,    4645 ,     q3i ,    2 ,     382 ,     36912 ,    16127 ,    2345         ,
27 ,    4685 ,     q3i ,    2 ,     382 ,     37232 ,    16267 ,    2534         ,
27 ,    4725 ,     q3i ,    2 ,     382 ,     37552 ,    16407 ,    2363         ,
27 ,    4765 ,     q3i ,    2 ,     382 ,     37872 ,    16547 ,    4459         ,
27 ,    4805 ,     q3i ,    2 ,     382 ,     38192 ,    16687 ,    2414         ,
27 ,    4845 ,     q3i ,    2 ,     382 ,     38512 ,    16827 ,    2459         ,
27 ,    4885 ,     q3i ,    2 ,     382 ,     38832 ,    16967 ,    2634         ,
27 ,    4925 ,     q3i ,    2 ,     382 ,     39152 ,    17107 ,    2681         ,
27 ,    4965 ,     q3i ,    2 ,     382 ,     39472 ,    17247 ,    2540         ,
27 ,    5 ,     q3i ,    3 ,     3 ,     13 ,    12 ,    5         ,
27 ,    45 ,     q3i ,    3 ,     4 ,     194 ,    226 ,    29         ,
27 ,    85 ,     q3i ,    3 ,     7 ,     375 ,    472 ,    55         ,
27 ,    125 ,     q3i ,    3 ,     7 ,     600 ,    733 ,    86         ,
27 ,    165 ,     q3i ,    3 ,     10 ,     681 ,    870 ,    98         ,
27 ,    205 ,     q3i ,    3 ,     16 ,     923 ,    1235 ,    133         ,
27 ,    245 ,     q3i ,    3 ,     19 ,     1087 ,    1453 ,    157         ,
27 ,    285 ,     q3i ,    3 ,     19 ,     1364 ,    1733 ,    189         ,
27 ,    325 ,     q3i ,    3 ,     28 ,     1551 ,    2056 ,    220         ,
27 ,    365 ,     q3i ,    3 ,     34 ,     1841 ,    2511 ,    259         ,
27 ,    405 ,     q3i ,    3 ,     37 ,     2048 ,    2820 ,    289         ,
27 ,    445 ,     q3i ,    3 ,     40 ,     2372 ,    3168 ,    327         ,
27 ,    485 ,     q3i ,    3 ,     40 ,     2585 ,    3522 ,    364         ,
27 ,    525 ,     q3i ,    3 ,     40 ,     2824 ,    3864 ,    399         ,
27 ,    565 ,     q3i ,    3 ,     40 ,     3169 ,    4289 ,    438         ,
27 ,    605 ,     q3i ,    3 ,     43 ,     3159 ,    4226 ,    435         ,
27 ,    645 ,     q3i ,    3 ,     55 ,     3509 ,    4884 ,    496         ,
27 ,    685 ,     q3i ,    3 ,     55 ,     3744 ,    5240 ,    527         ,
27 ,    725 ,     q3i ,    3 ,     61 ,     4295 ,    5515 ,    560         ,
27 ,    765 ,     q3i ,    3 ,     73 ,     4542 ,    6329 ,    639         ,
27 ,    805 ,     q3i ,    3 ,     76 ,     5007 ,    6732 ,    674         ,
27 ,    845 ,     q3i ,    3 ,     76 ,     4963 ,    6952 ,    699         ,
27 ,    885 ,     q3i ,    3 ,     76 ,     5254 ,    7310 ,    727         ,
27 ,    925 ,     q3i ,    3 ,     85 ,     5773 ,    7775 ,    787         ,
27 ,    965 ,     q3i ,    3 ,     76 ,     5820 ,    8108 ,    802         ,
27 ,    1005 ,     q3i ,    3 ,     82 ,     6380 ,    8717 ,    860         ,
27 ,    1045 ,     q3i ,    3 ,     79 ,     6243 ,    8567 ,    863         ,
27 ,    1085 ,     q3i ,    3 ,     79 ,     6510 ,    9109 ,    907         ,
27 ,    1125 ,     q3i ,    3 ,     85 ,     6864 ,    9543 ,    951         ,
27 ,    1165 ,     q3i ,    3 ,     85 ,     7130 ,    9974 ,    994         ,
27 ,    1205 ,     q3i ,    3 ,     85 ,     7477 ,    10218 ,    1011         ,
27 ,    1245 ,     q3i ,    3 ,     109 ,     7944 ,    11206 ,    1104         ,
27 ,    1285 ,     q3i ,    3 ,     85 ,     7951 ,    11045 ,    1085         ,
27 ,    1325 ,     q3i ,    3 ,     115 ,     8572 ,    11905 ,    1162         ,
27 ,    1365 ,     q3i ,    3 ,     115 ,     8850 ,    12237 ,    1183         ,
27 ,    1405 ,     q3i ,    3 ,     109 ,     9069 ,    12746 ,    1350         ,
27 ,    1445 ,     q3i ,    3 ,     136 ,     9657 ,    13511 ,    1316         ,
27 ,    1485 ,     q3i ,    3 ,     109 ,     9772 ,    13337 ,    1296         ,
27 ,    1525 ,     q3i ,    3 ,     112 ,     9985 ,    13540 ,    1339         ,
27 ,    1565 ,     q3i ,    3 ,     151 ,     10777 ,    15013 ,    1476         ,
27 ,    1605 ,     q3i ,    3 ,     121 ,     10784 ,    14859 ,    1573         ,
27 ,    1645 ,     q3i ,    3 ,     133 ,     11225 ,    15770 ,    1560         ,
27 ,    1685 ,     q3i ,    3 ,     166 ,     12028 ,    16633 ,    1608         ,
27 ,    1725 ,     q3i ,    3 ,     136 ,     11504 ,    16246 ,    1581         ,
27 ,    1765 ,     q3i ,    3 ,     163 ,     12544 ,    17328 ,    1819         ,
27 ,    1805 ,     q3i ,    3 ,     154 ,     12280 ,    17440 ,    1726         ,
27 ,    1845 ,     q3i ,    3 ,     166 ,     13137 ,    18125 ,    1916         ,
27 ,    1885 ,     q3i ,    3 ,     172 ,     13569 ,    18737 ,    1933         ,
27 ,    1925 ,     q3i ,    3 ,     169 ,     13510 ,    19111 ,    1847         ,
27 ,    1965 ,     q3i ,    3 ,     151 ,     13473 ,    19108 ,    1891         ,
27 ,    2005 ,     q3i ,    3 ,     172 ,     14383 ,    19825 ,    2092         ,
27 ,    2045 ,     q3i ,    3 ,     172 ,     14481 ,    20321 ,    2004         ,
27 ,    2085 ,     q3i ,    3 ,     169 ,     14850 ,    20629 ,    2009         ,
27 ,    2125 ,     q3i ,    3 ,     157 ,     14756 ,    20814 ,    2032         ,
27 ,    2165 ,     q3i ,    3 ,     172 ,     15434 ,    21507 ,    2093         ,
27 ,    2205 ,     q3i ,    3 ,     157 ,     15266 ,    21572 ,    2106         ,
27 ,    2245 ,     q3i ,    3 ,     169 ,     15705 ,    22386 ,    2183         ,
27 ,    2285 ,     q3i ,    3 ,     175 ,     16214 ,    22778 ,    2229         ,
27 ,    2325 ,     q3i ,    3 ,     172 ,     16491 ,    23070 ,    2225         ,
27 ,    2365 ,     q3i ,    3 ,     175 ,     16805 ,    23410 ,    2310         ,
27 ,    2405 ,     q3i ,    3 ,     172 ,     17278 ,    23969 ,    2314         ,
27 ,    2445 ,     q3i ,    3 ,     175 ,     17402 ,    24259 ,    2323         ,
27 ,    2485 ,     q3i ,    3 ,     175 ,     17444 ,    24682 ,    2504         ,
27 ,    2525 ,     q3i ,    3 ,     223 ,     19111 ,    26111 ,    2489         ,
27 ,    2565 ,     q3i ,    3 ,     226 ,     18877 ,    26835 ,    2728         ,
27 ,    2605 ,     q3i ,    3 ,     220 ,     19115 ,    27043 ,    2764         ,
27 ,    2645 ,     q3i ,    3 ,     226 ,     19781 ,    27732 ,    2682         ,
27 ,    2685 ,     q3i ,    3 ,     223 ,     20113 ,    27932 ,    2640         ,
27 ,    2725 ,     q3i ,    3 ,     226 ,     20009 ,    28569 ,    2789         ,
27 ,    2765 ,     q3i ,    3 ,     223 ,     20312 ,    28916 ,    2824         ,
27 ,    2805 ,     q3i ,    3 ,     229 ,     20735 ,    29385 ,    2828         ,
27 ,    2845 ,     q3i ,    3 ,     229 ,     20943 ,    29849 ,    2988         ,
27 ,    2885 ,     q3i ,    3 ,     271 ,     22024 ,    31287 ,    3045         ,
27 ,    2925 ,     q3i ,    3 ,     223 ,     21502 ,    30522 ,    2981         ,
27 ,    2965 ,     q3i ,    3 ,     223 ,     22290 ,    30753 ,    3103         ,
27 ,    3005 ,     q3i ,    3 ,     223 ,     22545 ,    31443 ,    2989         ,
27 ,    3045 ,     q3i ,    3 ,     304 ,     23832 ,    33719 ,    3268         ,
27 ,    3085 ,     q3i ,    3 ,     223 ,     23109 ,    32126 ,    3250         ,
27 ,    3125 ,     q3i ,    3 ,     247 ,     24808 ,    33077 ,    3152         ,
27 ,    3165 ,     q3i ,    3 ,     244 ,     24459 ,    33676 ,    3341         ,
27 ,    3205 ,     q3i ,    3 ,     277 ,     24702 ,    34907 ,    3350         ,
27 ,    3245 ,     q3i ,    3 ,     277 ,     24890 ,    35462 ,    3535         ,
27 ,    3285 ,     q3i ,    3 ,     304 ,     25984 ,    36434 ,    3502         ,
27 ,    3325 ,     q3i ,    3 ,     277 ,     25743 ,    36176 ,    3473         ,
27 ,    3365 ,     q3i ,    3 ,     313 ,     26514 ,    37751 ,    3885         ,
27 ,    3405 ,     q3i ,    3 ,     331 ,     27438 ,    38492 ,    3679         ,
27 ,    3445 ,     q3i ,    3 ,     301 ,     26913 ,    38216 ,    3703         ,
27 ,    3485 ,     q3i ,    3 ,     301 ,     27363 ,    38879 ,    3746         ,
27 ,    3525 ,     q3i ,    3 ,     277 ,     27382 ,    38460 ,    3646         ,
27 ,    3565 ,     q3i ,    3 ,     301 ,     27804 ,    39684 ,    3861         ,
27 ,    3605 ,     q3i ,    3 ,     316 ,     28757 ,    40355 ,    3930         ,
27 ,    3645 ,     q3i ,    3 ,     331 ,     29463 ,    41174 ,    3910         ,
27 ,    3685 ,     q3i ,    3 ,     331 ,     29288 ,    41900 ,    4103         ,
27 ,    3725 ,     q3i ,    3 ,     304 ,     29236 ,    41624 ,    4039         ,
27 ,    3765 ,     q3i ,    3 ,     319 ,     29738 ,    42133 ,    4059         ,
27 ,    3805 ,     q3i ,    3 ,     313 ,     29950 ,    42666 ,    6027         ,
27 ,    3845 ,     q3i ,    3 ,     319 ,     30233 ,    43070 ,    4229         ,
27 ,    3885 ,     q3i ,    3 ,     304 ,     30540 ,    43462 ,    4188         ,
27 ,    3925 ,     q3i ,    3 ,     349 ,     31365 ,    44729 ,    4339         ,
27 ,    3965 ,     q3i ,    3 ,     307 ,     30931 ,    44303 ,    4231         ,
27 ,    4005 ,     q3i ,    3 ,     337 ,     32443 ,    45568 ,    4358         ,
27 ,    4045 ,     q3i ,    3 ,     313 ,     31997 ,    45514 ,    4506         ,
27 ,    4085 ,     q3i ,    3 ,     343 ,     32785 ,    46648 ,    4563         ,
27 ,    4125 ,     q3i ,    3 ,     328 ,     32634 ,    46522 ,    4466         ,
27 ,    4165 ,     q3i ,    3 ,     343 ,     33197 ,    47420 ,    4533         ,
27 ,    4205 ,     q3i ,    3 ,     316 ,     33338 ,    47337 ,    4521         ,
27 ,    4245 ,     q3i ,    3 ,     346 ,     33918 ,    48412 ,    4739         ,
27 ,    4285 ,     q3i ,    3 ,     343 ,     34072 ,    48787 ,    4692         ,
27 ,    4325 ,     q3i ,    3 ,     349 ,     34883 ,    49221 ,    4697         ,
27 ,    4365 ,     q3i ,    3 ,     343 ,     35432 ,    49518 ,    4784         ,
27 ,    4405 ,     q3i ,    3 ,     343 ,     35107 ,    50034 ,    4767         ,
27 ,    4445 ,     q3i ,    3 ,     349 ,     35632 ,    50749 ,    4924         ,
27 ,    4485 ,     q3i ,    3 ,     349 ,     36011 ,    51097 ,    5022         ,
27 ,    4525 ,     q3i ,    3 ,     343 ,     36701 ,    51330 ,    4892         ,
27 ,    4565 ,     q3i ,    3 ,     343 ,     36296 ,    51950 ,    4984         ,
27 ,    4605 ,     q3i ,    3 ,     343 ,     36712 ,    52474 ,    5106         ,
27 ,    4645 ,     q3i ,    3 ,     343 ,     37724 ,    52725 ,    4984         ,
27 ,    4685 ,     q3i ,    3 ,     343 ,     37323 ,    53306 ,    5089         ,
27 ,    4725 ,     q3i ,    3 ,     349 ,     38457 ,    53865 ,    5204         ,
27 ,    4765 ,     q3i ,    3 ,     343 ,     37940 ,    54215 ,    5286         ,
27 ,    4805 ,     q3i ,    3 ,     352 ,     38449 ,    54877 ,    5328         ,
27 ,    4845 ,     q3i ,    3 ,     349 ,     38851 ,    55301 ,    5416         ,
27 ,    4885 ,     q3i ,    3 ,     343 ,     39506 ,    55515 ,    5408         ,
27 ,    4925 ,     q3i ,    3 ,     349 ,     40542 ,    55917 ,    5575         ,
27 ,    4965 ,     q3i ,    3 ,     445 ,     41329 ,    59233 ,    5745         ,
27 ,    5 ,     q3i ,    4 ,     4 ,     9 ,    13 ,    5         ,
27 ,    45 ,     q3i ,    4 ,     4 ,     245 ,    280 ,    38         ,
27 ,    85 ,     q3i ,    4 ,     7 ,     527 ,    561 ,    74         ,
27 ,    125 ,     q3i ,    4 ,     10 ,     826 ,    901 ,    112         ,
27 ,    165 ,     q3i ,    4 ,     13 ,     1117 ,    1196 ,    157         ,
27 ,    205 ,     q3i ,    4 ,     16 ,     1507 ,    1717 ,    211         ,
27 ,    245 ,     q3i ,    4 ,     19 ,     1743 ,    1943 ,    235         ,
27 ,    285 ,     q3i ,    4 ,     22 ,     1803 ,    1763 ,    229         ,
27 ,    325 ,     q3i ,    4 ,     22 ,     2278 ,    2457 ,    304         ,
27 ,    365 ,     q3i ,    4 ,     28 ,     2490 ,    2868 ,    341         ,
27 ,    405 ,     q3i ,    4 ,     34 ,     2524 ,    2863 ,    355         ,
27 ,    445 ,     q3i ,    4 ,     43 ,     2939 ,    3062 ,    380         ,
27 ,    485 ,     q3i ,    4 ,     40 ,     3058 ,    3567 ,    426         ,
27 ,    525 ,     q3i ,    4 ,     43 ,     3446 ,    4026 ,    478         ,
27 ,    565 ,     q3i ,    4 ,     43 ,     3725 ,    3826 ,    476         ,
27 ,    605 ,     q3i ,    4 ,     49 ,     3803 ,    4399 ,    526         ,
27 ,    645 ,     q3i ,    4 ,     49 ,     4068 ,    4805 ,    696         ,
27 ,    685 ,     q3i ,    4 ,     58 ,     4472 ,    5104 ,    599         ,
27 ,    725 ,     q3i ,    4 ,     58 ,     4981 ,    5588 ,    656         ,
27 ,    765 ,     q3i ,    4 ,     67 ,     5128 ,    6028 ,    722         ,
27 ,    805 ,     q3i ,    4 ,     67 ,     5391 ,    6009 ,    726         ,
27 ,    845 ,     q3i ,    4 ,     70 ,     5617 ,    6364 ,    761         ,
27 ,    885 ,     q3i ,    4 ,     76 ,     5794 ,    7016 ,    810         ,
27 ,    925 ,     q3i ,    4 ,     82 ,     6360 ,    7212 ,    843         ,
27 ,    965 ,     q3i ,    4 ,     88 ,     6583 ,    7742 ,    1012         ,
27 ,    1005 ,     q3i ,    4 ,     82 ,     6727 ,    7870 ,    1030         ,
27 ,    1045 ,     q3i ,    4 ,     85 ,     7478 ,    8354 ,    1123         ,
27 ,    1085 ,     q3i ,    4 ,     85 ,     7358 ,    8845 ,    1022         ,
27 ,    1125 ,     q3i ,    4 ,     103 ,     7783 ,    9323 ,    1075         ,
27 ,    1165 ,     q3i ,    4 ,     94 ,     8235 ,    9307 ,    1071         ,
27 ,    1205 ,     q3i ,    4 ,     106 ,     8427 ,    9803 ,    1126         ,
27 ,    1245 ,     q3i ,    4 ,     103 ,     8459 ,    10157 ,    1294         ,
27 ,    1285 ,     q3i ,    4 ,     103 ,     9031 ,    10427 ,    1313         ,
27 ,    1325 ,     q3i ,    4 ,     112 ,     9606 ,    10873 ,    1260         ,
27 ,    1365 ,     q3i ,    4 ,     112 ,     9481 ,    11388 ,    1296         ,
27 ,    1405 ,     q3i ,    4 ,     118 ,     9710 ,    11985 ,    1357         ,
27 ,    1445 ,     q3i ,    4 ,     112 ,     10059 ,    12292 ,    1520         ,
27 ,    1485 ,     q3i ,    4 ,     112 ,     10217 ,    12685 ,    1428         ,
27 ,    1525 ,     q3i ,    4 ,     133 ,     10677 ,    13384 ,    1491         ,
27 ,    1565 ,     q3i ,    4 ,     133 ,     11052 ,    13503 ,    1515         ,
27 ,    1605 ,     q3i ,    4 ,     136 ,     12211 ,    13853 ,    1553         ,
27 ,    1645 ,     q3i ,    4 ,     136 ,     11868 ,    14581 ,    1628         ,
27 ,    1685 ,     q3i ,    4 ,     139 ,     11971 ,    14805 ,    1780         ,
27 ,    1725 ,     q3i ,    4 ,     148 ,     12720 ,    14953 ,    1678         ,
27 ,    1765 ,     q3i ,    4 ,     148 ,     12842 ,    15546 ,    3592         ,
27 ,    1805 ,     q3i ,    4 ,     157 ,     13180 ,    16213 ,    1810         ,
27 ,    1845 ,     q3i ,    4 ,     168 ,     15238 ,    16367 ,    1959         ,
27 ,    1885 ,     q3i ,    4 ,     184 ,     13767 ,    17443 ,    1933         ,
27 ,    1925 ,     q3i ,    4 ,     169 ,     14837 ,    17228 ,    1945         ,
27 ,    1965 ,     q3i ,    4 ,     175 ,     15109 ,    18016 ,    1985         ,
27 ,    2005 ,     q3i ,    4 ,     163 ,     14657 ,    18001 ,    1984         ,
27 ,    2045 ,     q3i ,    4 ,     181 ,     16020 ,    18382 ,    2035         ,
27 ,    2085 ,     q3i ,    4 ,     190 ,     15445 ,    19334 ,    2136         ,
27 ,    2125 ,     q3i ,    4 ,     190 ,     15886 ,    19905 ,    2189         ,
27 ,    2165 ,     q3i ,    4 ,     178 ,     16117 ,    19885 ,    2190         ,
27 ,    2205 ,     q3i ,    4 ,     196 ,     16410 ,    20487 ,    2251         ,
27 ,    2245 ,     q3i ,    4 ,     193 ,     17401 ,    20828 ,    2279         ,
27 ,    2285 ,     q3i ,    4 ,     181 ,     17329 ,    21110 ,    2476         ,
27 ,    2325 ,     q3i ,    4 ,     184 ,     17488 ,    21780 ,    2407         ,
27 ,    2365 ,     q3i ,    4 ,     190 ,     17940 ,    21885 ,    2439         ,
27 ,    2405 ,     q3i ,    4 ,     199 ,     18242 ,    22531 ,    2485         ,
27 ,    2445 ,     q3i ,    4 ,     205 ,     18229 ,    22916 ,    2536         ,
27 ,    2485 ,     q3i ,    4 ,     202 ,     18292 ,    23243 ,    2546         ,
27 ,    2525 ,     q3i ,    4 ,     205 ,     18826 ,    24089 ,    2625         ,
27 ,    2565 ,     q3i ,    4 ,     214 ,     19556 ,    24706 ,    2705         ,
27 ,    2605 ,     q3i ,    4 ,     250 ,     21347 ,    25364 ,    2893         ,
27 ,    2645 ,     q3i ,    4 ,     229 ,     21001 ,    25648 ,    2947         ,
27 ,    2685 ,     q3i ,    4 ,     235 ,     21023 ,    26346 ,    2884         ,
27 ,    2725 ,     q3i ,    4 ,     229 ,     21487 ,    26247 ,    2865         ,
27 ,    2765 ,     q3i ,    4 ,     214 ,     21419 ,    26535 ,    3045         ,
27 ,    2805 ,     q3i ,    4 ,     229 ,     22101 ,    27048 ,    3083         ,
27 ,    2845 ,     q3i ,    4 ,     256 ,     22370 ,    27652 ,    3047         ,
27 ,    2885 ,     q3i ,    4 ,     253 ,     24445 ,    28445 ,    3271         ,
27 ,    2925 ,     q3i ,    4 ,     223 ,     22626 ,    28294 ,    3088         ,
27 ,    2965 ,     q3i ,    4 ,     250 ,     24736 ,    29017 ,    3326         ,
27 ,    3005 ,     q3i ,    4 ,     241 ,     23575 ,    29695 ,    3217         ,
27 ,    3045 ,     q3i ,    4 ,     241 ,     23670 ,    30006 ,    3248         ,
27 ,    3085 ,     q3i ,    4 ,     238 ,     23985 ,    30180 ,    3287         ,
27 ,    3125 ,     q3i ,    4 ,     244 ,     24358 ,    30669 ,    3350         ,
27 ,    3165 ,     q3i ,    4 ,     271 ,     25630 ,    31081 ,    3390         ,
27 ,    3205 ,     q3i ,    4 ,     283 ,     26238 ,    32072 ,    3606         ,
27 ,    3245 ,     q3i ,    4 ,     262 ,     25274 ,    31891 ,    3475         ,
27 ,    3285 ,     q3i ,    4 ,     247 ,     26367 ,    31867 ,    3501         ,
27 ,    3325 ,     q3i ,    4 ,     283 ,     26841 ,    33202 ,    3713         ,
27 ,    3365 ,     q3i ,    4 ,     301 ,     27285 ,    34256 ,    4054         ,
27 ,    3405 ,     q3i ,    4 ,     274 ,     27475 ,    34062 ,    3698         ,
27 ,    3445 ,     q3i ,    4 ,     280 ,     27754 ,    34421 ,    3734         ,
27 ,    3485 ,     q3i ,    4 ,     262 ,     27256 ,    34390 ,    3887         ,
27 ,    3525 ,     q3i ,    4 ,     280 ,     27907 ,    35768 ,    4185         ,
27 ,    3565 ,     q3i ,    4 ,     283 ,     29376 ,    35430 ,    3977         ,
27 ,    3605 ,     q3i ,    4 ,     289 ,     29735 ,    35925 ,    3912         ,
27 ,    3645 ,     q3i ,    4 ,     286 ,     29218 ,    36471 ,    3952         ,
27 ,    3685 ,     q3i ,    4 ,     304 ,     29701 ,    37759 ,    4059         ,
27 ,    3725 ,     q3i ,    4 ,     340 ,     31332 ,    38654 ,    4178         ,
27 ,    3765 ,     q3i ,    4 ,     307 ,     30361 ,    38446 ,    4162         ,
27 ,    3805 ,     q3i ,    4 ,     352 ,     31685 ,    40010 ,    5014         ,
27 ,    3845 ,     q3i ,    4 ,     298 ,     31469 ,    38614 ,    4173         ,
27 ,    3885 ,     q3i ,    4 ,     337 ,     31585 ,    40672 ,    4504         ,
27 ,    3925 ,     q3i ,    4 ,     328 ,     33325 ,    40307 ,    4494         ,
27 ,    3965 ,     q3i ,    4 ,     361 ,     33040 ,    41764 ,    4521         ,
27 ,    4005 ,     q3i ,    4 ,     319 ,     34682 ,    40792 ,    4379         ,
27 ,    4045 ,     q3i ,    4 ,     370 ,     33440 ,    43293 ,    4622         ,
27 ,    4085 ,     q3i ,    4 ,     358 ,     34012 ,    43063 ,    4772         ,
27 ,    4125 ,     q3i ,    4 ,     385 ,     34234 ,    44259 ,    4739         ,
27 ,    4165 ,     q3i ,    4 ,     328 ,     36361 ,    43149 ,    4644         ,
27 ,    4205 ,     q3i ,    4 ,     367 ,     36833 ,    43952 ,    4875         ,
27 ,    4245 ,     q3i ,    4 ,     382 ,     35154 ,    45563 ,    4865         ,
27 ,    4285 ,     q3i ,    4 ,     376 ,     36253 ,    45637 ,    5016         ,
27 ,    4325 ,     q3i ,    4 ,     376 ,     35843 ,    46062 ,    4949         ,
27 ,    4365 ,     q3i ,    4 ,     403 ,     37888 ,    47005 ,    5133         ,
27 ,    4405 ,     q3i ,    4 ,     379 ,     37209 ,    46555 ,    5006         ,
27 ,    4445 ,     q3i ,    4 ,     406 ,     37631 ,    48329 ,    5110         ,
27 ,    4485 ,     q3i ,    4 ,     355 ,     41249 ,    47096 ,    5108         ,
27 ,    4525 ,     q3i ,    4 ,     391 ,     37980 ,    48884 ,    5350         ,
27 ,    4565 ,     q3i ,    4 ,     364 ,     37988 ,    48568 ,    5179         ,
27 ,    4605 ,     q3i ,    4 ,     367 ,     39278 ,    48172 ,    5298         ,
27 ,    4645 ,     q3i ,    4 ,     355 ,     41155 ,    48027 ,    5529         ,
27 ,    4685 ,     q3i ,    4 ,     397 ,     40213 ,    50386 ,    5375         ,
27 ,    4725 ,     q3i ,    4 ,     364 ,     41564 ,    49223 ,    5375         ,
27 ,    4765 ,     q3i ,    4 ,     412 ,     41458 ,    51166 ,    5588         ,
27 ,    4805 ,     q3i ,    4 ,     382 ,     42045 ,    51091 ,    5880         ,
27 ,    4845 ,     q3i ,    4 ,     418 ,     41603 ,    52904 ,    5762         ,
27 ,    4885 ,     q3i ,    4 ,     391 ,     41187 ,    52668 ,    7499         ,
27 ,    4925 ,     q3i ,    4 ,     433 ,     42884 ,    54308 ,    6096         ,
27 ,    4965 ,     q3i ,    4 ,     427 ,     45147 ,    53343 ,    5778         ,


