SEED ,  SIZE ,  ALG ,  TYPE ,  CALLS ,  CMP ,     MOVE ,    TIME              ,
27 ,    5 ,     qi ,    0 ,     3 ,     11 ,    14 ,    5         ,
27 ,    45 ,     qi ,    0 ,     4 ,     491 ,    499 ,    57         ,
27 ,    85 ,     qi ,    0 ,     10 ,     973 ,    996 ,    116         ,
27 ,    125 ,     qi ,    0 ,     16 ,     1197 ,    1240 ,    153         ,
27 ,    165 ,     qi ,    0 ,     13 ,     1696 ,    1878 ,    224         ,
27 ,    205 ,     qi ,    0 ,     24 ,     2498 ,    2268 ,    292         ,
27 ,    245 ,     qi ,    0 ,     19 ,     3240 ,    3238 ,    387         ,
27 ,    285 ,     qi ,    0 ,     28 ,     3141 ,    3464 ,    423         ,
27 ,    325 ,     qi ,    0 ,     28 ,     3750 ,    4065 ,    492         ,
27 ,    365 ,     qi ,    0 ,     40 ,     4126 ,    4349 ,    550         ,
27 ,    405 ,     qi ,    0 ,     46 ,     4799 ,    4789 ,    617         ,
27 ,    445 ,     qi ,    0 ,     49 ,     5318 ,    5684 ,    832         ,
27 ,    485 ,     qi ,    0 ,     52 ,     6144 ,    6388 ,    801         ,
27 ,    525 ,     qi ,    0 ,     63 ,     6320 ,    6683 ,    844         ,
27 ,    565 ,     qi ,    0 ,     58 ,     6615 ,    7013 ,    892         ,
27 ,    605 ,     qi ,    0 ,     64 ,     6722 ,    7383 ,    934         ,
27 ,    645 ,     qi ,    0 ,     79 ,     9395 ,    8252 ,    1082         ,
27 ,    685 ,     qi ,    0 ,     82 ,     8303 ,    8751 ,    1117         ,
27 ,    725 ,     qi ,    0 ,     90 ,     9572 ,    9471 ,    1353         ,
27 ,    765 ,     qi ,    0 ,     82 ,     10016 ,    10245 ,    1315         ,
27 ,    805 ,     qi ,    0 ,     100 ,     11320 ,    10991 ,    1423         ,
27 ,    845 ,     qi ,    0 ,     97 ,     9755 ,    10759 ,    1381         ,
27 ,    885 ,     qi ,    0 ,     127 ,     11264 ,    11058 ,    1450         ,
27 ,    925 ,     qi ,    0 ,     91 ,     12166 ,    12789 ,    1618         ,
27 ,    965 ,     qi ,    0 ,     118 ,     12719 ,    12164 ,    1616         ,
27 ,    1005 ,     qi ,    0 ,     117 ,     14371 ,    12757 ,    1692         ,
27 ,    1045 ,     qi ,    0 ,     111 ,     12939 ,    14025 ,    1792         ,
27 ,    1085 ,     qi ,    0 ,     111 ,     15972 ,    14420 ,    2018         ,
27 ,    1125 ,     qi ,    0 ,     133 ,     14660 ,    13779 ,    1844         ,
27 ,    1165 ,     qi ,    0 ,     129 ,     15618 ,    15826 ,    2047         ,
27 ,    1205 ,     qi ,    0 ,     126 ,     15430 ,    16697 ,    2140         ,
27 ,    1245 ,     qi ,    0 ,     145 ,     17350 ,    16030 ,    2252         ,
27 ,    1285 ,     qi ,    0 ,     154 ,     18349 ,    17884 ,    2319         ,
27 ,    1325 ,     qi ,    0 ,     151 ,     17395 ,    17239 ,    2253         ,
27 ,    1365 ,     qi ,    0 ,     167 ,     19041 ,    18654 ,    2443         ,
27 ,    1405 ,     qi ,    0 ,     136 ,     19977 ,    19889 ,    2558         ,
27 ,    1445 ,     qi ,    0 ,     168 ,     21306 ,    20420 ,    2665         ,
27 ,    1485 ,     qi ,    0 ,     159 ,     20561 ,    20584 ,    2679         ,
27 ,    1525 ,     qi ,    0 ,     154 ,     20851 ,    21356 ,    2859         ,
27 ,    1565 ,     qi ,    0 ,     174 ,     21999 ,    21599 ,    2803         ,
27 ,    1605 ,     qi ,    0 ,     203 ,     22447 ,    21319 ,    2846         ,
27 ,    1645 ,     qi ,    0 ,     169 ,     23291 ,    23449 ,    3045         ,
27 ,    1685 ,     qi ,    0 ,     178 ,     21380 ,    23042 ,    3000         ,
27 ,    1725 ,     qi ,    0 ,     182 ,     22495 ,    23921 ,    3231         ,
27 ,    1765 ,     qi ,    0 ,     190 ,     26706 ,    25563 ,    3485         ,
27 ,    1805 ,     qi ,    0 ,     216 ,     28332 ,    24187 ,    3264         ,
27 ,    1845 ,     qi ,    0 ,     208 ,     25641 ,    26050 ,    3401         ,
27 ,    1885 ,     qi ,    0 ,     193 ,     28982 ,    26941 ,    3578         ,
27 ,    1925 ,     qi ,    0 ,     201 ,     29446 ,    27280 ,    3571         ,
27 ,    1965 ,     qi ,    0 ,     217 ,     28266 ,    27901 ,    3624         ,
27 ,    2005 ,     qi ,    0 ,     217 ,     27902 ,    27870 ,    3663         ,
27 ,    2045 ,     qi ,    0 ,     244 ,     29151 ,    29159 ,    3960         ,
27 ,    2085 ,     qi ,    0 ,     231 ,     29794 ,    29640 ,    3913         ,
27 ,    2125 ,     qi ,    0 ,     229 ,     32092 ,    30417 ,    4120         ,
27 ,    2165 ,     qi ,    0 ,     246 ,     30026 ,    31030 ,    4177         ,
27 ,    2205 ,     qi ,    0 ,     247 ,     34243 ,    31012 ,    4179         ,
27 ,    2245 ,     qi ,    0 ,     256 ,     33564 ,    32068 ,    4272         ,
27 ,    2285 ,     qi ,    0 ,     237 ,     32349 ,    33163 ,    4472         ,
27 ,    2325 ,     qi ,    0 ,     271 ,     33171 ,    33319 ,    4434         ,
27 ,    2365 ,     qi ,    0 ,     280 ,     35643 ,    33493 ,    4595         ,
27 ,    2405 ,     qi ,    0 ,     258 ,     36080 ,    35629 ,    4695         ,
27 ,    2445 ,     qi ,    0 ,     274 ,     36243 ,    35325 ,    4844         ,
27 ,    2485 ,     qi ,    0 ,     279 ,     35644 ,    35511 ,    4693         ,
27 ,    2525 ,     qi ,    0 ,     268 ,     37368 ,    37047 ,    4830         ,
27 ,    2565 ,     qi ,    0 ,     279 ,     36563 ,    37483 ,    4916         ,
27 ,    2605 ,     qi ,    0 ,     279 ,     39155 ,    37302 ,    5038         ,
27 ,    2645 ,     qi ,    0 ,     300 ,     43575 ,    37965 ,    5079         ,
27 ,    2685 ,     qi ,    0 ,     284 ,     38982 ,    39783 ,    5211         ,
27 ,    2725 ,     qi ,    0 ,     326 ,     40835 ,    39382 ,    5669         ,
27 ,    2765 ,     qi ,    0 ,     305 ,     43286 ,    39426 ,    5294         ,
27 ,    2805 ,     qi ,    0 ,     320 ,     40117 ,    40542 ,    5586         ,
27 ,    2845 ,     qi ,    0 ,     359 ,     40881 ,    39422 ,    5463         ,
27 ,    2885 ,     qi ,    0 ,     322 ,     41337 ,    41753 ,    5541         ,
27 ,    2925 ,     qi ,    0 ,     340 ,     42055 ,    42817 ,    5665         ,
27 ,    2965 ,     qi ,    0 ,     372 ,     42044 ,    41145 ,    5539         ,
27 ,    3005 ,     qi ,    0 ,     345 ,     45118 ,    44558 ,    8622         ,
27 ,    3045 ,     qi ,    0 ,     348 ,     42214 ,    45198 ,    5909         ,
27 ,    3085 ,     qi ,    0 ,     372 ,     44155 ,    43381 ,    5978         ,
27 ,    3125 ,     qi ,    0 ,     345 ,     43843 ,    45548 ,    6045         ,
27 ,    3165 ,     qi ,    0 ,     367 ,     47166 ,    45520 ,    6277         ,
27 ,    3205 ,     qi ,    0 ,     354 ,     45689 ,    46785 ,    6170         ,
27 ,    3245 ,     qi ,    0 ,     391 ,     49663 ,    48426 ,    6564         ,
27 ,    3285 ,     qi ,    0 ,     371 ,     49691 ,    48733 ,    6529         ,
27 ,    3325 ,     qi ,    0 ,     408 ,     51931 ,    48248 ,    6503         ,
27 ,    3365 ,     qi ,    0 ,     415 ,     50996 ,    48486 ,    6903         ,
27 ,    3405 ,     qi ,    0 ,     370 ,     51595 ,    50008 ,    6769         ,
27 ,    3445 ,     qi ,    0 ,     403 ,     48534 ,    48907 ,    6686         ,
27 ,    3485 ,     qi ,    0 ,     403 ,     52240 ,    51542 ,    7011         ,
27 ,    3525 ,     qi ,    0 ,     408 ,     54532 ,    52313 ,    6955         ,
27 ,    3565 ,     qi ,    0 ,     451 ,     53942 ,    50076 ,    6930         ,
27 ,    3605 ,     qi ,    0 ,     422 ,     53938 ,    51968 ,    7146         ,
27 ,    3645 ,     qi ,    0 ,     434 ,     55793 ,    53368 ,    7499         ,
27 ,    3685 ,     qi ,    0 ,     420 ,     50413 ,    53703 ,    7319         ,
27 ,    3725 ,     qi ,    0 ,     417 ,     56497 ,    54288 ,    7359         ,
27 ,    3765 ,     qi ,    0 ,     406 ,     54958 ,    54713 ,    7301         ,
27 ,    3805 ,     qi ,    0 ,     419 ,     59184 ,    57117 ,    7738         ,
27 ,    3845 ,     qi ,    0 ,     445 ,     59263 ,    56650 ,    7781         ,
27 ,    3885 ,     qi ,    0 ,     427 ,     58930 ,    57639 ,    8065         ,
27 ,    3925 ,     qi ,    0 ,     408 ,     57481 ,    57952 ,    7870         ,
27 ,    3965 ,     qi ,    0 ,     473 ,     64634 ,    57473 ,    7996         ,
27 ,    4005 ,     qi ,    0 ,     464 ,     61007 ,    59234 ,    8327         ,
27 ,    4045 ,     qi ,    0 ,     468 ,     60785 ,    59774 ,    8104         ,
27 ,    4085 ,     qi ,    0 ,     456 ,     59515 ,    60464 ,    8084         ,
27 ,    4125 ,     qi ,    0 ,     469 ,     64048 ,    61033 ,    8529         ,
27 ,    4165 ,     qi ,    0 ,     473 ,     62598 ,    62618 ,    8475         ,
27 ,    4205 ,     qi ,    0 ,     497 ,     65416 ,    62937 ,    8626         ,
27 ,    4245 ,     qi ,    0 ,     473 ,     63501 ,    62830 ,    8539         ,
27 ,    4285 ,     qi ,    0 ,     482 ,     65591 ,    63886 ,    8713         ,
27 ,    4325 ,     qi ,    0 ,     504 ,     66164 ,    63529 ,    8634         ,
27 ,    4365 ,     qi ,    0 ,     510 ,     65649 ,    63602 ,    9006         ,
27 ,    4405 ,     qi ,    0 ,     492 ,     74724 ,    65594 ,    9114         ,
27 ,    4445 ,     qi ,    0 ,     484 ,     66765 ,    68468 ,    9237         ,
27 ,    4485 ,     qi ,    0 ,     490 ,     69173 ,    67191 ,    9654         ,
27 ,    4525 ,     qi ,    0 ,     499 ,     72974 ,    69342 ,    9520         ,
27 ,    4565 ,     qi ,    0 ,     527 ,     75286 ,    68512 ,    9626         ,
27 ,    4605 ,     qi ,    0 ,     509 ,     71270 ,    69778 ,    9561         ,
27 ,    4645 ,     qi ,    0 ,     534 ,     70642 ,    69963 ,    9568         ,
27 ,    4685 ,     qi ,    0 ,     536 ,     73158 ,    68841 ,    9460         ,
27 ,    4725 ,     qi ,    0 ,     551 ,     67620 ,    69330 ,    9458         ,
27 ,    4765 ,     qi ,    0 ,     531 ,     71782 ,    70966 ,    9995         ,
27 ,    4805 ,     qi ,    0 ,     550 ,     75502 ,    71457 ,    9829         ,
27 ,    4845 ,     qi ,    0 ,     555 ,     76048 ,    71823 ,    9912         ,
27 ,    4885 ,     qi ,    0 ,     546 ,     74933 ,    72541 ,    9912         ,
27 ,    4925 ,     qi ,    0 ,     564 ,     77337 ,    73114 ,    10402         ,
27 ,    4965 ,     qi ,    0 ,     569 ,     82550 ,    75202 ,    10561         ,
27 ,    5 ,     qi ,    1 ,     4 ,     6 ,    7 ,    5         ,
27 ,    45 ,     qi ,    1 ,     4 ,     86 ,    87 ,    11         ,
27 ,    85 ,     qi ,    1 ,     4 ,     166 ,    167 ,    19         ,
27 ,    125 ,     qi ,    1 ,     10 ,     364 ,    245 ,    31         ,
27 ,    165 ,     qi ,    1 ,     10 ,     484 ,    325 ,    43         ,
27 ,    205 ,     qi ,    1 ,     10 ,     604 ,    405 ,    49         ,
27 ,    245 ,     qi ,    1 ,     22 ,     954 ,    481 ,    68         ,
27 ,    285 ,     qi ,    1 ,     22 ,     1114 ,    561 ,    77         ,
27 ,    325 ,     qi ,    1 ,     22 ,     1274 ,    641 ,    87         ,
27 ,    365 ,     qi ,    1 ,     22 ,     1434 ,    721 ,    97         ,
27 ,    405 ,     qi ,    1 ,     22 ,     1594 ,    801 ,    109         ,
27 ,    445 ,     qi ,    1 ,     46 ,     2168 ,    873 ,    137         ,
27 ,    485 ,     qi ,    1 ,     46 ,     2368 ,    953 ,    148         ,
27 ,    525 ,     qi ,    1 ,     46 ,     2568 ,    1033 ,    157         ,
27 ,    565 ,     qi ,    1 ,     46 ,     2768 ,    1113 ,    175         ,
27 ,    605 ,     qi ,    1 ,     46 ,     2968 ,    1193 ,    181         ,
27 ,    645 ,     qi ,    1 ,     46 ,     3168 ,    1273 ,    190         ,
27 ,    685 ,     qi ,    1 ,     46 ,     3368 ,    1353 ,    203         ,
27 ,    725 ,     qi ,    1 ,     46 ,     3568 ,    1433 ,    215         ,
27 ,    765 ,     qi ,    1 ,     46 ,     3768 ,    1513 ,    225         ,
27 ,    805 ,     qi ,    1 ,     46 ,     3968 ,    1593 ,    239         ,
27 ,    845 ,     qi ,    1 ,     88 ,     4854 ,    1659 ,    276         ,
27 ,    885 ,     qi ,    1 ,     94 ,     5190 ,    1737 ,    297         ,
27 ,    925 ,     qi ,    1 ,     94 ,     5430 ,    1817 ,    306         ,
27 ,    965 ,     qi ,    1 ,     94 ,     5670 ,    1897 ,    320         ,
27 ,    1005 ,     qi ,    1 ,     94 ,     5910 ,    1977 ,    333         ,
27 ,    1045 ,     qi ,    1 ,     94 ,     6150 ,    2057 ,    352         ,
27 ,    1085 ,     qi ,    1 ,     94 ,     6390 ,    2137 ,    357         ,
27 ,    1125 ,     qi ,    1 ,     94 ,     6630 ,    2217 ,    369         ,
27 ,    1165 ,     qi ,    1 ,     94 ,     6870 ,    2297 ,    384         ,
27 ,    1205 ,     qi ,    1 ,     94 ,     7110 ,    2377 ,    398         ,
27 ,    1245 ,     qi ,    1 ,     94 ,     7350 ,    2457 ,    533         ,
27 ,    1285 ,     qi ,    1 ,     94 ,     7590 ,    2537 ,    422         ,
27 ,    1325 ,     qi ,    1 ,     94 ,     7830 ,    2617 ,    437         ,
27 ,    1365 ,     qi ,    1 ,     94 ,     8070 ,    2697 ,    447         ,
27 ,    1405 ,     qi ,    1 ,     94 ,     8310 ,    2777 ,    466         ,
27 ,    1445 ,     qi ,    1 ,     94 ,     8550 ,    2857 ,    472         ,
27 ,    1485 ,     qi ,    1 ,     94 ,     8790 ,    2937 ,    484         ,
27 ,    1525 ,     qi ,    1 ,     94 ,     9030 ,    3017 ,    496         ,
27 ,    1565 ,     qi ,    1 ,     94 ,     9270 ,    3097 ,    514         ,
27 ,    1605 ,     qi ,    1 ,     94 ,     9510 ,    3177 ,    522         ,
27 ,    1645 ,     qi ,    1 ,     94 ,     9750 ,    3257 ,    536         ,
27 ,    1685 ,     qi ,    1 ,     160 ,     11068 ,    3315 ,    598         ,
27 ,    1725 ,     qi ,    1 ,     190 ,     11828 ,    3385 ,    623         ,
27 ,    1765 ,     qi ,    1 ,     190 ,     12108 ,    3465 ,    642         ,
27 ,    1805 ,     qi ,    1 ,     190 ,     12388 ,    3545 ,    649         ,
27 ,    1845 ,     qi ,    1 ,     190 ,     12668 ,    3625 ,    669         ,
27 ,    1885 ,     qi ,    1 ,     190 ,     12948 ,    3705 ,    687         ,
27 ,    1925 ,     qi ,    1 ,     190 ,     13228 ,    3785 ,    698         ,
27 ,    1965 ,     qi ,    1 ,     190 ,     13508 ,    3865 ,    713         ,
27 ,    2005 ,     qi ,    1 ,     190 ,     13788 ,    3945 ,    968         ,
27 ,    2045 ,     qi ,    1 ,     190 ,     14068 ,    4025 ,    745         ,
27 ,    2085 ,     qi ,    1 ,     190 ,     14348 ,    4105 ,    752         ,
27 ,    2125 ,     qi ,    1 ,     190 ,     14628 ,    4185 ,    776         ,
27 ,    2165 ,     qi ,    1 ,     190 ,     14908 ,    4265 ,    788         ,
27 ,    2205 ,     qi ,    1 ,     190 ,     15188 ,    4345 ,    805         ,
27 ,    2245 ,     qi ,    1 ,     190 ,     15468 ,    4425 ,    809         ,
27 ,    2285 ,     qi ,    1 ,     190 ,     15748 ,    4505 ,    833         ,
27 ,    2325 ,     qi ,    1 ,     190 ,     16028 ,    4585 ,    838         ,
27 ,    2365 ,     qi ,    1 ,     190 ,     16308 ,    4665 ,    852         ,
27 ,    2405 ,     qi ,    1 ,     190 ,     16588 ,    4745 ,    870         ,
27 ,    2445 ,     qi ,    1 ,     190 ,     16868 ,    4825 ,    882         ,
27 ,    2485 ,     qi ,    1 ,     190 ,     17148 ,    4905 ,    895         ,
27 ,    2525 ,     qi ,    1 ,     190 ,     17428 ,    4985 ,    1037         ,
27 ,    2565 ,     qi ,    1 ,     190 ,     17708 ,    5065 ,    926         ,
27 ,    2605 ,     qi ,    1 ,     190 ,     17988 ,    5145 ,    948         ,
27 ,    2645 ,     qi ,    1 ,     190 ,     18268 ,    5225 ,    949         ,
27 ,    2685 ,     qi ,    1 ,     190 ,     18548 ,    5305 ,    971         ,
27 ,    2725 ,     qi ,    1 ,     190 ,     18828 ,    5385 ,    981         ,
27 ,    2765 ,     qi ,    1 ,     190 ,     19108 ,    5465 ,    999         ,
27 ,    2805 ,     qi ,    1 ,     190 ,     19388 ,    5545 ,    1019         ,
27 ,    2845 ,     qi ,    1 ,     190 ,     19668 ,    5625 ,    1153         ,
27 ,    2885 ,     qi ,    1 ,     190 ,     19948 ,    5705 ,    1047         ,
27 ,    2925 ,     qi ,    1 ,     190 ,     20228 ,    5785 ,    1053         ,
27 ,    2965 ,     qi ,    1 ,     190 ,     20508 ,    5865 ,    1205         ,
27 ,    3005 ,     qi ,    1 ,     190 ,     20788 ,    5945 ,    1086         ,
27 ,    3045 ,     qi ,    1 ,     190 ,     21068 ,    6025 ,    1108         ,
27 ,    3085 ,     qi ,    1 ,     190 ,     21348 ,    6105 ,    1116         ,
27 ,    3125 ,     qi ,    1 ,     190 ,     21628 ,    6185 ,    1131         ,
27 ,    3165 ,     qi ,    1 ,     190 ,     21908 ,    6265 ,    1140         ,
27 ,    3205 ,     qi ,    1 ,     190 ,     22188 ,    6345 ,    1166         ,
27 ,    3245 ,     qi ,    1 ,     190 ,     22468 ,    6425 ,    1171         ,
27 ,    3285 ,     qi ,    1 ,     190 ,     22748 ,    6505 ,    1192         ,
27 ,    3325 ,     qi ,    1 ,     190 ,     23028 ,    6585 ,    1200         ,
27 ,    3365 ,     qi ,    1 ,     304 ,     25170 ,    6627 ,    1514         ,
27 ,    3405 ,     qi ,    1 ,     382 ,     26738 ,    6681 ,    1350         ,
27 ,    3445 ,     qi ,    1 ,     382 ,     27058 ,    6761 ,    1361         ,
27 ,    3485 ,     qi ,    1 ,     382 ,     27378 ,    6841 ,    1373         ,
27 ,    3525 ,     qi ,    1 ,     382 ,     27698 ,    6921 ,    1517         ,
27 ,    3565 ,     qi ,    1 ,     382 ,     28018 ,    7001 ,    1414         ,
27 ,    3605 ,     qi ,    1 ,     382 ,     28338 ,    7081 ,    1430         ,
27 ,    3645 ,     qi ,    1 ,     382 ,     28658 ,    7161 ,    1582         ,
27 ,    3685 ,     qi ,    1 ,     382 ,     28978 ,    7241 ,    1461         ,
27 ,    3725 ,     qi ,    1 ,     382 ,     29298 ,    7321 ,    1473         ,
27 ,    3765 ,     qi ,    1 ,     382 ,     29618 ,    7401 ,    1491         ,
27 ,    3805 ,     qi ,    1 ,     382 ,     29938 ,    7481 ,    1519         ,
27 ,    3845 ,     qi ,    1 ,     382 ,     30258 ,    7561 ,    1531         ,
27 ,    3885 ,     qi ,    1 ,     382 ,     30578 ,    7641 ,    1791         ,
27 ,    3925 ,     qi ,    1 ,     382 ,     30898 ,    7721 ,    1574         ,
27 ,    3965 ,     qi ,    1 ,     382 ,     31218 ,    7801 ,    1586         ,
27 ,    4005 ,     qi ,    1 ,     382 ,     31538 ,    7881 ,    1591         ,
27 ,    4045 ,     qi ,    1 ,     382 ,     31858 ,    7961 ,    1599         ,
27 ,    4085 ,     qi ,    1 ,     382 ,     32178 ,    8041 ,    1635         ,
27 ,    4125 ,     qi ,    1 ,     382 ,     32498 ,    8121 ,    1638         ,
27 ,    4165 ,     qi ,    1 ,     382 ,     32818 ,    8201 ,    1776         ,
27 ,    4205 ,     qi ,    1 ,     382 ,     33138 ,    8281 ,    1677         ,
27 ,    4245 ,     qi ,    1 ,     382 ,     33458 ,    8361 ,    1680         ,
27 ,    4285 ,     qi ,    1 ,     382 ,     33778 ,    8441 ,    1706         ,
27 ,    4325 ,     qi ,    1 ,     382 ,     34098 ,    8521 ,    2024         ,
27 ,    4365 ,     qi ,    1 ,     382 ,     34418 ,    8601 ,    1732         ,
27 ,    4405 ,     qi ,    1 ,     382 ,     34738 ,    8681 ,    1747         ,
27 ,    4445 ,     qi ,    1 ,     382 ,     35058 ,    8761 ,    1763         ,
27 ,    4485 ,     qi ,    1 ,     382 ,     35378 ,    8841 ,    1782         ,
27 ,    4525 ,     qi ,    1 ,     382 ,     35698 ,    8921 ,    1793         ,
27 ,    4565 ,     qi ,    1 ,     382 ,     36018 ,    9001 ,    1813         ,
27 ,    4605 ,     qi ,    1 ,     382 ,     36338 ,    9081 ,    1836         ,
27 ,    4645 ,     qi ,    1 ,     382 ,     36658 ,    9161 ,    1848         ,
27 ,    4685 ,     qi ,    1 ,     382 ,     36978 ,    9241 ,    1855         ,
27 ,    4725 ,     qi ,    1 ,     382 ,     37298 ,    9321 ,    2028         ,
27 ,    4765 ,     qi ,    1 ,     382 ,     37618 ,    9401 ,    2018         ,
27 ,    4805 ,     qi ,    1 ,     382 ,     37938 ,    9481 ,    1914         ,
27 ,    4845 ,     qi ,    1 ,     382 ,     38258 ,    9561 ,    1929         ,
27 ,    4885 ,     qi ,    1 ,     382 ,     38578 ,    9641 ,    1934         ,
27 ,    4925 ,     qi ,    1 ,     382 ,     38898 ,    9721 ,    2180         ,
27 ,    4965 ,     qi ,    1 ,     382 ,     39218 ,    9801 ,    2085         ,
27 ,    5 ,     qi ,    2 ,     4 ,     2 ,    13 ,    4         ,
27 ,    45 ,     qi ,    2 ,     4 ,     42 ,    153 ,    14         ,
27 ,    85 ,     qi ,    2 ,     4 ,     82 ,    293 ,    24         ,
27 ,    125 ,     qi ,    2 ,     10 ,     240 ,    431 ,    40         ,
27 ,    165 ,     qi ,    2 ,     10 ,     320 ,    571 ,    54         ,
27 ,    205 ,     qi ,    2 ,     10 ,     400 ,    711 ,    65         ,
27 ,    245 ,     qi ,    2 ,     22 ,     710 ,    847 ,    86         ,
27 ,    285 ,     qi ,    2 ,     22 ,     830 ,    987 ,    147         ,
27 ,    325 ,     qi ,    2 ,     22 ,     950 ,    1127 ,    171         ,
27 ,    365 ,     qi ,    2 ,     22 ,     1070 ,    1267 ,    213         ,
27 ,    405 ,     qi ,    2 ,     22 ,     1190 ,    1407 ,    140         ,
27 ,    445 ,     qi ,    2 ,     46 ,     1724 ,    1539 ,    170         ,
27 ,    485 ,     qi ,    2 ,     46 ,     1884 ,    1679 ,    184         ,
27 ,    525 ,     qi ,    2 ,     46 ,     2044 ,    1819 ,    200         ,
27 ,    565 ,     qi ,    2 ,     46 ,     2204 ,    1959 ,    215         ,
27 ,    605 ,     qi ,    2 ,     46 ,     2364 ,    2099 ,    228         ,
27 ,    645 ,     qi ,    2 ,     46 ,     2524 ,    2239 ,    243         ,
27 ,    685 ,     qi ,    2 ,     46 ,     2684 ,    2379 ,    378         ,
27 ,    725 ,     qi ,    2 ,     46 ,     2844 ,    2519 ,    271         ,
27 ,    765 ,     qi ,    2 ,     46 ,     3004 ,    2659 ,    291         ,
27 ,    805 ,     qi ,    2 ,     46 ,     3164 ,    2799 ,    302         ,
27 ,    845 ,     qi ,    2 ,     88 ,     4010 ,    2925 ,    344         ,
27 ,    885 ,     qi ,    2 ,     94 ,     4306 ,    3063 ,    363         ,
27 ,    925 ,     qi ,    2 ,     94 ,     4506 ,    3203 ,    380         ,
27 ,    965 ,     qi ,    2 ,     94 ,     4706 ,    3343 ,    401         ,
27 ,    1005 ,     qi ,    2 ,     94 ,     4906 ,    3483 ,    412         ,
27 ,    1045 ,     qi ,    2 ,     94 ,     5106 ,    3623 ,    431         ,
27 ,    1085 ,     qi ,    2 ,     94 ,     5306 ,    3763 ,    442         ,
27 ,    1125 ,     qi ,    2 ,     94 ,     5506 ,    3903 ,    460         ,
27 ,    1165 ,     qi ,    2 ,     94 ,     5706 ,    4043 ,    475         ,
27 ,    1205 ,     qi ,    2 ,     94 ,     5906 ,    4183 ,    492         ,
27 ,    1245 ,     qi ,    2 ,     94 ,     6106 ,    4323 ,    507         ,
27 ,    1285 ,     qi ,    2 ,     94 ,     6306 ,    4463 ,    523         ,
27 ,    1325 ,     qi ,    2 ,     94 ,     6506 ,    4603 ,    541         ,
27 ,    1365 ,     qi ,    2 ,     94 ,     6706 ,    4743 ,    555         ,
27 ,    1405 ,     qi ,    2 ,     94 ,     6906 ,    4883 ,    573         ,
27 ,    1445 ,     qi ,    2 ,     94 ,     7106 ,    5023 ,    588         ,
27 ,    1485 ,     qi ,    2 ,     94 ,     7306 ,    5163 ,    602         ,
27 ,    1525 ,     qi ,    2 ,     94 ,     7506 ,    5303 ,    616         ,
27 ,    1565 ,     qi ,    2 ,     94 ,     7706 ,    5443 ,    634         ,
27 ,    1605 ,     qi ,    2 ,     94 ,     7906 ,    5583 ,    651         ,
27 ,    1645 ,     qi ,    2 ,     94 ,     8106 ,    5723 ,    667         ,
27 ,    1685 ,     qi ,    2 ,     160 ,     9384 ,    5841 ,    723         ,
27 ,    1725 ,     qi ,    2 ,     190 ,     10104 ,    5971 ,    760         ,
27 ,    1765 ,     qi ,    2 ,     190 ,     10344 ,    6111 ,    775         ,
27 ,    1805 ,     qi ,    2 ,     190 ,     10584 ,    6251 ,    798         ,
27 ,    1845 ,     qi ,    2 ,     190 ,     10824 ,    6391 ,    811         ,
27 ,    1885 ,     qi ,    2 ,     190 ,     11064 ,    6531 ,    834         ,
27 ,    1925 ,     qi ,    2 ,     190 ,     11304 ,    6671 ,    854         ,
27 ,    1965 ,     qi ,    2 ,     190 ,     11544 ,    6811 ,    1204         ,
27 ,    2005 ,     qi ,    2 ,     190 ,     11784 ,    6951 ,    887         ,
27 ,    2045 ,     qi ,    2 ,     190 ,     12024 ,    7091 ,    1030         ,
27 ,    2085 ,     qi ,    2 ,     190 ,     12264 ,    7231 ,    918         ,
27 ,    2125 ,     qi ,    2 ,     190 ,     12504 ,    7371 ,    935         ,
27 ,    2165 ,     qi ,    2 ,     190 ,     12744 ,    7511 ,    955         ,
27 ,    2205 ,     qi ,    2 ,     190 ,     12984 ,    7651 ,    971         ,
27 ,    2245 ,     qi ,    2 ,     190 ,     13224 ,    7791 ,    997         ,
27 ,    2285 ,     qi ,    2 ,     190 ,     13464 ,    7931 ,    1009         ,
27 ,    2325 ,     qi ,    2 ,     190 ,     13704 ,    8071 ,    1023         ,
27 ,    2365 ,     qi ,    2 ,     190 ,     13944 ,    8211 ,    1041         ,
27 ,    2405 ,     qi ,    2 ,     190 ,     14184 ,    8351 ,    1060         ,
27 ,    2445 ,     qi ,    2 ,     190 ,     14424 ,    8491 ,    1076         ,
27 ,    2485 ,     qi ,    2 ,     190 ,     14664 ,    8631 ,    1092         ,
27 ,    2525 ,     qi ,    2 ,     190 ,     14904 ,    8771 ,    1235         ,
27 ,    2565 ,     qi ,    2 ,     190 ,     15144 ,    8911 ,    1128         ,
27 ,    2605 ,     qi ,    2 ,     190 ,     15384 ,    9051 ,    1146         ,
27 ,    2645 ,     qi ,    2 ,     190 ,     15624 ,    9191 ,    1163         ,
27 ,    2685 ,     qi ,    2 ,     190 ,     15864 ,    9331 ,    1315         ,
27 ,    2725 ,     qi ,    2 ,     190 ,     16104 ,    9471 ,    1196         ,
27 ,    2765 ,     qi ,    2 ,     190 ,     16344 ,    9611 ,    1212         ,
27 ,    2805 ,     qi ,    2 ,     190 ,     16584 ,    9751 ,    1230         ,
27 ,    2845 ,     qi ,    2 ,     190 ,     16824 ,    9891 ,    1369         ,
27 ,    2885 ,     qi ,    2 ,     190 ,     17064 ,    10031 ,    1263         ,
27 ,    2925 ,     qi ,    2 ,     190 ,     17304 ,    10171 ,    1280         ,
27 ,    2965 ,     qi ,    2 ,     190 ,     17544 ,    10311 ,    1406         ,
27 ,    3005 ,     qi ,    2 ,     190 ,     17784 ,    10451 ,    1325         ,
27 ,    3045 ,     qi ,    2 ,     190 ,     18024 ,    10591 ,    1337         ,
27 ,    3085 ,     qi ,    2 ,     190 ,     18264 ,    10731 ,    1355         ,
27 ,    3125 ,     qi ,    2 ,     190 ,     18504 ,    10871 ,    1369         ,
27 ,    3165 ,     qi ,    2 ,     190 ,     18744 ,    11011 ,    1389         ,
27 ,    3205 ,     qi ,    2 ,     190 ,     18984 ,    11151 ,    1403         ,
27 ,    3245 ,     qi ,    2 ,     190 ,     19224 ,    11291 ,    1421         ,
27 ,    3285 ,     qi ,    2 ,     190 ,     19464 ,    11431 ,    1437         ,
27 ,    3325 ,     qi ,    2 ,     190 ,     19704 ,    11571 ,    1595         ,
27 ,    3365 ,     qi ,    2 ,     304 ,     21806 ,    11673 ,    1748         ,
27 ,    3405 ,     qi ,    2 ,     382 ,     23334 ,    11787 ,    1619         ,
27 ,    3445 ,     qi ,    2 ,     382 ,     23614 ,    11927 ,    1631         ,
27 ,    3485 ,     qi ,    2 ,     382 ,     23894 ,    12067 ,    1648         ,
27 ,    3525 ,     qi ,    2 ,     382 ,     24174 ,    12207 ,    1664         ,
27 ,    3565 ,     qi ,    2 ,     382 ,     24454 ,    12347 ,    1797         ,
27 ,    3605 ,     qi ,    2 ,     382 ,     24734 ,    12487 ,    1710         ,
27 ,    3645 ,     qi ,    2 ,     382 ,     25014 ,    12627 ,    1721         ,
27 ,    3685 ,     qi ,    2 ,     382 ,     25294 ,    12767 ,    1750         ,
27 ,    3725 ,     qi ,    2 ,     382 ,     25574 ,    12907 ,    1905         ,
27 ,    3765 ,     qi ,    2 ,     382 ,     25854 ,    13047 ,    1794         ,
27 ,    3805 ,     qi ,    2 ,     382 ,     26134 ,    13187 ,    1947         ,
27 ,    3845 ,     qi ,    2 ,     382 ,     26414 ,    13327 ,    1834         ,
27 ,    3885 ,     qi ,    2 ,     382 ,     26694 ,    13467 ,    1841         ,
27 ,    3925 ,     qi ,    2 ,     382 ,     26974 ,    13607 ,    1859         ,
27 ,    3965 ,     qi ,    2 ,     382 ,     27254 ,    13747 ,    1884         ,
27 ,    4005 ,     qi ,    2 ,     382 ,     27534 ,    13887 ,    1904         ,
27 ,    4045 ,     qi ,    2 ,     382 ,     27814 ,    14027 ,    1922         ,
27 ,    4085 ,     qi ,    2 ,     382 ,     28094 ,    14167 ,    1945         ,
27 ,    4125 ,     qi ,    2 ,     382 ,     28374 ,    14307 ,    1965         ,
27 ,    4165 ,     qi ,    2 ,     382 ,     28654 ,    14447 ,    2116         ,
27 ,    4205 ,     qi ,    2 ,     382 ,     28934 ,    14587 ,    2001         ,
27 ,    4245 ,     qi ,    2 ,     382 ,     29214 ,    14727 ,    2010         ,
27 ,    4285 ,     qi ,    2 ,     382 ,     29494 ,    14867 ,    2040         ,
27 ,    4325 ,     qi ,    2 ,     382 ,     29774 ,    15007 ,    2049         ,
27 ,    4365 ,     qi ,    2 ,     382 ,     30054 ,    15147 ,    2076         ,
27 ,    4405 ,     qi ,    2 ,     382 ,     30334 ,    15287 ,    2085         ,
27 ,    4445 ,     qi ,    2 ,     382 ,     30614 ,    15427 ,    2112         ,
27 ,    4485 ,     qi ,    2 ,     382 ,     30894 ,    15567 ,    2124         ,
27 ,    4525 ,     qi ,    2 ,     382 ,     31174 ,    15707 ,    2260         ,
27 ,    4565 ,     qi ,    2 ,     382 ,     31454 ,    15847 ,    2298         ,
27 ,    4605 ,     qi ,    2 ,     382 ,     31734 ,    15987 ,    2187         ,
27 ,    4645 ,     qi ,    2 ,     382 ,     32014 ,    16127 ,    2208         ,
27 ,    4685 ,     qi ,    2 ,     382 ,     32294 ,    16267 ,    2336         ,
27 ,    4725 ,     qi ,    2 ,     382 ,     32574 ,    16407 ,    2243         ,
27 ,    4765 ,     qi ,    2 ,     382 ,     32854 ,    16547 ,    2264         ,
27 ,    4805 ,     qi ,    2 ,     382 ,     33134 ,    16687 ,    4244         ,
27 ,    4845 ,     qi ,    2 ,     382 ,     33414 ,    16827 ,    2295         ,
27 ,    4885 ,     qi ,    2 ,     382 ,     33694 ,    16967 ,    2314         ,
27 ,    4925 ,     qi ,    2 ,     382 ,     33974 ,    17107 ,    2524         ,
27 ,    4965 ,     qi ,    2 ,     382 ,     34254 ,    17247 ,    2355         ,
27 ,    5 ,     qi ,    3 ,     4 ,     4 ,    12 ,    4         ,
27 ,    45 ,     qi ,    3 ,     4 ,     148 ,    236 ,    29         ,
27 ,    85 ,     qi ,    3 ,     7 ,     231 ,    441 ,    49         ,
27 ,    125 ,     qi ,    3 ,     7 ,     470 ,    779 ,    84         ,
27 ,    165 ,     qi ,    3 ,     13 ,     317 ,    824 ,    87         ,
27 ,    205 ,     qi ,    3 ,     19 ,     446 ,    1208 ,    124         ,
27 ,    245 ,     qi ,    3 ,     19 ,     438 ,    1338 ,    140         ,
27 ,    285 ,     qi ,    3 ,     19 ,     512 ,    1563 ,    154         ,
27 ,    325 ,     qi ,    3 ,     28 ,     545 ,    1983 ,    190         ,
27 ,    365 ,     qi ,    3 ,     34 ,     726 ,    2482 ,    242         ,
27 ,    405 ,     qi ,    3 ,     31 ,     745 ,    2526 ,    241         ,
27 ,    445 ,     qi ,    3 ,     37 ,     886 ,    3160 ,    302         ,
27 ,    485 ,     qi ,    3 ,     43 ,     846 ,    3445 ,    321         ,
27 ,    525 ,     qi ,    3 ,     40 ,     1056 ,    3830 ,    362         ,
27 ,    565 ,     qi ,    3 ,     43 ,     1031 ,    3932 ,    368         ,
27 ,    605 ,     qi ,    3 ,     43 ,     1062 ,    4278 ,    402         ,
27 ,    645 ,     qi ,    3 ,     55 ,     1184 ,    4974 ,    457         ,
27 ,    685 ,     qi ,    3 ,     61 ,     1191 ,    5348 ,    490         ,
27 ,    725 ,     qi ,    3 ,     55 ,     1293 ,    5538 ,    510         ,
27 ,    765 ,     qi ,    3 ,     55 ,     1560 ,    5776 ,    534         ,
27 ,    805 ,     qi ,    3 ,     67 ,     1418 ,    6403 ,    584         ,
27 ,    845 ,     qi ,    3 ,     73 ,     1499 ,    7033 ,    638         ,
27 ,    885 ,     qi ,    3 ,     79 ,     1734 ,    7584 ,    684         ,
27 ,    925 ,     qi ,    3 ,     76 ,     1714 ,    7486 ,    674         ,
27 ,    965 ,     qi ,    3 ,     85 ,     1722 ,    8160 ,    747         ,
27 ,    1005 ,     qi ,    3 ,     76 ,     1677 ,    8337 ,    748         ,
27 ,    1045 ,     qi ,    3 ,     85 ,     2111 ,    8781 ,    785         ,
27 ,    1085 ,     qi ,    3 ,     88 ,     1825 ,    9149 ,    822         ,
27 ,    1125 ,     qi ,    3 ,     85 ,     2001 ,    9538 ,    860         ,
27 ,    1165 ,     qi ,    3 ,     79 ,     2119 ,    9859 ,    896         ,
27 ,    1205 ,     qi ,    3 ,     85 ,     2157 ,    10318 ,    930         ,
27 ,    1245 ,     qi ,    3 ,     88 ,     2351 ,    10751 ,    983         ,
27 ,    1285 ,     qi ,    3 ,     85 ,     2456 ,    11026 ,    1009         ,
27 ,    1325 ,     qi ,    3 ,     109 ,     2580 ,    11900 ,    1061         ,
27 ,    1365 ,     qi ,    3 ,     112 ,     2395 ,    12183 ,    1100         ,
27 ,    1405 ,     qi ,    3 ,     109 ,     2603 ,    12764 ,    1143         ,
27 ,    1445 ,     qi ,    3 ,     148 ,     2540 ,    14095 ,    1244         ,
27 ,    1485 ,     qi ,    3 ,     136 ,     2502 ,    14007 ,    1243         ,
27 ,    1525 ,     qi ,    3 ,     148 ,     2673 ,    14797 ,    1311         ,
27 ,    1565 ,     qi ,    3 ,     136 ,     2701 ,    14714 ,    1307         ,
27 ,    1605 ,     qi ,    3 ,     151 ,     2765 ,    15511 ,    1383         ,
27 ,    1645 ,     qi ,    3 ,     151 ,     2804 ,    15909 ,    1421         ,
27 ,    1685 ,     qi ,    3 ,     139 ,     2820 ,    15991 ,    1399         ,
27 ,    1725 ,     qi ,    3 ,     139 ,     2931 ,    16358 ,    1563         ,
27 ,    1765 ,     qi ,    3 ,     151 ,     3052 ,    17012 ,    1509         ,
27 ,    1805 ,     qi ,    3 ,     154 ,     3066 ,    17361 ,    1538         ,
27 ,    1845 ,     qi ,    3 ,     151 ,     3230 ,    17877 ,    1573         ,
27 ,    1885 ,     qi ,    3 ,     169 ,     3476 ,    18579 ,    1744         ,
27 ,    1925 ,     qi ,    3 ,     157 ,     3341 ,    18733 ,    1649         ,
27 ,    1965 ,     qi ,    3 ,     157 ,     3380 ,    19155 ,    1683         ,
27 ,    2005 ,     qi ,    3 ,     163 ,     3466 ,    19686 ,    1736         ,
27 ,    2045 ,     qi ,    3 ,     169 ,     3821 ,    20273 ,    1770         ,
27 ,    2085 ,     qi ,    3 ,     157 ,     3526 ,    20342 ,    1794         ,
27 ,    2125 ,     qi ,    3 ,     157 ,     3724 ,    20630 ,    1816         ,
27 ,    2165 ,     qi ,    3 ,     172 ,     3955 ,    21582 ,    2015         ,
27 ,    2205 ,     qi ,    3 ,     172 ,     4467 ,    21861 ,    1910         ,
27 ,    2245 ,     qi ,    3 ,     172 ,     3858 ,    22365 ,    2430         ,
27 ,    2285 ,     qi ,    3 ,     172 ,     4599 ,    22670 ,    1981         ,
27 ,    2325 ,     qi ,    3 ,     172 ,     4229 ,    23056 ,    2009         ,
27 ,    2365 ,     qi ,    3 ,     178 ,     4083 ,    23544 ,    2071         ,
27 ,    2405 ,     qi ,    3 ,     175 ,     4494 ,    23759 ,    2079         ,
27 ,    2445 ,     qi ,    3 ,     157 ,     4370 ,    23866 ,    2105         ,
27 ,    2485 ,     qi ,    3 ,     169 ,     4353 ,    24791 ,    2178         ,
27 ,    2525 ,     qi ,    3 ,     220 ,     4646 ,    26390 ,    2302         ,
27 ,    2565 ,     qi ,    3 ,     229 ,     4410 ,    26811 ,    2344         ,
27 ,    2605 ,     qi ,    3 ,     226 ,     4537 ,    27547 ,    2404         ,
27 ,    2645 ,     qi ,    3 ,     220 ,     5125 ,    27729 ,    2395         ,
27 ,    2685 ,     qi ,    3 ,     226 ,     4579 ,    27992 ,    2439         ,
27 ,    2725 ,     qi ,    3 ,     223 ,     5065 ,    28304 ,    2452         ,
27 ,    2765 ,     qi ,    3 ,     220 ,     5033 ,    28695 ,    2492         ,
27 ,    2805 ,     qi ,    3 ,     226 ,     4855 ,    29270 ,    2689         ,
27 ,    2845 ,     qi ,    3 ,     223 ,     5388 ,    29497 ,    2554         ,
27 ,    2885 ,     qi ,    3 ,     226 ,     5272 ,    30364 ,    2755         ,
27 ,    2925 ,     qi ,    3 ,     271 ,     5008 ,    31893 ,    2767         ,
27 ,    2965 ,     qi ,    3 ,     271 ,     5167 ,    32268 ,    2809         ,
27 ,    3005 ,     qi ,    3 ,     277 ,     4989 ,    32839 ,    2949         ,
27 ,    3045 ,     qi ,    3 ,     277 ,     5219 ,    33296 ,    2889         ,
27 ,    3085 ,     qi ,    3 ,     274 ,     5635 ,    33780 ,    2920         ,
27 ,    3125 ,     qi ,    3 ,     223 ,     5969 ,    32551 ,    2824         ,
27 ,    3165 ,     qi ,    3 ,     271 ,     5478 ,    34438 ,    3111         ,
27 ,    3205 ,     qi ,    3 ,     301 ,     5344 ,    35601 ,    3079         ,
27 ,    3245 ,     qi ,    3 ,     301 ,     5440 ,    36168 ,    3272         ,
27 ,    3285 ,     qi ,    3 ,     280 ,     5606 ,    35851 ,    3100         ,
27 ,    3325 ,     qi ,    3 ,     271 ,     5682 ,    36105 ,    3139         ,
27 ,    3365 ,     qi ,    3 ,     337 ,     6249 ,    38063 ,    3508         ,
27 ,    3405 ,     qi ,    3 ,     277 ,     5952 ,    37282 ,    3251         ,
27 ,    3445 ,     qi ,    3 ,     301 ,     6658 ,    37944 ,    3387         ,
27 ,    3485 ,     qi ,    3 ,     331 ,     6302 ,    39437 ,    3408         ,
27 ,    3525 ,     qi ,    3 ,     301 ,     6063 ,    39445 ,    3541         ,
27 ,    3565 ,     qi ,    3 ,     301 ,     6089 ,    39609 ,    3529         ,
27 ,    3605 ,     qi ,    3 ,     337 ,     6637 ,    40899 ,    3530         ,
27 ,    3645 ,     qi ,    3 ,     340 ,     6783 ,    41401 ,    5882         ,
27 ,    3685 ,     qi ,    3 ,     337 ,     6708 ,    41860 ,    3696         ,
27 ,    3725 ,     qi ,    3 ,     304 ,     6583 ,    41316 ,    3686         ,
27 ,    3765 ,     qi ,    3 ,     337 ,     6337 ,    42788 ,    3806         ,
27 ,    3805 ,     qi ,    3 ,     307 ,     6311 ,    42450 ,    3668         ,
27 ,    3845 ,     qi ,    3 ,     304 ,     6553 ,    43083 ,    3727         ,
27 ,    3885 ,     qi ,    3 ,     340 ,     6979 ,    44087 ,    3778         ,
27 ,    3925 ,     qi ,    3 ,     346 ,     7516 ,    44605 ,    4622         ,
27 ,    3965 ,     qi ,    3 ,     340 ,     7245 ,    44854 ,    3847         ,
27 ,    4005 ,     qi ,    3 ,     337 ,     6923 ,    45492 ,    3923         ,
27 ,    4045 ,     qi ,    3 ,     337 ,     7523 ,    45907 ,    3952         ,
27 ,    4085 ,     qi ,    3 ,     337 ,     7531 ,    46199 ,    3963         ,
27 ,    4125 ,     qi ,    3 ,     340 ,     7434 ,    46649 ,    3999         ,
27 ,    4165 ,     qi ,    3 ,     328 ,     6962 ,    47153 ,    4058         ,
27 ,    4205 ,     qi ,    3 ,     346 ,     7885 ,    47952 ,    4111         ,
27 ,    4245 ,     qi ,    3 ,     346 ,     6996 ,    48255 ,    4148         ,
27 ,    4285 ,     qi ,    3 ,     343 ,     7952 ,    48679 ,    4303         ,
27 ,    4325 ,     qi ,    3 ,     319 ,     7150 ,    48549 ,    4318         ,
27 ,    4365 ,     qi ,    3 ,     340 ,     7968 ,    49512 ,    4252         ,
27 ,    4405 ,     qi ,    3 ,     340 ,     7640 ,    50239 ,    4456         ,
27 ,    4445 ,     qi ,    3 ,     349 ,     7844 ,    50546 ,    4477         ,
27 ,    4485 ,     qi ,    3 ,     349 ,     8816 ,    50932 ,    4493         ,
27 ,    4525 ,     qi ,    3 ,     316 ,     7870 ,    50990 ,    4407         ,
27 ,    4565 ,     qi ,    3 ,     343 ,     7516 ,    51981 ,    4491         ,
27 ,    4605 ,     qi ,    3 ,     343 ,     8339 ,    52280 ,    4453         ,
27 ,    4645 ,     qi ,    3 ,     355 ,     7801 ,    53101 ,    4717         ,
27 ,    4685 ,     qi ,    3 ,     343 ,     7905 ,    53372 ,    4718         ,
27 ,    4725 ,     qi ,    3 ,     328 ,     8011 ,    53401 ,    4713         ,
27 ,    4765 ,     qi ,    3 ,     343 ,     8173 ,    54346 ,    4708         ,
27 ,    4805 ,     qi ,    3 ,     343 ,     8014 ,    54756 ,    4710         ,
27 ,    4845 ,     qi ,    3 ,     349 ,     8204 ,    55388 ,    4883         ,
27 ,    4885 ,     qi ,    3 ,     343 ,     8563 ,    55483 ,    4923         ,
27 ,    4925 ,     qi ,    3 ,     349 ,     8413 ,    56265 ,    5056         ,
27 ,    4965 ,     qi ,    3 ,     439 ,     8086 ,    58947 ,    5163         ,
27 ,    5 ,     qi ,    4 ,     4 ,     3 ,    14 ,    4         ,
27 ,    45 ,     qi ,    4 ,     4 ,     206 ,    269 ,    34         ,
27 ,    85 ,     qi ,    4 ,     7 ,     576 ,    673 ,    83         ,
27 ,    125 ,     qi ,    4 ,     16 ,     642 ,    874 ,    114         ,
27 ,    165 ,     qi ,    4 ,     13 ,     887 ,    1181 ,    144         ,
27 ,    205 ,     qi ,    4 ,     19 ,     928 ,    1235 ,    157         ,
27 ,    245 ,     qi ,    4 ,     25 ,     982 ,    1530 ,    191         ,
27 ,    285 ,     qi ,    4 ,     25 ,     1227 ,    2018 ,    240         ,
27 ,    325 ,     qi ,    4 ,     28 ,     1230 ,    2207 ,    255         ,
27 ,    365 ,     qi ,    4 ,     31 ,     1731 ,    2633 ,    309         ,
27 ,    405 ,     qi ,    4 ,     34 ,     1710 ,    2936 ,    335         ,
27 ,    445 ,     qi ,    4 ,     40 ,     1806 ,    3041 ,    354         ,
27 ,    485 ,     qi ,    4 ,     49 ,     1681 ,    3370 ,    385         ,
27 ,    525 ,     qi ,    4 ,     46 ,     1808 ,    3968 ,    441         ,
27 ,    565 ,     qi ,    4 ,     43 ,     2203 ,    4058 ,    468         ,
27 ,    605 ,     qi ,    4 ,     46 ,     2016 ,    4266 ,    485         ,
27 ,    645 ,     qi ,    4 ,     52 ,     2419 ,    4917 ,    541         ,
27 ,    685 ,     qi ,    4 ,     55 ,     2514 ,    5097 ,    689         ,
27 ,    725 ,     qi ,    4 ,     55 ,     2534 ,    5429 ,    600         ,
27 ,    765 ,     qi ,    4 ,     55 ,     2373 ,    5729 ,    623         ,
27 ,    805 ,     qi ,    4 ,     67 ,     3073 ,    6141 ,    800         ,
27 ,    845 ,     qi ,    4 ,     73 ,     3260 ,    6713 ,    723         ,
27 ,    885 ,     qi ,    4 ,     76 ,     2459 ,    6915 ,    736         ,
27 ,    925 ,     qi ,    4 ,     79 ,     3175 ,    7177 ,    770         ,
27 ,    965 ,     qi ,    4 ,     88 ,     3025 ,    7572 ,    819         ,
27 ,    1005 ,     qi ,    4 ,     88 ,     2883 ,    7709 ,    834         ,
27 ,    1045 ,     qi ,    4 ,     85 ,     3947 ,    8464 ,    1024         ,
27 ,    1085 ,     qi ,    4 ,     97 ,     3645 ,    9005 ,    961         ,
27 ,    1125 ,     qi ,    4 ,     100 ,     3406 ,    9055 ,    973         ,
27 ,    1165 ,     qi ,    4 ,     106 ,     3787 ,    9704 ,    1154         ,
27 ,    1205 ,     qi ,    4 ,     91 ,     3757 ,    9559 ,    1141         ,
27 ,    1245 ,     qi ,    4 ,     103 ,     3844 ,    10323 ,    1100         ,
27 ,    1285 ,     qi ,    4 ,     97 ,     3960 ,    10629 ,    1136         ,
27 ,    1325 ,     qi ,    4 ,     115 ,     4104 ,    10953 ,    1152         ,
27 ,    1365 ,     qi ,    4 ,     118 ,     4065 ,    11468 ,    1219         ,
27 ,    1405 ,     qi ,    4 ,     115 ,     4460 ,    11935 ,    1256         ,
27 ,    1445 ,     qi ,    4 ,     133 ,     4426 ,    12313 ,    1300         ,
27 ,    1485 ,     qi ,    4 ,     124 ,     4988 ,    12730 ,    1341         ,
27 ,    1525 ,     qi ,    4 ,     118 ,     4612 ,    12636 ,    1658         ,
27 ,    1565 ,     qi ,    4 ,     121 ,     4434 ,    13338 ,    1377         ,
27 ,    1605 ,     qi ,    4 ,     133 ,     4343 ,    14050 ,    1442         ,
27 ,    1645 ,     qi ,    4 ,     133 ,     6057 ,    14069 ,    1465         ,
27 ,    1685 ,     qi ,    4 ,     139 ,     5798 ,    14724 ,    1534         ,
27 ,    1725 ,     qi ,    4 ,     139 ,     4950 ,    15015 ,    1557         ,
27 ,    1765 ,     qi ,    4 ,     157 ,     5632 ,    15636 ,    1617         ,
27 ,    1805 ,     qi ,    4 ,     172 ,     5385 ,    16331 ,    1677         ,
27 ,    1845 ,     qi ,    4 ,     139 ,     5328 ,    16041 ,    1658         ,
27 ,    1885 ,     qi ,    4 ,     166 ,     5547 ,    17217 ,    1772         ,
27 ,    1925 ,     qi ,    4 ,     148 ,     6747 ,    17113 ,    1774         ,
27 ,    1965 ,     qi ,    4 ,     175 ,     5960 ,    18018 ,    1862         ,
27 ,    2005 ,     qi ,    4 ,     172 ,     5971 ,    18379 ,    1877         ,
27 ,    2045 ,     qi ,    4 ,     178 ,     6621 ,    18847 ,    1928         ,
27 ,    2085 ,     qi ,    4 ,     175 ,     9063 ,    18423 ,    1913         ,
27 ,    2125 ,     qi ,    4 ,     172 ,     6072 ,    19507 ,    1983         ,
27 ,    2165 ,     qi ,    4 ,     181 ,     6318 ,    19833 ,    2015         ,
27 ,    2205 ,     qi ,    4 ,     190 ,     6888 ,    20032 ,    2036         ,
27 ,    2245 ,     qi ,    4 ,     178 ,     6654 ,    20693 ,    2231         ,
27 ,    2285 ,     qi ,    4 ,     178 ,     6793 ,    21108 ,    2292         ,
27 ,    2325 ,     qi ,    4 ,     193 ,     8145 ,    21147 ,    2171         ,
27 ,    2365 ,     qi ,    4 ,     175 ,     8002 ,    21335 ,    2303         ,
27 ,    2405 ,     qi ,    4 ,     199 ,     6898 ,    22258 ,    2283         ,
27 ,    2445 ,     qi ,    4 ,     196 ,     6598 ,    22951 ,    2438         ,
27 ,    2485 ,     qi ,    4 ,     217 ,     8354 ,    22996 ,    2325         ,
27 ,    2525 ,     qi ,    4 ,     190 ,     8208 ,    23075 ,    2471         ,
27 ,    2565 ,     qi ,    4 ,     217 ,     9141 ,    24222 ,    2569         ,
27 ,    2605 ,     qi ,    4 ,     208 ,     6376 ,    24826 ,    2469         ,
27 ,    2645 ,     qi ,    4 ,     217 ,     8284 ,    25446 ,    2569         ,
27 ,    2685 ,     qi ,    4 ,     214 ,     8173 ,    25256 ,    2563         ,
27 ,    2725 ,     qi ,    4 ,     211 ,     6804 ,    25910 ,    2596         ,
27 ,    2765 ,     qi ,    4 ,     244 ,     7772 ,    26652 ,    2668         ,
27 ,    2805 ,     qi ,    4 ,     271 ,     9027 ,    27705 ,    2882         ,
27 ,    2845 ,     qi ,    4 ,     241 ,     7701 ,    27897 ,    2778         ,
27 ,    2885 ,     qi ,    4 ,     250 ,     8675 ,    28095 ,    2836         ,
27 ,    2925 ,     qi ,    4 ,     247 ,     9943 ,    28287 ,    2949         ,
27 ,    2965 ,     qi ,    4 ,     256 ,     9826 ,    29098 ,    2899         ,
27 ,    3005 ,     qi ,    4 ,     235 ,     9072 ,    29029 ,    2912         ,
27 ,    3045 ,     qi ,    4 ,     250 ,     8218 ,    29894 ,    3172         ,
27 ,    3085 ,     qi ,    4 ,     262 ,     8196 ,    30433 ,    3038         ,
27 ,    3125 ,     qi ,    4 ,     250 ,     8584 ,    30646 ,    3159         ,
27 ,    3165 ,     qi ,    4 ,     271 ,     8785 ,    31378 ,    3137         ,
27 ,    3205 ,     qi ,    4 ,     286 ,     8970 ,    32393 ,    3214         ,
27 ,    3245 ,     qi ,    4 ,     283 ,     10823 ,    32590 ,    3366         ,
27 ,    3285 ,     qi ,    4 ,     298 ,     9403 ,    33226 ,    3303         ,
27 ,    3325 ,     qi ,    4 ,     259 ,     8497 ,    32907 ,    3264         ,
27 ,    3365 ,     qi ,    4 ,     283 ,     9482 ,    34053 ,    3723         ,
27 ,    3405 ,     qi ,    4 ,     280 ,     10015 ,    34290 ,    3410         ,
27 ,    3445 ,     qi ,    4 ,     304 ,     10817 ,    34751 ,    3442         ,
27 ,    3485 ,     qi ,    4 ,     316 ,     10484 ,    35387 ,    3629         ,
27 ,    3525 ,     qi ,    4 ,     289 ,     13397 ,    34795 ,    3604         ,
27 ,    3565 ,     qi ,    4 ,     316 ,     14041 ,    36163 ,    3646         ,
27 ,    3605 ,     qi ,    4 ,     265 ,     10574 ,    35483 ,    3509         ,
27 ,    3645 ,     qi ,    4 ,     310 ,     11679 ,    37429 ,    3737         ,
27 ,    3685 ,     qi ,    4 ,     289 ,     10569 ,    37424 ,    3686         ,
27 ,    3725 ,     qi ,    4 ,     340 ,     12025 ,    38694 ,    6123         ,
27 ,    3765 ,     qi ,    4 ,     295 ,     11765 ,    38365 ,    3794         ,
27 ,    3805 ,     qi ,    4 ,     316 ,     11388 ,    38897 ,    3816         ,
27 ,    3845 ,     qi ,    4 ,     307 ,     11477 ,    38959 ,    3887         ,
27 ,    3885 ,     qi ,    4 ,     331 ,     11739 ,    40167 ,    3957         ,
27 ,    3925 ,     qi ,    4 ,     343 ,     11414 ,    40793 ,    4028         ,
27 ,    3965 ,     qi ,    4 ,     361 ,     10274 ,    41920 ,    4094         ,
27 ,    4005 ,     qi ,    4 ,     349 ,     11806 ,    41890 ,    4417         ,
27 ,    4045 ,     qi ,    4 ,     319 ,     12293 ,    41317 ,    4224         ,
27 ,    4085 ,     qi ,    4 ,     319 ,     14798 ,    41470 ,    4221         ,
27 ,    4125 ,     qi ,    4 ,     352 ,     12530 ,    43120 ,    4269         ,
27 ,    4165 ,     qi ,    4 ,     322 ,     11394 ,    42841 ,    4374         ,
27 ,    4205 ,     qi ,    4 ,     367 ,     12276 ,    44696 ,    4360         ,
27 ,    4245 ,     qi ,    4 ,     355 ,     13089 ,    44467 ,    4718         ,
27 ,    4285 ,     qi ,    4 ,     367 ,     11023 ,    45773 ,    4577         ,
27 ,    4325 ,     qi ,    4 ,     364 ,     11209 ,    46063 ,    4524         ,
27 ,    4365 ,     qi ,    4 ,     382 ,     11916 ,    46277 ,    5125         ,
27 ,    4405 ,     qi ,    4 ,     376 ,     11357 ,    47060 ,    4612         ,
27 ,    4445 ,     qi ,    4 ,     376 ,     11218 ,    47332 ,    4698         ,
27 ,    4485 ,     qi ,    4 ,     367 ,     13340 ,    47063 ,    6965         ,
27 ,    4525 ,     qi ,    4 ,     394 ,     13676 ,    48265 ,    4747         ,
27 ,    4565 ,     qi ,    4 ,     388 ,     12077 ,    48960 ,    4913         ,
27 ,    4605 ,     qi ,    4 ,     385 ,     12422 ,    49278 ,    4812         ,
27 ,    4645 ,     qi ,    4 ,     355 ,     16792 ,    48206 ,    4770         ,
27 ,    4685 ,     qi ,    4 ,     376 ,     12855 ,    49832 ,    5002         ,
27 ,    4725 ,     qi ,    4 ,     394 ,     13054 ,    50578 ,    4969         ,
27 ,    4765 ,     qi ,    4 ,     379 ,     12597 ,    50806 ,    4969         ,
27 ,    4805 ,     qi ,    4 ,     388 ,     13282 ,    50921 ,    5104         ,
27 ,    4845 ,     qi ,    4 ,     406 ,     16560 ,    51922 ,    5194         ,
27 ,    4885 ,     qi ,    4 ,     373 ,     13931 ,    51958 ,    5228         ,
27 ,    4925 ,     qi ,    4 ,     406 ,     14021 ,    52777 ,    5477         ,
27 ,    4965 ,     qi ,    4 ,     394 ,     12376 ,    53554 ,    5222         ,


