SEED ,  SIZE ,  ALG ,  TYPE ,  CALLS ,  CMP ,     MOVE ,    TIME              ,
27 ,    5 ,     s ,    0 ,     1 ,     10 ,    9 ,    4         ,
27 ,    45 ,     s ,    0 ,     1 ,     990 ,    120 ,    55         ,
27 ,    85 ,     s ,    0 ,     1 ,     3570 ,    237 ,    159         ,
27 ,    125 ,     s ,    0 ,     1 ,     7750 ,    357 ,    321         ,
27 ,    165 ,     s ,    0 ,     1 ,     13530 ,    486 ,    534         ,
27 ,    205 ,     s ,    0 ,     1 ,     20910 ,    597 ,    800         ,
27 ,    245 ,     s ,    0 ,     1 ,     29890 ,    702 ,    1118         ,
27 ,    285 ,     s ,    0 ,     1 ,     40470 ,    834 ,    1610         ,
27 ,    325 ,     s ,    0 ,     1 ,     52650 ,    960 ,    1913         ,
27 ,    365 ,     s ,    0 ,     1 ,     66430 ,    1062 ,    2395         ,
27 ,    405 ,     s ,    0 ,     1 ,     81810 ,    1194 ,    2935         ,
27 ,    445 ,     s ,    0 ,     1 ,     98790 ,    1308 ,    3502         ,
27 ,    485 ,     s ,    0 ,     1 ,     117370 ,    1440 ,    4271         ,
27 ,    525 ,     s ,    0 ,     1 ,     137550 ,    1554 ,    4819         ,
27 ,    565 ,     s ,    0 ,     1 ,     159330 ,    1659 ,    5697         ,
27 ,    605 ,     s ,    0 ,     1 ,     182710 ,    1794 ,    6920         ,
27 ,    645 ,     s ,    0 ,     1 ,     207690 ,    1920 ,    7236         ,
27 ,    685 ,     s ,    0 ,     1 ,     234270 ,    2031 ,    8154         ,
27 ,    725 ,     s ,    0 ,     1 ,     262450 ,    2160 ,    9420         ,
27 ,    765 ,     s ,    0 ,     1 ,     292230 ,    2277 ,    10262         ,
27 ,    805 ,     s ,    0 ,     1 ,     323610 ,    2403 ,    11538         ,
27 ,    845 ,     s ,    0 ,     1 ,     356590 ,    2520 ,    12491         ,
27 ,    885 ,     s ,    0 ,     1 ,     391170 ,    2634 ,    13618         ,
27 ,    925 ,     s ,    0 ,     1 ,     427350 ,    2763 ,    17208         ,
27 ,    965 ,     s ,    0 ,     1 ,     465130 ,    2865 ,    16312         ,
27 ,    1005 ,     s ,    0 ,     1 ,     504510 ,    3006 ,    18162         ,
27 ,    1045 ,     s ,    0 ,     1 ,     545490 ,    3114 ,    19031         ,
27 ,    1085 ,     s ,    0 ,     1 ,     588070 ,    3225 ,    22351         ,
27 ,    1125 ,     s ,    0 ,     1 ,     632250 ,    3351 ,    23358         ,
27 ,    1165 ,     s ,    0 ,     1 ,     678030 ,    3471 ,    27870         ,
27 ,    1205 ,     s ,    0 ,     1 ,     725410 ,    3597 ,    26200         ,
27 ,    1245 ,     s ,    0 ,     1 ,     774390 ,    3702 ,    28222         ,
27 ,    1285 ,     s ,    0 ,     1 ,     824970 ,    3828 ,    29644         ,
27 ,    1325 ,     s ,    0 ,     1 ,     877150 ,    3933 ,    30515         ,
27 ,    1365 ,     s ,    0 ,     1 ,     930930 ,    4083 ,    32319         ,
27 ,    1405 ,     s ,    0 ,     1 ,     986310 ,    4200 ,    34052         ,
27 ,    1445 ,     s ,    0 ,     1 ,     1043290 ,    4323 ,    36078         ,
27 ,    1485 ,     s ,    0 ,     1 ,     1101870 ,    4434 ,    38612         ,
27 ,    1525 ,     s ,    0 ,     1 ,     1162050 ,    4539 ,    44661         ,
27 ,    1565 ,     s ,    0 ,     1 ,     1223830 ,    4680 ,    44380         ,
27 ,    1605 ,     s ,    0 ,     1 ,     1287210 ,    4794 ,    45823         ,
27 ,    1645 ,     s ,    0 ,     1 ,     1352190 ,    4920 ,    53003         ,
27 ,    1685 ,     s ,    0 ,     1 ,     1418770 ,    5037 ,    51055         ,
27 ,    1725 ,     s ,    0 ,     1 ,     1486950 ,    5145 ,    58177         ,
27 ,    1765 ,     s ,    0 ,     1 ,     1556730 ,    5271 ,    56999         ,
27 ,    1805 ,     s ,    0 ,     1 ,     1628110 ,    5391 ,    64284         ,
27 ,    1845 ,     s ,    0 ,     1 ,     1701090 ,    5511 ,    64490         ,
27 ,    1885 ,     s ,    0 ,     1 ,     1775670 ,    5625 ,    61671         ,
27 ,    1925 ,     s ,    0 ,     1 ,     1851850 ,    5763 ,    66050         ,
27 ,    1965 ,     s ,    0 ,     1 ,     1929630 ,    5880 ,    66559         ,
27 ,    2005 ,     s ,    0 ,     1 ,     2009010 ,    5976 ,    69603         ,
27 ,    2045 ,     s ,    0 ,     1 ,     2089990 ,    6105 ,    73619         ,
27 ,    2085 ,     s ,    0 ,     1 ,     2172570 ,    6228 ,    76389         ,
27 ,    2125 ,     s ,    0 ,     1 ,     2256750 ,    6342 ,    78074         ,
27 ,    2165 ,     s ,    0 ,     1 ,     2342530 ,    6471 ,    82976         ,
27 ,    2205 ,     s ,    0 ,     1 ,     2429910 ,    6585 ,    87637         ,
27 ,    2245 ,     s ,    0 ,     1 ,     2518890 ,    6702 ,    88291         ,
27 ,    2285 ,     s ,    0 ,     1 ,     2609470 ,    6834 ,    91721         ,
27 ,    2325 ,     s ,    0 ,     1 ,     2701650 ,    6939 ,    95885         ,
27 ,    2365 ,     s ,    0 ,     1 ,     2795430 ,    7080 ,    99682         ,
27 ,    2405 ,     s ,    0 ,     1 ,     2890810 ,    7188 ,    103243         ,
27 ,    2445 ,     s ,    0 ,     1 ,     2987790 ,    7311 ,    103403         ,
27 ,    2485 ,     s ,    0 ,     1 ,     3086370 ,    7443 ,    109104         ,
27 ,    2525 ,     s ,    0 ,     1 ,     3186550 ,    7536 ,    111737         ,
27 ,    2565 ,     s ,    0 ,     1 ,     3288330 ,    7662 ,    114032         ,
27 ,    2605 ,     s ,    0 ,     1 ,     3391710 ,    7767 ,    118335         ,
27 ,    2645 ,     s ,    0 ,     1 ,     3496690 ,    7902 ,    122124         ,
27 ,    2685 ,     s ,    0 ,     1 ,     3603270 ,    8031 ,    126673         ,
27 ,    2725 ,     s ,    0 ,     1 ,     3711450 ,    8154 ,    127827         ,
27 ,    2765 ,     s ,    0 ,     1 ,     3821230 ,    8277 ,    133487         ,
27 ,    2805 ,     s ,    0 ,     1 ,     3932610 ,    8376 ,    139072         ,
27 ,    2845 ,     s ,    0 ,     1 ,     4045590 ,    8508 ,    140764         ,
27 ,    2885 ,     s ,    0 ,     1 ,     4160170 ,    8637 ,    144641         ,
27 ,    2925 ,     s ,    0 ,     1 ,     4276350 ,    8754 ,    150982         ,
27 ,    2965 ,     s ,    0 ,     1 ,     4394130 ,    8883 ,    150920         ,
27 ,    3005 ,     s ,    0 ,     1 ,     4513510 ,    8979 ,    162562         ,
27 ,    3045 ,     s ,    0 ,     1 ,     4634490 ,    9102 ,    162823         ,
27 ,    3085 ,     s ,    0 ,     1 ,     4757070 ,    9234 ,    165296         ,
27 ,    3125 ,     s ,    0 ,     1 ,     4881250 ,    9345 ,    171062         ,
27 ,    3165 ,     s ,    0 ,     1 ,     5007030 ,    9477 ,    172364         ,
27 ,    3205 ,     s ,    0 ,     1 ,     5134410 ,    9600 ,    178524         ,
27 ,    3245 ,     s ,    0 ,     1 ,     5263390 ,    9705 ,    185275         ,
27 ,    3285 ,     s ,    0 ,     1 ,     5393970 ,    9843 ,    336147         ,
27 ,    3325 ,     s ,    0 ,     1 ,     5526150 ,    9948 ,    198222         ,
27 ,    3365 ,     s ,    0 ,     1 ,     5659930 ,    10074 ,    279138         ,
27 ,    3405 ,     s ,    0 ,     1 ,     5795310 ,    10182 ,    221927         ,
27 ,    3445 ,     s ,    0 ,     1 ,     5932290 ,    10305 ,    239406         ,
27 ,    3485 ,     s ,    0 ,     1 ,     6070870 ,    10413 ,    255132         ,
27 ,    3525 ,     s ,    0 ,     1 ,     6211050 ,    10530 ,    248394         ,
27 ,    3565 ,     s ,    0 ,     1 ,     6352830 ,    10662 ,    236094         ,
27 ,    3605 ,     s ,    0 ,     1 ,     6496210 ,    10791 ,    239958         ,
27 ,    3645 ,     s ,    0 ,     1 ,     6641190 ,    10911 ,    351659         ,
27 ,    3685 ,     s ,    0 ,     1 ,     6787770 ,    11013 ,    263458         ,
27 ,    3725 ,     s ,    0 ,     1 ,     6935950 ,    11160 ,    277439         ,
27 ,    3765 ,     s ,    0 ,     1 ,     7085730 ,    11271 ,    289308         ,
27 ,    3805 ,     s ,    0 ,     1 ,     7237110 ,    11400 ,    275203         ,
27 ,    3845 ,     s ,    0 ,     1 ,     7390090 ,    11499 ,    300719         ,
27 ,    3885 ,     s ,    0 ,     1 ,     7544670 ,    11619 ,    308186         ,
27 ,    3925 ,     s ,    0 ,     1 ,     7700850 ,    11742 ,    293903         ,
27 ,    3965 ,     s ,    0 ,     1 ,     7858630 ,    11862 ,    307200         ,
27 ,    4005 ,     s ,    0 ,     1 ,     8018010 ,    11994 ,    321721         ,
27 ,    4045 ,     s ,    0 ,     1 ,     8178990 ,    12108 ,    316232         ,
27 ,    4085 ,     s ,    0 ,     1 ,     8341570 ,    12228 ,    332411         ,
27 ,    4125 ,     s ,    0 ,     1 ,     8505750 ,    12351 ,    336192         ,
27 ,    4165 ,     s ,    0 ,     1 ,     8671530 ,    12465 ,    332372         ,
27 ,    4205 ,     s ,    0 ,     1 ,     8838910 ,    12600 ,    344339         ,
27 ,    4245 ,     s ,    0 ,     1 ,     9007890 ,    12714 ,    422483         ,
27 ,    4285 ,     s ,    0 ,     1 ,     9178470 ,    12825 ,    419730         ,
27 ,    4325 ,     s ,    0 ,     1 ,     9350650 ,    12945 ,    410549         ,
27 ,    4365 ,     s ,    0 ,     1 ,     9524430 ,    13062 ,    409546         ,
27 ,    4405 ,     s ,    0 ,     1 ,     9699810 ,    13170 ,    389238         ,
27 ,    4445 ,     s ,    0 ,     1 ,     9876790 ,    13323 ,    394356         ,
27 ,    4485 ,     s ,    0 ,     1 ,     10055370 ,    13410 ,    389597         ,
27 ,    4525 ,     s ,    0 ,     1 ,     10235550 ,    13542 ,    388663         ,
27 ,    4565 ,     s ,    0 ,     1 ,     10417330 ,    13665 ,    373420         ,
27 ,    4605 ,     s ,    0 ,     1 ,     10600710 ,    13776 ,    377260         ,
27 ,    4645 ,     s ,    0 ,     1 ,     10785690 ,    13902 ,    384194         ,
27 ,    4685 ,     s ,    0 ,     1 ,     10972270 ,    14028 ,    386776         ,
27 ,    4725 ,     s ,    0 ,     1 ,     11160450 ,    14136 ,    391543         ,
27 ,    4765 ,     s ,    0 ,     1 ,     11350230 ,    14268 ,    405111         ,
27 ,    4805 ,     s ,    0 ,     1 ,     11541610 ,    14379 ,    401635         ,
27 ,    4845 ,     s ,    0 ,     1 ,     11734590 ,    14496 ,    415320         ,
27 ,    4885 ,     s ,    0 ,     1 ,     11929170 ,    14634 ,    421684         ,
27 ,    4925 ,     s ,    0 ,     1 ,     12125350 ,    14751 ,    433071         ,
27 ,    4965 ,     s ,    0 ,     1 ,     12323130 ,    14877 ,    436417         ,
27 ,    5 ,     s ,    1 ,     1 ,     10 ,    0 ,    3         ,
27 ,    45 ,     s ,    1 ,     1 ,     990 ,    0 ,    38         ,
27 ,    85 ,     s ,    1 ,     1 ,     3570 ,    0 ,    125         ,
27 ,    125 ,     s ,    1 ,     1 ,     7750 ,    0 ,    263         ,
27 ,    165 ,     s ,    1 ,     1 ,     13530 ,    0 ,    453         ,
27 ,    205 ,     s ,    1 ,     1 ,     20910 ,    0 ,    695         ,
27 ,    245 ,     s ,    1 ,     1 ,     29890 ,    0 ,    987         ,
27 ,    285 ,     s ,    1 ,     1 ,     40470 ,    0 ,    1333         ,
27 ,    325 ,     s ,    1 ,     1 ,     52650 ,    0 ,    1731         ,
27 ,    365 ,     s ,    1 ,     1 ,     66430 ,    0 ,    2314         ,
27 ,    405 ,     s ,    1 ,     1 ,     81810 ,    0 ,    2677         ,
27 ,    445 ,     s ,    1 ,     1 ,     98790 ,    0 ,    3233         ,
27 ,    485 ,     s ,    1 ,     1 ,     117370 ,    0 ,    3958         ,
27 ,    525 ,     s ,    1 ,     1 ,     137550 ,    0 ,    4494         ,
27 ,    565 ,     s ,    1 ,     1 ,     159330 ,    0 ,    5204         ,
27 ,    605 ,     s ,    1 ,     1 ,     182710 ,    0 ,    6118         ,
27 ,    645 ,     s ,    1 ,     1 ,     207690 ,    0 ,    6963         ,
27 ,    685 ,     s ,    1 ,     1 ,     234270 ,    0 ,    8236         ,
27 ,    725 ,     s ,    1 ,     1 ,     262450 ,    0 ,    8743         ,
27 ,    765 ,     s ,    1 ,     1 ,     292230 ,    0 ,    9735         ,
27 ,    805 ,     s ,    1 ,     1 ,     323610 ,    0 ,    10968         ,
27 ,    845 ,     s ,    1 ,     1 ,     356590 ,    0 ,    11863         ,
27 ,    885 ,     s ,    1 ,     1 ,     391170 ,    0 ,    13136         ,
27 ,    925 ,     s ,    1 ,     1 ,     427350 ,    0 ,    14454         ,
27 ,    965 ,     s ,    1 ,     1 ,     465130 ,    0 ,    15842         ,
27 ,    1005 ,     s ,    1 ,     1 ,     504510 ,    0 ,    16926         ,
27 ,    1045 ,     s ,    1 ,     1 ,     545490 ,    0 ,    18627         ,
27 ,    1085 ,     s ,    1 ,     1 ,     588070 ,    0 ,    19697         ,
27 ,    1125 ,     s ,    1 ,     1 ,     632250 ,    0 ,    21118         ,
27 ,    1165 ,     s ,    1 ,     1 ,     678030 ,    0 ,    23177         ,
27 ,    1205 ,     s ,    1 ,     1 ,     725410 ,    0 ,    25324         ,
27 ,    1245 ,     s ,    1 ,     1 ,     774390 ,    0 ,    25988         ,
27 ,    1285 ,     s ,    1 ,     1 ,     824970 ,    0 ,    28167         ,
27 ,    1325 ,     s ,    1 ,     1 ,     877150 ,    0 ,    32684         ,
27 ,    1365 ,     s ,    1 ,     1 ,     930930 ,    0 ,    32131         ,
27 ,    1405 ,     s ,    1 ,     1 ,     986310 ,    0 ,    34812         ,
27 ,    1445 ,     s ,    1 ,     1 ,     1043290 ,    0 ,    39025         ,
27 ,    1485 ,     s ,    1 ,     1 ,     1101870 ,    0 ,    37505         ,
27 ,    1525 ,     s ,    1 ,     1 ,     1162050 ,    0 ,    39206         ,
27 ,    1565 ,     s ,    1 ,     1 ,     1223830 ,    0 ,    41055         ,
27 ,    1605 ,     s ,    1 ,     1 ,     1287210 ,    0 ,    43131         ,
27 ,    1645 ,     s ,    1 ,     1 ,     1352190 ,    0 ,    45953         ,
27 ,    1685 ,     s ,    1 ,     1 ,     1418770 ,    0 ,    47668         ,
27 ,    1725 ,     s ,    1 ,     1 ,     1486950 ,    0 ,    50062         ,
27 ,    1765 ,     s ,    1 ,     1 ,     1556730 ,    0 ,    54947         ,
27 ,    1805 ,     s ,    1 ,     1 ,     1628110 ,    0 ,    54769         ,
27 ,    1845 ,     s ,    1 ,     1 ,     1701090 ,    0 ,    57819         ,
27 ,    1885 ,     s ,    1 ,     1 ,     1775670 ,    0 ,    59690         ,
27 ,    1925 ,     s ,    1 ,     1 ,     1851850 ,    0 ,    62587         ,
27 ,    1965 ,     s ,    1 ,     1 ,     1929630 ,    0 ,    66598         ,
27 ,    2005 ,     s ,    1 ,     1 ,     2009010 ,    0 ,    67719         ,
27 ,    2045 ,     s ,    1 ,     1 ,     2089990 ,    0 ,    70644         ,
27 ,    2085 ,     s ,    1 ,     1 ,     2172570 ,    0 ,    75079         ,
27 ,    2125 ,     s ,    1 ,     1 ,     2256750 ,    0 ,    78060         ,
27 ,    2165 ,     s ,    1 ,     1 ,     2342530 ,    0 ,    80710         ,
27 ,    2205 ,     s ,    1 ,     1 ,     2429910 ,    0 ,    81748         ,
27 ,    2245 ,     s ,    1 ,     1 ,     2518890 ,    0 ,    86807         ,
27 ,    2285 ,     s ,    1 ,     1 ,     2609470 ,    0 ,    89813         ,
27 ,    2325 ,     s ,    1 ,     1 ,     2701650 ,    0 ,    92976         ,
27 ,    2365 ,     s ,    1 ,     1 ,     2795430 ,    0 ,    96599         ,
27 ,    2405 ,     s ,    1 ,     1 ,     2890810 ,    0 ,    99112         ,
27 ,    2445 ,     s ,    1 ,     1 ,     2987790 ,    0 ,    100962         ,
27 ,    2485 ,     s ,    1 ,     1 ,     3086370 ,    0 ,    104638         ,
27 ,    2525 ,     s ,    1 ,     1 ,     3186550 ,    0 ,    109512         ,
27 ,    2565 ,     s ,    1 ,     1 ,     3288330 ,    0 ,    115372         ,
27 ,    2605 ,     s ,    1 ,     1 ,     3391710 ,    0 ,    116944         ,
27 ,    2645 ,     s ,    1 ,     1 ,     3496690 ,    0 ,    120132         ,
27 ,    2685 ,     s ,    1 ,     1 ,     3603270 ,    0 ,    122024         ,
27 ,    2725 ,     s ,    1 ,     1 ,     3711450 ,    0 ,    125251         ,
27 ,    2765 ,     s ,    1 ,     1 ,     3821230 ,    0 ,    128760         ,
27 ,    2805 ,     s ,    1 ,     1 ,     3932610 ,    0 ,    134015         ,
27 ,    2845 ,     s ,    1 ,     1 ,     4045590 ,    0 ,    139619         ,
27 ,    2885 ,     s ,    1 ,     1 ,     4160170 ,    0 ,    143234         ,
27 ,    2925 ,     s ,    1 ,     1 ,     4276350 ,    0 ,    146499         ,
27 ,    2965 ,     s ,    1 ,     1 ,     4394130 ,    0 ,    150121         ,
27 ,    3005 ,     s ,    1 ,     1 ,     4513510 ,    0 ,    152241         ,
27 ,    3045 ,     s ,    1 ,     1 ,     4634490 ,    0 ,    158007         ,
27 ,    3085 ,     s ,    1 ,     1 ,     4757070 ,    0 ,    169054         ,
27 ,    3125 ,     s ,    1 ,     1 ,     4881250 ,    0 ,    168350         ,
27 ,    3165 ,     s ,    1 ,     1 ,     5007030 ,    0 ,    170746         ,
27 ,    3205 ,     s ,    1 ,     1 ,     5134410 ,    0 ,    175871         ,
27 ,    3245 ,     s ,    1 ,     1 ,     5263390 ,    0 ,    178218         ,
27 ,    3285 ,     s ,    1 ,     1 ,     5393970 ,    0 ,    186392         ,
27 ,    3325 ,     s ,    1 ,     1 ,     5526150 ,    0 ,    190607         ,
27 ,    3365 ,     s ,    1 ,     1 ,     5659930 ,    0 ,    195506         ,
27 ,    3405 ,     s ,    1 ,     1 ,     5795310 ,    0 ,    198339         ,
27 ,    3445 ,     s ,    1 ,     1 ,     5932290 ,    0 ,    201072         ,
27 ,    3485 ,     s ,    1 ,     1 ,     6070870 ,    0 ,    211087         ,
27 ,    3525 ,     s ,    1 ,     1 ,     6211050 ,    0 ,    214666         ,
27 ,    3565 ,     s ,    1 ,     1 ,     6352830 ,    0 ,    219328         ,
27 ,    3605 ,     s ,    1 ,     1 ,     6496210 ,    0 ,    223963         ,
27 ,    3645 ,     s ,    1 ,     1 ,     6641190 ,    0 ,    228206         ,
27 ,    3685 ,     s ,    1 ,     1 ,     6787770 ,    0 ,    234439         ,
27 ,    3725 ,     s ,    1 ,     1 ,     6935950 ,    0 ,    239818         ,
27 ,    3765 ,     s ,    1 ,     1 ,     7085730 ,    0 ,    245191         ,
27 ,    3805 ,     s ,    1 ,     1 ,     7237110 ,    0 ,    250211         ,
27 ,    3845 ,     s ,    1 ,     1 ,     7390090 ,    0 ,    254637         ,
27 ,    3885 ,     s ,    1 ,     1 ,     7544670 ,    0 ,    260112         ,
27 ,    3925 ,     s ,    1 ,     1 ,     7700850 ,    0 ,    316613         ,
27 ,    3965 ,     s ,    1 ,     1 ,     7858630 ,    0 ,    273934         ,
27 ,    4005 ,     s ,    1 ,     1 ,     8018010 ,    0 ,    278785         ,
27 ,    4045 ,     s ,    1 ,     1 ,     8178990 ,    0 ,    282567         ,
27 ,    4085 ,     s ,    1 ,     1 ,     8341570 ,    0 ,    288424         ,
27 ,    4125 ,     s ,    1 ,     1 ,     8505750 ,    0 ,    303007         ,
27 ,    4165 ,     s ,    1 ,     1 ,     8671530 ,    0 ,    301892         ,
27 ,    4205 ,     s ,    1 ,     1 ,     8838910 ,    0 ,    307669         ,
27 ,    4245 ,     s ,    1 ,     1 ,     9007890 ,    0 ,    313575         ,
27 ,    4285 ,     s ,    1 ,     1 ,     9178470 ,    0 ,    318987         ,
27 ,    4325 ,     s ,    1 ,     1 ,     9350650 ,    0 ,    326027         ,
27 ,    4365 ,     s ,    1 ,     1 ,     9524430 ,    0 ,    326496         ,
27 ,    4405 ,     s ,    1 ,     1 ,     9699810 ,    0 ,    340879         ,
27 ,    4445 ,     s ,    1 ,     1 ,     9876790 ,    0 ,    347187         ,
27 ,    4485 ,     s ,    1 ,     1 ,     10055370 ,    0 ,    347951         ,
27 ,    4525 ,     s ,    1 ,     1 ,     10235550 ,    0 ,    360043         ,
27 ,    4565 ,     s ,    1 ,     1 ,     10417330 ,    0 ,    366501         ,
27 ,    4605 ,     s ,    1 ,     1 ,     10600710 ,    0 ,    370836         ,
27 ,    4645 ,     s ,    1 ,     1 ,     10785690 ,    0 ,    377074         ,
27 ,    4685 ,     s ,    1 ,     1 ,     10972270 ,    0 ,    385993         ,
27 ,    4725 ,     s ,    1 ,     1 ,     11160450 ,    0 ,    391335         ,
27 ,    4765 ,     s ,    1 ,     1 ,     11350230 ,    0 ,    394970         ,
27 ,    4805 ,     s ,    1 ,     1 ,     11541610 ,    0 ,    414452         ,
27 ,    4845 ,     s ,    1 ,     1 ,     11734590 ,    0 ,    406969         ,
27 ,    4885 ,     s ,    1 ,     1 ,     11929170 ,    0 ,    412530         ,
27 ,    4925 ,     s ,    1 ,     1 ,     12125350 ,    0 ,    427818         ,
27 ,    4965 ,     s ,    1 ,     1 ,     12323130 ,    0 ,    430963         ,
27 ,    5 ,     s ,    2 ,     1 ,     10 ,    6 ,    3         ,
27 ,    45 ,     s ,    2 ,     1 ,     990 ,    66 ,    47         ,
27 ,    85 ,     s ,    2 ,     1 ,     3570 ,    126 ,    141         ,
27 ,    125 ,     s ,    2 ,     1 ,     7750 ,    186 ,    1976         ,
27 ,    165 ,     s ,    2 ,     1 ,     13530 ,    246 ,    487         ,
27 ,    205 ,     s ,    2 ,     1 ,     20910 ,    306 ,    738         ,
27 ,    245 ,     s ,    2 ,     1 ,     29890 ,    366 ,    1041         ,
27 ,    285 ,     s ,    2 ,     1 ,     40470 ,    426 ,    1399         ,
27 ,    325 ,     s ,    2 ,     1 ,     52650 ,    486 ,    1809         ,
27 ,    365 ,     s ,    2 ,     1 ,     66430 ,    546 ,    2405         ,
27 ,    405 ,     s ,    2 ,     1 ,     81810 ,    606 ,    2789         ,
27 ,    445 ,     s ,    2 ,     1 ,     98790 ,    666 ,    3362         ,
27 ,    485 ,     s ,    2 ,     1 ,     117370 ,    726 ,    4102         ,
27 ,    525 ,     s ,    2 ,     1 ,     137550 ,    786 ,    4657         ,
27 ,    565 ,     s ,    2 ,     1 ,     159330 ,    846 ,    5394         ,
27 ,    605 ,     s ,    2 ,     1 ,     182710 ,    906 ,    7968         ,
27 ,    645 ,     s ,    2 ,     1 ,     207690 ,    966 ,    7173         ,
27 ,    685 ,     s ,    2 ,     1 ,     234270 ,    1026 ,    8061         ,
27 ,    725 ,     s ,    2 ,     1 ,     262450 ,    1086 ,    9029         ,
27 ,    765 ,     s ,    2 ,     1 ,     292230 ,    1146 ,    10064         ,
27 ,    805 ,     s ,    2 ,     1 ,     323610 ,    1206 ,    11112         ,
27 ,    845 ,     s ,    2 ,     1 ,     356590 ,    1266 ,    12483         ,
27 ,    885 ,     s ,    2 ,     1 ,     391170 ,    1326 ,    13703         ,
27 ,    925 ,     s ,    2 ,     1 ,     427350 ,    1386 ,    14626         ,
27 ,    965 ,     s ,    2 ,     1 ,     465130 ,    1446 ,    16007         ,
27 ,    1005 ,     s ,    2 ,     1 ,     504510 ,    1506 ,    17383         ,
27 ,    1045 ,     s ,    2 ,     1 ,     545490 ,    1566 ,    19061         ,
27 ,    1085 ,     s ,    2 ,     1 ,     588070 ,    1626 ,    20646         ,
27 ,    1125 ,     s ,    2 ,     1 ,     632250 ,    1686 ,    21692         ,
27 ,    1165 ,     s ,    2 ,     1 ,     678030 ,    1746 ,    23411         ,
27 ,    1205 ,     s ,    2 ,     1 ,     725410 ,    1806 ,    24992         ,
27 ,    1245 ,     s ,    2 ,     1 ,     774390 ,    1866 ,    26730         ,
27 ,    1285 ,     s ,    2 ,     1 ,     824970 ,    1926 ,    28382         ,
27 ,    1325 ,     s ,    2 ,     1 ,     877150 ,    1986 ,    30144         ,
27 ,    1365 ,     s ,    2 ,     1 ,     930930 ,    2046 ,    34455         ,
27 ,    1405 ,     s ,    2 ,     1 ,     986310 ,    2106 ,    33826         ,
27 ,    1445 ,     s ,    2 ,     1 ,     1043290 ,    2166 ,    35922         ,
27 ,    1485 ,     s ,    2 ,     1 ,     1101870 ,    2226 ,    38190         ,
27 ,    1525 ,     s ,    2 ,     1 ,     1162050 ,    2286 ,    40144         ,
27 ,    1565 ,     s ,    2 ,     1 ,     1223830 ,    2346 ,    45064         ,
27 ,    1605 ,     s ,    2 ,     1 ,     1287210 ,    2406 ,    44367         ,
27 ,    1645 ,     s ,    2 ,     1 ,     1352190 ,    2466 ,    48688         ,
27 ,    1685 ,     s ,    2 ,     1 ,     1418770 ,    2526 ,    48820         ,
27 ,    1725 ,     s ,    2 ,     1 ,     1486950 ,    2586 ,    53058         ,
27 ,    1765 ,     s ,    2 ,     1 ,     1556730 ,    2646 ,    55412         ,
27 ,    1805 ,     s ,    2 ,     1 ,     1628110 ,    2706 ,    58705         ,
27 ,    1845 ,     s ,    2 ,     1 ,     1701090 ,    2766 ,    60088         ,
27 ,    1885 ,     s ,    2 ,     1 ,     1775670 ,    2826 ,    62430         ,
27 ,    1925 ,     s ,    2 ,     1 ,     1851850 ,    2886 ,    64422         ,
27 ,    1965 ,     s ,    2 ,     1 ,     1929630 ,    2946 ,    66514         ,
27 ,    2005 ,     s ,    2 ,     1 ,     2009010 ,    3006 ,    69693         ,
27 ,    2045 ,     s ,    2 ,     1 ,     2089990 ,    3066 ,    76173         ,
27 ,    2085 ,     s ,    2 ,     1 ,     2172570 ,    3126 ,    76399         ,
27 ,    2125 ,     s ,    2 ,     1 ,     2256750 ,    3186 ,    78017         ,
27 ,    2165 ,     s ,    2 ,     1 ,     2342530 ,    3246 ,    83351         ,
27 ,    2205 ,     s ,    2 ,     1 ,     2429910 ,    3306 ,    86108         ,
27 ,    2245 ,     s ,    2 ,     1 ,     2518890 ,    3366 ,    87490         ,
27 ,    2285 ,     s ,    2 ,     1 ,     2609470 ,    3426 ,    91608         ,
27 ,    2325 ,     s ,    2 ,     1 ,     2701650 ,    3486 ,    94818         ,
27 ,    2365 ,     s ,    2 ,     1 ,     2795430 ,    3546 ,    98132         ,
27 ,    2405 ,     s ,    2 ,     1 ,     2890810 ,    3606 ,    101617         ,
27 ,    2445 ,     s ,    2 ,     1 ,     2987790 ,    3666 ,    105636         ,
27 ,    2485 ,     s ,    2 ,     1 ,     3086370 ,    3726 ,    108221         ,
27 ,    2525 ,     s ,    2 ,     1 ,     3186550 ,    3786 ,    111934         ,
27 ,    2565 ,     s ,    2 ,     1 ,     3288330 ,    3846 ,    115473         ,
27 ,    2605 ,     s ,    2 ,     1 ,     3391710 ,    3906 ,    118734         ,
27 ,    2645 ,     s ,    2 ,     1 ,     3496690 ,    3966 ,    122636         ,
27 ,    2685 ,     s ,    2 ,     1 ,     3603270 ,    4026 ,    126690         ,
27 ,    2725 ,     s ,    2 ,     1 ,     3711450 ,    4086 ,    130217         ,
27 ,    2765 ,     s ,    2 ,     1 ,     3821230 ,    4146 ,    133332         ,
27 ,    2805 ,     s ,    2 ,     1 ,     3932610 ,    4206 ,    137864         ,
27 ,    2845 ,     s ,    2 ,     1 ,     4045590 ,    4266 ,    141115         ,
27 ,    2885 ,     s ,    2 ,     1 ,     4160170 ,    4326 ,    148572         ,
27 ,    2925 ,     s ,    2 ,     1 ,     4276350 ,    4386 ,    147669         ,
27 ,    2965 ,     s ,    2 ,     1 ,     4394130 ,    4446 ,    156537         ,
27 ,    3005 ,     s ,    2 ,     1 ,     4513510 ,    4506 ,    165222         ,
27 ,    3045 ,     s ,    2 ,     1 ,     4634490 ,    4566 ,    165344         ,
27 ,    3085 ,     s ,    2 ,     1 ,     4757070 ,    4626 ,    165787         ,
27 ,    3125 ,     s ,    2 ,     1 ,     4881250 ,    4686 ,    170599         ,
27 ,    3165 ,     s ,    2 ,     1 ,     5007030 ,    4746 ,    176379         ,
27 ,    3205 ,     s ,    2 ,     1 ,     5134410 ,    4806 ,    180480         ,
27 ,    3245 ,     s ,    2 ,     1 ,     5263390 ,    4866 ,    183008         ,
27 ,    3285 ,     s ,    2 ,     1 ,     5393970 ,    4926 ,    190121         ,
27 ,    3325 ,     s ,    2 ,     1 ,     5526150 ,    4986 ,    194159         ,
27 ,    3365 ,     s ,    2 ,     1 ,     5659930 ,    5046 ,    199294         ,
27 ,    3405 ,     s ,    2 ,     1 ,     5795310 ,    5106 ,    204781         ,
27 ,    3445 ,     s ,    2 ,     1 ,     5932290 ,    5166 ,    209298         ,
27 ,    3485 ,     s ,    2 ,     1 ,     6070870 ,    5226 ,    213763         ,
27 ,    3525 ,     s ,    2 ,     1 ,     6211050 ,    5286 ,    221852         ,
27 ,    3565 ,     s ,    2 ,     1 ,     6352830 ,    5346 ,    225109         ,
27 ,    3605 ,     s ,    2 ,     1 ,     6496210 ,    5406 ,    224922         ,
27 ,    3645 ,     s ,    2 ,     1 ,     6641190 ,    5466 ,    233441         ,
27 ,    3685 ,     s ,    2 ,     1 ,     6787770 ,    5526 ,    241727         ,
27 ,    3725 ,     s ,    2 ,     1 ,     6935950 ,    5586 ,    243198         ,
27 ,    3765 ,     s ,    2 ,     1 ,     7085730 ,    5646 ,    251039         ,
27 ,    3805 ,     s ,    2 ,     1 ,     7237110 ,    5706 ,    251885         ,
27 ,    3845 ,     s ,    2 ,     1 ,     7390090 ,    5766 ,    259546         ,
27 ,    3885 ,     s ,    2 ,     1 ,     7544670 ,    5826 ,    265055         ,
27 ,    3925 ,     s ,    2 ,     1 ,     7700850 ,    5886 ,    274866         ,
27 ,    3965 ,     s ,    2 ,     1 ,     7858630 ,    5946 ,    276703         ,
27 ,    4005 ,     s ,    2 ,     1 ,     8018010 ,    6006 ,    278748         ,
27 ,    4045 ,     s ,    2 ,     1 ,     8178990 ,    6066 ,    290645         ,
27 ,    4085 ,     s ,    2 ,     1 ,     8341570 ,    6126 ,    302091         ,
27 ,    4125 ,     s ,    2 ,     1 ,     8505750 ,    6186 ,    299615         ,
27 ,    4165 ,     s ,    2 ,     1 ,     8671530 ,    6246 ,    311003         ,
27 ,    4205 ,     s ,    2 ,     1 ,     8838910 ,    6306 ,    313478         ,
27 ,    4245 ,     s ,    2 ,     1 ,     9007890 ,    6366 ,    318629         ,
27 ,    4285 ,     s ,    2 ,     1 ,     9178470 ,    6426 ,    325622         ,
27 ,    4325 ,     s ,    2 ,     1 ,     9350650 ,    6486 ,    332516         ,
27 ,    4365 ,     s ,    2 ,     1 ,     9524430 ,    6546 ,    336225         ,
27 ,    4405 ,     s ,    2 ,     1 ,     9699810 ,    6606 ,    345891         ,
27 ,    4445 ,     s ,    2 ,     1 ,     9876790 ,    6666 ,    347606         ,
27 ,    4485 ,     s ,    2 ,     1 ,     10055370 ,    6726 ,    354681         ,
27 ,    4525 ,     s ,    2 ,     1 ,     10235550 ,    6786 ,    368330         ,
27 ,    4565 ,     s ,    2 ,     1 ,     10417330 ,    6846 ,    369997         ,
27 ,    4605 ,     s ,    2 ,     1 ,     10600710 ,    6906 ,    376637         ,
27 ,    4645 ,     s ,    2 ,     1 ,     10785690 ,    6966 ,    382942         ,
27 ,    4685 ,     s ,    2 ,     1 ,     10972270 ,    7026 ,    393958         ,
27 ,    4725 ,     s ,    2 ,     1 ,     11160450 ,    7086 ,    394321         ,
27 ,    4765 ,     s ,    2 ,     1 ,     11350230 ,    7146 ,    405176         ,
27 ,    4805 ,     s ,    2 ,     1 ,     11541610 ,    7206 ,    415232         ,
27 ,    4845 ,     s ,    2 ,     1 ,     11734590 ,    7266 ,    426844         ,
27 ,    4885 ,     s ,    2 ,     1 ,     11929170 ,    7326 ,    424244         ,
27 ,    4925 ,     s ,    2 ,     1 ,     12125350 ,    7386 ,    435043         ,
27 ,    4965 ,     s ,    2 ,     1 ,     12323130 ,    7446 ,    439800         ,
27 ,    5 ,     s ,    3 ,     1 ,     10 ,    3 ,    4         ,
27 ,    45 ,     s ,    3 ,     1 ,     990 ,    42 ,    45         ,
27 ,    85 ,     s ,    3 ,     1 ,     3570 ,    138 ,    139         ,
27 ,    125 ,     s ,    3 ,     1 ,     7750 ,    177 ,    281         ,
27 ,    165 ,     s ,    3 ,     1 ,     13530 ,    279 ,    479         ,
27 ,    205 ,     s ,    3 ,     1 ,     20910 ,    288 ,    723         ,
27 ,    245 ,     s ,    3 ,     1 ,     29890 ,    384 ,    1023         ,
27 ,    285 ,     s ,    3 ,     1 ,     40470 ,    468 ,    1373         ,
27 ,    325 ,     s ,    3 ,     1 ,     52650 ,    474 ,    1769         ,
27 ,    365 ,     s ,    3 ,     1 ,     66430 ,    489 ,    2224         ,
27 ,    405 ,     s ,    3 ,     1 ,     81810 ,    585 ,    2726         ,
27 ,    445 ,     s ,    3 ,     1 ,     98790 ,    678 ,    3291         ,
27 ,    485 ,     s ,    3 ,     1 ,     117370 ,    729 ,    3896         ,
27 ,    525 ,     s ,    3 ,     1 ,     137550 ,    777 ,    4706         ,
27 ,    565 ,     s ,    3 ,     1 ,     159330 ,    885 ,    5287         ,
27 ,    605 ,     s ,    3 ,     1 ,     182710 ,    894 ,    6058         ,
27 ,    645 ,     s ,    3 ,     1 ,     207690 ,    969 ,    6882         ,
27 ,    685 ,     s ,    3 ,     1 ,     234270 ,    1017 ,    7781         ,
27 ,    725 ,     s ,    3 ,     1 ,     262450 ,    1089 ,    8846         ,
27 ,    765 ,     s ,    3 ,     1 ,     292230 ,    1077 ,    9833         ,
27 ,    805 ,     s ,    3 ,     1 ,     323610 ,    1266 ,    10976         ,
27 ,    845 ,     s ,    3 ,     1 ,     356590 ,    1227 ,    11987         ,
27 ,    885 ,     s ,    3 ,     1 ,     391170 ,    1314 ,    13728         ,
27 ,    925 ,     s ,    3 ,     1 ,     427350 ,    1335 ,    14343         ,
27 ,    965 ,     s ,    3 ,     1 ,     465130 ,    1476 ,    15739         ,
27 ,    1005 ,     s ,    3 ,     1 ,     504510 ,    1476 ,    17042         ,
27 ,    1045 ,     s ,    3 ,     1 ,     545490 ,    1542 ,    18404         ,
27 ,    1085 ,     s ,    3 ,     1 ,     588070 ,    1530 ,    19934         ,
27 ,    1125 ,     s ,    3 ,     1 ,     632250 ,    1644 ,    21268         ,
27 ,    1165 ,     s ,    3 ,     1 ,     678030 ,    1764 ,    23152         ,
27 ,    1205 ,     s ,    3 ,     1 ,     725410 ,    1764 ,    24551         ,
27 ,    1245 ,     s ,    3 ,     1 ,     774390 ,    1755 ,    26155         ,
27 ,    1285 ,     s ,    3 ,     1 ,     824970 ,    1893 ,    27865         ,
27 ,    1325 ,     s ,    3 ,     1 ,     877150 ,    2019 ,    29600         ,
27 ,    1365 ,     s ,    3 ,     1 ,     930930 ,    2118 ,    31375         ,
27 ,    1405 ,     s ,    3 ,     1 ,     986310 ,    2103 ,    33218         ,
27 ,    1445 ,     s ,    3 ,     1 ,     1043290 ,    2079 ,    37706         ,
27 ,    1485 ,     s ,    3 ,     1 ,     1101870 ,    2331 ,    37422         ,
27 ,    1525 ,     s ,    3 ,     1 ,     1162050 ,    2217 ,    39219         ,
27 ,    1565 ,     s ,    3 ,     1 ,     1223830 ,    2388 ,    41244         ,
27 ,    1605 ,     s ,    3 ,     1 ,     1287210 ,    2436 ,    43668         ,
27 ,    1645 ,     s ,    3 ,     1 ,     1352190 ,    2544 ,    45861         ,
27 ,    1685 ,     s ,    3 ,     1 ,     1418770 ,    2568 ,    47923         ,
27 ,    1725 ,     s ,    3 ,     1 ,     1486950 ,    2640 ,    52099         ,
27 ,    1765 ,     s ,    3 ,     1 ,     1556730 ,    2628 ,    52500         ,
27 ,    1805 ,     s ,    3 ,     1 ,     1628110 ,    2589 ,    55006         ,
27 ,    1845 ,     s ,    3 ,     1 ,     1701090 ,    2829 ,    59148         ,
27 ,    1885 ,     s ,    3 ,     1 ,     1775670 ,    2658 ,    59872         ,
27 ,    1925 ,     s ,    3 ,     1 ,     1851850 ,    3000 ,    62507         ,
27 ,    1965 ,     s ,    3 ,     1 ,     1929630 ,    3030 ,    65402         ,
27 ,    2005 ,     s ,    3 ,     1 ,     2009010 ,    3018 ,    70274         ,
27 ,    2045 ,     s ,    3 ,     1 ,     2089990 ,    3096 ,    72427         ,
27 ,    2085 ,     s ,    3 ,     1 ,     2172570 ,    3201 ,    73373         ,
27 ,    2125 ,     s ,    3 ,     1 ,     2256750 ,    3243 ,    76480         ,
27 ,    2165 ,     s ,    3 ,     1 ,     2342530 ,    3201 ,    80803         ,
27 ,    2205 ,     s ,    3 ,     1 ,     2429910 ,    3309 ,    82817         ,
27 ,    2245 ,     s ,    3 ,     1 ,     2518890 ,    3381 ,    87010         ,
27 ,    2285 ,     s ,    3 ,     1 ,     2609470 ,    3480 ,    90512         ,
27 ,    2325 ,     s ,    3 ,     1 ,     2701650 ,    3504 ,    91959         ,
27 ,    2365 ,     s ,    3 ,     1 ,     2795430 ,    3540 ,    99274         ,
27 ,    2405 ,     s ,    3 ,     1 ,     2890810 ,    3540 ,    97944         ,
27 ,    2445 ,     s ,    3 ,     1 ,     2987790 ,    3618 ,    102936         ,
27 ,    2485 ,     s ,    3 ,     1 ,     3086370 ,    3822 ,    106021         ,
27 ,    2525 ,     s ,    3 ,     1 ,     3186550 ,    3882 ,    109393         ,
27 ,    2565 ,     s ,    3 ,     1 ,     3288330 ,    3867 ,    113660         ,
27 ,    2605 ,     s ,    3 ,     1 ,     3391710 ,    3813 ,    116847         ,
27 ,    2645 ,     s ,    3 ,     1 ,     3496690 ,    3999 ,    120331         ,
27 ,    2685 ,     s ,    3 ,     1 ,     3603270 ,    3939 ,    124007         ,
27 ,    2725 ,     s ,    3 ,     1 ,     3711450 ,    4206 ,    127337         ,
27 ,    2765 ,     s ,    3 ,     1 ,     3821230 ,    4029 ,    137775         ,
27 ,    2805 ,     s ,    3 ,     1 ,     3932610 ,    4272 ,    135478         ,
27 ,    2845 ,     s ,    3 ,     1 ,     4045590 ,    4275 ,    138541         ,
27 ,    2885 ,     s ,    3 ,     1 ,     4160170 ,    4269 ,    142526         ,
27 ,    2925 ,     s ,    3 ,     1 ,     4276350 ,    4422 ,    148336         ,
27 ,    2965 ,     s ,    3 ,     1 ,     4394130 ,    4368 ,    150254         ,
27 ,    3005 ,     s ,    3 ,     1 ,     4513510 ,    4485 ,    156430         ,
27 ,    3045 ,     s ,    3 ,     1 ,     4634490 ,    4578 ,    160251         ,
27 ,    3085 ,     s ,    3 ,     1 ,     4757070 ,    4803 ,    167024         ,
27 ,    3125 ,     s ,    3 ,     1 ,     4881250 ,    4734 ,    167410         ,
27 ,    3165 ,     s ,    3 ,     1 ,     5007030 ,    4743 ,    169771         ,
27 ,    3205 ,     s ,    3 ,     1 ,     5134410 ,    4863 ,    175504         ,
27 ,    3245 ,     s ,    3 ,     1 ,     5263390 ,    4959 ,    181987         ,
27 ,    3285 ,     s ,    3 ,     1 ,     5393970 ,    5058 ,    186962         ,
27 ,    3325 ,     s ,    3 ,     1 ,     5526150 ,    4935 ,    189943         ,
27 ,    3365 ,     s ,    3 ,     1 ,     5659930 ,    5097 ,    195496         ,
27 ,    3405 ,     s ,    3 ,     1 ,     5795310 ,    5151 ,    201066         ,
27 ,    3445 ,     s ,    3 ,     1 ,     5932290 ,    5199 ,    205299         ,
27 ,    3485 ,     s ,    3 ,     1 ,     6070870 ,    5247 ,    209961         ,
27 ,    3525 ,     s ,    3 ,     1 ,     6211050 ,    5151 ,    212188         ,
27 ,    3565 ,     s ,    3 ,     1 ,     6352830 ,    5283 ,    219383         ,
27 ,    3605 ,     s ,    3 ,     1 ,     6496210 ,    5463 ,    221006         ,
27 ,    3645 ,     s ,    3 ,     1 ,     6641190 ,    5319 ,    231188         ,
27 ,    3685 ,     s ,    3 ,     1 ,     6787770 ,    5565 ,    235452         ,
27 ,    3725 ,     s ,    3 ,     1 ,     6935950 ,    5565 ,    239954         ,
27 ,    3765 ,     s ,    3 ,     1 ,     7085730 ,    5583 ,    245543         ,
27 ,    3805 ,     s ,    3 ,     1 ,     7237110 ,    5670 ,    246959         ,
27 ,    3845 ,     s ,    3 ,     1 ,     7390090 ,    5814 ,    252301         ,
27 ,    3885 ,     s ,    3 ,     1 ,     7544670 ,    5655 ,    272189         ,
27 ,    3925 ,     s ,    3 ,     1 ,     7700850 ,    5844 ,    269593         ,
27 ,    3965 ,     s ,    3 ,     1 ,     7858630 ,    5976 ,    272429         ,
27 ,    4005 ,     s ,    3 ,     1 ,     8018010 ,    5829 ,    274062         ,
27 ,    4045 ,     s ,    3 ,     1 ,     8178990 ,    6162 ,    283858         ,
27 ,    4085 ,     s ,    3 ,     1 ,     8341570 ,    6096 ,    291563         ,
27 ,    4125 ,     s ,    3 ,     1 ,     8505750 ,    6066 ,    290808         ,
27 ,    4165 ,     s ,    3 ,     1 ,     8671530 ,    6453 ,    297083         ,
27 ,    4205 ,     s ,    3 ,     1 ,     8838910 ,    6204 ,    309472         ,
27 ,    4245 ,     s ,    3 ,     1 ,     9007890 ,    6273 ,    315694         ,
27 ,    4285 ,     s ,    3 ,     1 ,     9178470 ,    6537 ,    321854         ,
27 ,    4325 ,     s ,    3 ,     1 ,     9350650 ,    6618 ,    325881         ,
27 ,    4365 ,     s ,    3 ,     1 ,     9524430 ,    6708 ,    330457         ,
27 ,    4405 ,     s ,    3 ,     1 ,     9699810 ,    6675 ,    339145         ,
27 ,    4445 ,     s ,    3 ,     1 ,     9876790 ,    6813 ,    347624         ,
27 ,    4485 ,     s ,    3 ,     1 ,     10055370 ,    6828 ,    351189         ,
27 ,    4525 ,     s ,    3 ,     1 ,     10235550 ,    6720 ,    357184         ,
27 ,    4565 ,     s ,    3 ,     1 ,     10417330 ,    6897 ,    366407         ,
27 ,    4605 ,     s ,    3 ,     1 ,     10600710 ,    6882 ,    375065         ,
27 ,    4645 ,     s ,    3 ,     1 ,     10785690 ,    7029 ,    378675         ,
27 ,    4685 ,     s ,    3 ,     1 ,     10972270 ,    6975 ,    383682         ,
27 ,    4725 ,     s ,    3 ,     1 ,     11160450 ,    7056 ,    392238         ,
27 ,    4765 ,     s ,    3 ,     1 ,     11350230 ,    7287 ,    398301         ,
27 ,    4805 ,     s ,    3 ,     1 ,     11541610 ,    7194 ,    405819         ,
27 ,    4845 ,     s ,    3 ,     1 ,     11734590 ,    7287 ,    411627         ,
27 ,    4885 ,     s ,    3 ,     1 ,     11929170 ,    7308 ,    412514         ,
27 ,    4925 ,     s ,    3 ,     1 ,     12125350 ,    7458 ,    427389         ,
27 ,    4965 ,     s ,    3 ,     1 ,     12323130 ,    7524 ,    433546         ,
27 ,    5 ,     s ,    4 ,     1 ,     10 ,    6 ,    4         ,
27 ,    45 ,     s ,    4 ,     1 ,     990 ,    114 ,    51         ,
27 ,    85 ,     s ,    4 ,     1 ,     3570 ,    177 ,    146         ,
27 ,    125 ,     s ,    4 ,     1 ,     7750 ,    291 ,    296         ,
27 ,    165 ,     s ,    4 ,     1 ,     13530 ,    390 ,    500         ,
27 ,    205 ,     s ,    4 ,     1 ,     20910 ,    483 ,    751         ,
27 ,    245 ,     s ,    4 ,     1 ,     29890 ,    564 ,    1178         ,
27 ,    285 ,     s ,    4 ,     1 ,     40470 ,    678 ,    1405         ,
27 ,    325 ,     s ,    4 ,     1 ,     52650 ,    777 ,    1809         ,
27 ,    365 ,     s ,    4 ,     1 ,     66430 ,    906 ,    2272         ,
27 ,    405 ,     s ,    4 ,     1 ,     81810 ,    951 ,    3015         ,
27 ,    445 ,     s ,    4 ,     1 ,     98790 ,    1041 ,    3340         ,
27 ,    485 ,     s ,    4 ,     1 ,     117370 ,    1173 ,    3959         ,
27 ,    525 ,     s ,    4 ,     1 ,     137550 ,    1251 ,    4624         ,
27 ,    565 ,     s ,    4 ,     1 ,     159330 ,    1350 ,    5354         ,
27 ,    605 ,     s ,    4 ,     1 ,     182710 ,    1497 ,    6269         ,
27 ,    645 ,     s ,    4 ,     1 ,     207690 ,    1587 ,    7123         ,
27 ,    685 ,     s ,    4 ,     1 ,     234270 ,    1590 ,    8000         ,
27 ,    725 ,     s ,    4 ,     1 ,     262450 ,    1662 ,    8962         ,
27 ,    765 ,     s ,    4 ,     1 ,     292230 ,    1833 ,    10489         ,
27 ,    805 ,     s ,    4 ,     1 ,     323610 ,    1914 ,    11005         ,
27 ,    845 ,     s ,    4 ,     1 ,     356590 ,    2064 ,    12105         ,
27 ,    885 ,     s ,    4 ,     1 ,     391170 ,    2094 ,    13270         ,
27 ,    925 ,     s ,    4 ,     1 ,     427350 ,    2181 ,    14487         ,
27 ,    965 ,     s ,    4 ,     1 ,     465130 ,    2268 ,    15985         ,
27 ,    1005 ,     s ,    4 ,     1 ,     504510 ,    2376 ,    17171         ,
27 ,    1045 ,     s ,    4 ,     1 ,     545490 ,    2472 ,    18549         ,
27 ,    1085 ,     s ,    4 ,     1 ,     588070 ,    2640 ,    21677         ,
27 ,    1125 ,     s ,    4 ,     1 ,     632250 ,    2676 ,    21421         ,
27 ,    1165 ,     s ,    4 ,     1 ,     678030 ,    2781 ,    22977         ,
27 ,    1205 ,     s ,    4 ,     1 ,     725410 ,    2922 ,    24940         ,
27 ,    1245 ,     s ,    4 ,     1 ,     774390 ,    2913 ,    26448         ,
27 ,    1285 ,     s ,    4 ,     1 ,     824970 ,    2982 ,    28062         ,
27 ,    1325 ,     s ,    4 ,     1 ,     877150 ,    3207 ,    29780         ,
27 ,    1365 ,     s ,    4 ,     1 ,     930930 ,    3243 ,    31749         ,
27 ,    1405 ,     s ,    4 ,     1 ,     986310 ,    3381 ,    33451         ,
27 ,    1445 ,     s ,    4 ,     1 ,     1043290 ,    3576 ,    35588         ,
27 ,    1485 ,     s ,    4 ,     1 ,     1101870 ,    3489 ,    37596         ,
27 ,    1525 ,     s ,    4 ,     1 ,     1162050 ,    3615 ,    41341         ,
27 ,    1565 ,     s ,    4 ,     1 ,     1223830 ,    3747 ,    41608         ,
27 ,    1605 ,     s ,    4 ,     1 ,     1287210 ,    3921 ,    44077         ,
27 ,    1645 ,     s ,    4 ,     1 ,     1352190 ,    3972 ,    45793         ,
27 ,    1685 ,     s ,    4 ,     1 ,     1418770 ,    4008 ,    48125         ,
27 ,    1725 ,     s ,    4 ,     1 ,     1486950 ,    4131 ,    52580         ,
27 ,    1765 ,     s ,    4 ,     1 ,     1556730 ,    4218 ,    52708         ,
27 ,    1805 ,     s ,    4 ,     1 ,     1628110 ,    4233 ,    56105         ,
27 ,    1845 ,     s ,    4 ,     1 ,     1701090 ,    4446 ,    59664         ,
27 ,    1885 ,     s ,    4 ,     1 ,     1775670 ,    4497 ,    60470         ,
27 ,    1925 ,     s ,    4 ,     1 ,     1851850 ,    4629 ,    62820         ,
27 ,    1965 ,     s ,    4 ,     1 ,     1929630 ,    4740 ,    67512         ,
27 ,    2005 ,     s ,    4 ,     1 ,     2009010 ,    4899 ,    70020         ,
27 ,    2045 ,     s ,    4 ,     1 ,     2089990 ,    5001 ,    72874         ,
27 ,    2085 ,     s ,    4 ,     1 ,     2172570 ,    5088 ,    75673         ,
27 ,    2125 ,     s ,    4 ,     1 ,     2256750 ,    5118 ,    78455         ,
27 ,    2165 ,     s ,    4 ,     1 ,     2342530 ,    5172 ,    79521         ,
27 ,    2205 ,     s ,    4 ,     1 ,     2429910 ,    5259 ,    82410         ,
27 ,    2245 ,     s ,    4 ,     1 ,     2518890 ,    5346 ,    85364         ,
27 ,    2285 ,     s ,    4 ,     1 ,     2609470 ,    5445 ,    88587         ,
27 ,    2325 ,     s ,    4 ,     1 ,     2701650 ,    5571 ,    101690         ,
27 ,    2365 ,     s ,    4 ,     1 ,     2795430 ,    5667 ,    95699         ,
27 ,    2405 ,     s ,    4 ,     1 ,     2890810 ,    5823 ,    100087         ,
27 ,    2445 ,     s ,    4 ,     1 ,     2987790 ,    5808 ,    103376         ,
27 ,    2485 ,     s ,    4 ,     1 ,     3086370 ,    5961 ,    106745         ,
27 ,    2525 ,     s ,    4 ,     1 ,     3186550 ,    6069 ,    110326         ,
27 ,    2565 ,     s ,    4 ,     1 ,     3288330 ,    6117 ,    113449         ,
27 ,    2605 ,     s ,    4 ,     1 ,     3391710 ,    6336 ,    116850         ,
27 ,    2645 ,     s ,    4 ,     1 ,     3496690 ,    6264 ,    120287         ,
27 ,    2685 ,     s ,    4 ,     1 ,     3603270 ,    6417 ,    124120         ,
27 ,    2725 ,     s ,    4 ,     1 ,     3711450 ,    6486 ,    127455         ,
27 ,    2765 ,     s ,    4 ,     1 ,     3821230 ,    6603 ,    133193         ,
27 ,    2805 ,     s ,    4 ,     1 ,     3932610 ,    6648 ,    134967         ,
27 ,    2845 ,     s ,    4 ,     1 ,     4045590 ,    6816 ,    138293         ,
27 ,    2885 ,     s ,    4 ,     1 ,     4160170 ,    6888 ,    141881         ,
27 ,    2925 ,     s ,    4 ,     1 ,     4276350 ,    7002 ,    147094         ,
27 ,    2965 ,     s ,    4 ,     1 ,     4394130 ,    7233 ,    153465         ,
27 ,    3005 ,     s ,    4 ,     1 ,     4513510 ,    7191 ,    154975         ,
27 ,    3045 ,     s ,    4 ,     1 ,     4634490 ,    7332 ,    159060         ,
27 ,    3085 ,     s ,    4 ,     1 ,     4757070 ,    7494 ,    165710         ,
27 ,    3125 ,     s ,    4 ,     1 ,     4881250 ,    7518 ,    166343         ,
27 ,    3165 ,     s ,    4 ,     1 ,     5007030 ,    7584 ,    172244         ,
27 ,    3205 ,     s ,    4 ,     1 ,     5134410 ,    7584 ,    177737         ,
27 ,    3245 ,     s ,    4 ,     1 ,     5263390 ,    7695 ,    184004         ,
27 ,    3285 ,     s ,    4 ,     1 ,     5393970 ,    7836 ,    186686         ,
27 ,    3325 ,     s ,    4 ,     1 ,     5526150 ,    7989 ,    191031         ,
27 ,    3365 ,     s ,    4 ,     1 ,     5659930 ,    7950 ,    196520         ,
27 ,    3405 ,     s ,    4 ,     1 ,     5795310 ,    8199 ,    202816         ,
27 ,    3445 ,     s ,    4 ,     1 ,     5932290 ,    8412 ,    205314         ,
27 ,    3485 ,     s ,    4 ,     1 ,     6070870 ,    8433 ,    210370         ,
27 ,    3525 ,     s ,    4 ,     1 ,     6211050 ,    8553 ,    221820         ,
27 ,    3565 ,     s ,    4 ,     1 ,     6352830 ,    8577 ,    216751         ,
27 ,    3605 ,     s ,    4 ,     1 ,     6496210 ,    8637 ,    225302         ,
27 ,    3645 ,     s ,    4 ,     1 ,     6641190 ,    8727 ,    228827         ,
27 ,    3685 ,     s ,    4 ,     1 ,     6787770 ,    8697 ,    236624         ,
27 ,    3725 ,     s ,    4 ,     1 ,     6935950 ,    8961 ,    240379         ,
27 ,    3765 ,     s ,    4 ,     1 ,     7085730 ,    9009 ,    245948         ,
27 ,    3805 ,     s ,    4 ,     1 ,     7237110 ,    9147 ,    251058         ,
27 ,    3845 ,     s ,    4 ,     1 ,     7390090 ,    9273 ,    261046         ,
27 ,    3885 ,     s ,    4 ,     1 ,     7544670 ,    9357 ,    262485         ,
27 ,    3925 ,     s ,    4 ,     1 ,     7700850 ,    9537 ,    266935         ,
27 ,    3965 ,     s ,    4 ,     1 ,     7858630 ,    9591 ,    272502         ,
27 ,    4005 ,     s ,    4 ,     1 ,     8018010 ,    9609 ,    280508         ,
27 ,    4045 ,     s ,    4 ,     1 ,     8178990 ,    9876 ,    285505         ,
27 ,    4085 ,     s ,    4 ,     1 ,     8341570 ,    9765 ,    288756         ,
27 ,    4125 ,     s ,    4 ,     1 ,     8505750 ,    9792 ,    294022         ,
27 ,    4165 ,     s ,    4 ,     1 ,     8671530 ,    9969 ,    304288         ,
27 ,    4205 ,     s ,    4 ,     1 ,     8838910 ,    10080 ,    315562         ,
27 ,    4245 ,     s ,    4 ,     1 ,     9007890 ,    10200 ,    309512         ,
27 ,    4285 ,     s ,    4 ,     1 ,     9178470 ,    10347 ,    315653         ,
27 ,    4325 ,     s ,    4 ,     1 ,     9350650 ,    10374 ,    331350         ,
27 ,    4365 ,     s ,    4 ,     1 ,     9524430 ,    10302 ,    327763         ,
27 ,    4405 ,     s ,    4 ,     1 ,     9699810 ,    10707 ,    335982         ,
27 ,    4445 ,     s ,    4 ,     1 ,     9876790 ,    10626 ,    340783         ,
27 ,    4485 ,     s ,    4 ,     1 ,     10055370 ,    10656 ,    351684         ,
27 ,    4525 ,     s ,    4 ,     1 ,     10235550 ,    10887 ,    358649         ,
27 ,    4565 ,     s ,    4 ,     1 ,     10417330 ,    11043 ,    359282         ,
27 ,    4605 ,     s ,    4 ,     1 ,     10600710 ,    11010 ,    370077         ,
27 ,    4645 ,     s ,    4 ,     1 ,     10785690 ,    11049 ,    385445         ,
27 ,    4685 ,     s ,    4 ,     1 ,     10972270 ,    11229 ,    386260         ,
27 ,    4725 ,     s ,    4 ,     1 ,     11160450 ,    11469 ,    387146         ,
27 ,    4765 ,     s ,    4 ,     1 ,     11350230 ,    11277 ,    396421         ,
27 ,    4805 ,     s ,    4 ,     1 ,     11541610 ,    11676 ,    407315         ,
27 ,    4845 ,     s ,    4 ,     1 ,     11734590 ,    11610 ,    419336         ,
27 ,    4885 ,     s ,    4 ,     1 ,     11929170 ,    11670 ,    422239         ,
27 ,    4925 ,     s ,    4 ,     1 ,     12125350 ,    11808 ,    434977         ,
27 ,    4965 ,     s ,    4 ,     1 ,     12323130 ,    11961 ,    435490         ,


