SEED ,  SIZE ,  ALG ,  TYPE ,  CALLS ,  CMP ,     MOVE ,    TIME              ,
27 ,    5 ,     b ,    0 ,     1 ,     17 ,    21 ,    4         ,
27 ,    45 ,     b ,    0 ,     1 ,     1466 ,    1428 ,    91         ,
27 ,    85 ,     b ,    0 ,     1 ,     5399 ,    5487 ,    302         ,
27 ,    125 ,     b ,    0 ,     1 ,     11578 ,    11484 ,    735         ,
27 ,    165 ,     b ,    0 ,     1 ,     20304 ,    20322 ,    1101         ,
27 ,    205 ,     b ,    0 ,     1 ,     31415 ,    31515 ,    1699         ,
27 ,    245 ,     b ,    0 ,     1 ,     45193 ,    45909 ,    2428         ,
27 ,    285 ,     b ,    0 ,     1 ,     60439 ,    59907 ,    3336         ,
27 ,    325 ,     b ,    0 ,     1 ,     79773 ,    81369 ,    4278         ,
27 ,    365 ,     b ,    0 ,     1 ,     100972 ,    103626 ,    5482         ,
27 ,    405 ,     b ,    0 ,     1 ,     124889 ,    129237 ,    6764         ,
27 ,    445 ,     b ,    0 ,     1 ,     150458 ,    155004 ,    8026         ,
27 ,    485 ,     b ,    0 ,     1 ,     179454 ,    186252 ,    9670         ,
27 ,    525 ,     b ,    0 ,     1 ,     208614 ,    213192 ,    11238         ,
27 ,    565 ,     b ,    0 ,     1 ,     239368 ,    240114 ,    12901         ,
27 ,    605 ,     b ,    0 ,     1 ,     275777 ,    279201 ,    15087         ,
27 ,    645 ,     b ,    0 ,     1 ,     312920 ,    315690 ,    16926         ,
27 ,    685 ,     b ,    0 ,     1 ,     352595 ,    354975 ,    19104         ,
27 ,    725 ,     b ,    0 ,     1 ,     394994 ,    397632 ,    21502         ,
27 ,    765 ,     b ,    0 ,     1 ,     439283 ,    441159 ,    24209         ,
27 ,    805 ,     b ,    0 ,     1 ,     487822 ,    492636 ,    26756         ,
27 ,    845 ,     b ,    0 ,     1 ,     539401 ,    548433 ,    29750         ,
27 ,    885 ,     b ,    0 ,     1 ,     591320 ,    600450 ,    32558         ,
27 ,    925 ,     b ,    0 ,     1 ,     643611 ,    648783 ,    37803         ,
27 ,    965 ,     b ,    0 ,     1 ,     704212 ,    717246 ,    38795         ,
27 ,    1005 ,     b ,    0 ,     1 ,     764138 ,    778884 ,    42348         ,
27 ,    1045 ,     b ,    0 ,     1 ,     824266 ,    836328 ,    45800         ,
27 ,    1085 ,     b ,    0 ,     1 ,     883549 ,    886437 ,    49142         ,
27 ,    1125 ,     b ,    0 ,     1 ,     948661 ,    949233 ,    52911         ,
27 ,    1165 ,     b ,    0 ,     1 ,     1015811 ,    1013343 ,    57081         ,
27 ,    1205 ,     b ,    0 ,     1 ,     1087417 ,    1086021 ,    61020         ,
27 ,    1245 ,     b ,    0 ,     1 ,     1162931 ,    1165623 ,    65312         ,
27 ,    1285 ,     b ,    0 ,     1 ,     1238384 ,    1240242 ,    69621         ,
27 ,    1325 ,     b ,    0 ,     1 ,     1318552 ,    1324206 ,    74563         ,
27 ,    1365 ,     b ,    0 ,     1 ,     1402017 ,    1413261 ,    79042         ,
27 ,    1405 ,     b ,    0 ,     1 ,     1481319 ,    1485027 ,    86118         ,
27 ,    1445 ,     b ,    0 ,     1 ,     1562991 ,    1559103 ,    113162         ,
27 ,    1485 ,     b ,    0 ,     1 ,     1651660 ,    1649370 ,    95425         ,
27 ,    1525 ,     b ,    0 ,     1 ,     1740505 ,    1735365 ,    101366         ,
27 ,    1565 ,     b ,    0 ,     1 ,     1838435 ,    1843815 ,    106519         ,
27 ,    1605 ,     b ,    0 ,     1 ,     1933407 ,    1938591 ,    112623         ,
27 ,    1645 ,     b ,    0 ,     1 ,     2034661 ,    2047413 ,    116459         ,
27 ,    1685 ,     b ,    0 ,     1 ,     2133512 ,    2144226 ,    125123         ,
27 ,    1725 ,     b ,    0 ,     1 ,     2234206 ,    2241768 ,    130848         ,
27 ,    1765 ,     b ,    0 ,     1 ,     2337771 ,    2343123 ,    136409         ,
27 ,    1805 ,     b ,    0 ,     1 ,     2444285 ,    2448525 ,    144013         ,
27 ,    1845 ,     b ,    0 ,     1 ,     2555727 ,    2563911 ,    149015         ,
27 ,    1885 ,     b ,    0 ,     1 ,     2671623 ,    2687859 ,    155477         ,
27 ,    1925 ,     b ,    0 ,     1 ,     2785642 ,    2801376 ,    163067         ,
27 ,    1965 ,     b ,    0 ,     1 ,     2900477 ,    2912541 ,    171450         ,
27 ,    2005 ,     b ,    0 ,     1 ,     3021449 ,    3037317 ,    177848         ,
27 ,    2045 ,     b ,    0 ,     1 ,     3147402 ,    3172236 ,    186083         ,
27 ,    2085 ,     b ,    0 ,     1 ,     3266315 ,    3281235 ,    191727         ,
27 ,    2125 ,     b ,    0 ,     1 ,     3387621 ,    3392613 ,    200175         ,
27 ,    2165 ,     b ,    0 ,     1 ,     3513005 ,    3511425 ,    208346         ,
27 ,    2205 ,     b ,    0 ,     1 ,     3642592 ,    3638046 ,    215451         ,
27 ,    2245 ,     b ,    0 ,     1 ,     3769109 ,    3750657 ,    223230         ,
27 ,    2285 ,     b ,    0 ,     1 ,     3900013 ,    3871629 ,    232235         ,
27 ,    2325 ,     b ,    0 ,     1 ,     4037760 ,    4008330 ,    246794         ,
27 ,    2365 ,     b ,    0 ,     1 ,     4177381 ,    4145853 ,    247165         ,
27 ,    2405 ,     b ,    0 ,     1 ,     4323062 ,    4296756 ,    257085         ,
27 ,    2445 ,     b ,    0 ,     1 ,     4468256 ,    4441398 ,    270493         ,
27 ,    2485 ,     b ,    0 ,     1 ,     4619684 ,    4599942 ,    278325         ,
27 ,    2525 ,     b ,    0 ,     1 ,     4773649 ,    4761297 ,    288939         ,
27 ,    2565 ,     b ,    0 ,     1 ,     4926942 ,    4915836 ,    301213         ,
27 ,    2605 ,     b ,    0 ,     1 ,     5082545 ,    5072505 ,    302371         ,
27 ,    2645 ,     b ,    0 ,     1 ,     5242029 ,    5236017 ,    312994         ,
27 ,    2685 ,     b ,    0 ,     1 ,     5399730 ,    5389380 ,    322154         ,
27 ,    2725 ,     b ,    0 ,     1 ,     5561070 ,    5548860 ,    334872         ,
27 ,    2765 ,     b ,    0 ,     1 ,     5720093 ,    5696589 ,    343769         ,
27 ,    2805 ,     b ,    0 ,     1 ,     5881559 ,    5846847 ,    350793         ,
27 ,    2845 ,     b ,    0 ,     1 ,     6052806 ,    6021648 ,    358197         ,
27 ,    2885 ,     b ,    0 ,     1 ,     6221749 ,    6184737 ,    373367         ,
27 ,    2925 ,     b ,    0 ,     1 ,     6397852 ,    6364506 ,    386975         ,
27 ,    2965 ,     b ,    0 ,     1 ,     6582563 ,    6565299 ,    393237         ,
27 ,    3005 ,     b ,    0 ,     1 ,     6763596 ,    6750258 ,    404282         ,
27 ,    3045 ,     b ,    0 ,     1 ,     6933168 ,    6896034 ,    412070         ,
27 ,    3085 ,     b ,    0 ,     1 ,     7108441 ,    7054113 ,    434232         ,
27 ,    3125 ,     b ,    0 ,     1 ,     7288781 ,    7222593 ,    436450         ,
27 ,    3165 ,     b ,    0 ,     1 ,     7478637 ,    7414821 ,    446844         ,
27 ,    3205 ,     b ,    0 ,     1 ,     7673019 ,    7615827 ,    457778         ,
27 ,    3245 ,     b ,    0 ,     1 ,     7864283 ,    7802679 ,    479174         ,
27 ,    3285 ,     b ,    0 ,     1 ,     8060337 ,    7999101 ,    489933         ,
27 ,    3325 ,     b ,    0 ,     1 ,     8245442 ,    8157876 ,    499383         ,
27 ,    3365 ,     b ,    0 ,     1 ,     8440136 ,    8340618 ,    511497         ,
27 ,    3405 ,     b ,    0 ,     1 ,     8638581 ,    8529813 ,    516453         ,
27 ,    3445 ,     b ,    0 ,     1 ,     8841790 ,    8728500 ,    534335         ,
27 ,    3485 ,     b ,    0 ,     1 ,     9049159 ,    8934867 ,    549943         ,
27 ,    3525 ,     b ,    0 ,     1 ,     9255610 ,    9133680 ,    562212         ,
27 ,    3565 ,     b ,    0 ,     1 ,     9462126 ,    9327888 ,    566872         ,
27 ,    3605 ,     b ,    0 ,     1 ,     9686298 ,    9570264 ,    582188         ,
27 ,    3645 ,     b ,    0 ,     1 ,     9911919 ,    9812187 ,    600995         ,
27 ,    3685 ,     b ,    0 ,     1 ,     10134349 ,    10039737 ,    609543         ,
27 ,    3725 ,     b ,    0 ,     1 ,     10355037 ,    10257261 ,    622121         ,
27 ,    3765 ,     b ,    0 ,     1 ,     10576949 ,    10473657 ,    635188         ,
27 ,    3805 ,     b ,    0 ,     1 ,     10797691 ,    10681743 ,    653931         ,
27 ,    3845 ,     b ,    0 ,     1 ,     11013675 ,    10870755 ,    668234         ,
27 ,    3885 ,     b ,    0 ,     1 ,     11236849 ,    11076537 ,    759461         ,
27 ,    3925 ,     b ,    0 ,     1 ,     11470612 ,    11309286 ,    796261         ,
27 ,    3965 ,     b ,    0 ,     1 ,     11717398 ,    11576304 ,    706576         ,
27 ,    4005 ,     b ,    0 ,     1 ,     11944611 ,    11779803 ,    719548         ,
27 ,    4045 ,     b ,    0 ,     1 ,     12193492 ,    12043506 ,    747987         ,
27 ,    4085 ,     b ,    0 ,     1 ,     12440443 ,    12296619 ,    753149         ,
27 ,    4125 ,     b ,    0 ,     1 ,     12698171 ,    12577263 ,    764642         ,
27 ,    4165 ,     b ,    0 ,     1 ,     12974435 ,    12908715 ,    780684         ,
27 ,    4205 ,     b ,    0 ,     1 ,     13225281 ,    13159113 ,    810438         ,
27 ,    4245 ,     b ,    0 ,     1 ,     13467004 ,    13377342 ,    822652         ,
27 ,    4285 ,     b ,    0 ,     1 ,     13736205 ,    13673205 ,    832750         ,
27 ,    4325 ,     b ,    0 ,     1 ,     13988622 ,    13913916 ,    845536         ,
27 ,    4365 ,     b ,    0 ,     1 ,     14261846 ,    14212248 ,    866402         ,
27 ,    4405 ,     b ,    0 ,     1 ,     14526713 ,    14480709 ,    878681         ,
27 ,    4445 ,     b ,    0 ,     1 ,     14796048 ,    14757774 ,    896385         ,
27 ,    4485 ,     b ,    0 ,     1 ,     15051698 ,    14988984 ,    912756         ,
27 ,    4525 ,     b ,    0 ,     1 ,     15327876 ,    15276978 ,    946459         ,
27 ,    4565 ,     b ,    0 ,     1 ,     15597108 ,    15539334 ,    949025         ,
27 ,    4605 ,     b ,    0 ,     1 ,     15878925 ,    15834645 ,    978552         ,
27 ,    4645 ,     b ,    0 ,     1 ,     16155955 ,    16110795 ,    985955         ,
27 ,    4685 ,     b ,    0 ,     1 ,     16426229 ,    16361877 ,    997875         ,
27 ,    4725 ,     b ,    0 ,     1 ,     16714202 ,    16661256 ,    1029198         ,
27 ,    4765 ,     b ,    0 ,     1 ,     17000183 ,    16949859 ,    1198118         ,
27 ,    4805 ,     b ,    0 ,     1 ,     17293684 ,    17256222 ,    1205779         ,
27 ,    4845 ,     b ,    0 ,     1 ,     17573599 ,    17517027 ,    1119550         ,
27 ,    4885 ,     b ,    0 ,     1 ,     17871573 ,    17827209 ,    1106780         ,
27 ,    4925 ,     b ,    0 ,     1 ,     18174284 ,    18146802 ,    1140904         ,
27 ,    4965 ,     b ,    0 ,     1 ,     18462978 ,    18419544 ,    1150772         ,
27 ,    5 ,     b ,    1 ,     1 ,     10 ,    0 ,    3         ,
27 ,    45 ,     b ,    1 ,     1 ,     990 ,    0 ,    37         ,
27 ,    85 ,     b ,    1 ,     1 ,     3570 ,    0 ,    124         ,
27 ,    125 ,     b ,    1 ,     1 ,     7750 ,    0 ,    265         ,
27 ,    165 ,     b ,    1 ,     1 ,     13530 ,    0 ,    560         ,
27 ,    205 ,     b ,    1 ,     1 ,     20910 ,    0 ,    700         ,
27 ,    245 ,     b ,    1 ,     1 ,     29890 ,    0 ,    1001         ,
27 ,    285 ,     b ,    1 ,     1 ,     40470 ,    0 ,    1348         ,
27 ,    325 ,     b ,    1 ,     1 ,     52650 ,    0 ,    1752         ,
27 ,    365 ,     b ,    1 ,     1 ,     66430 ,    0 ,    2202         ,
27 ,    405 ,     b ,    1 ,     1 ,     81810 ,    0 ,    2709         ,
27 ,    445 ,     b ,    1 ,     1 ,     98790 ,    0 ,    3270         ,
27 ,    485 ,     b ,    1 ,     1 ,     117370 ,    0 ,    3975         ,
27 ,    525 ,     b ,    1 ,     1 ,     137550 ,    0 ,    4543         ,
27 ,    565 ,     b ,    1 ,     1 ,     159330 ,    0 ,    6042         ,
27 ,    605 ,     b ,    1 ,     1 ,     182710 ,    0 ,    6113         ,
27 ,    645 ,     b ,    1 ,     1 ,     207690 ,    0 ,    7981         ,
27 ,    685 ,     b ,    1 ,     1 ,     234270 ,    0 ,    8698         ,
27 ,    725 ,     b ,    1 ,     1 ,     262450 ,    0 ,    8725         ,
27 ,    765 ,     b ,    1 ,     1 ,     292230 ,    0 ,    9696         ,
27 ,    805 ,     b ,    1 ,     1 ,     323610 ,    0 ,    10730         ,
27 ,    845 ,     b ,    1 ,     1 ,     356590 ,    0 ,    13557         ,
27 ,    885 ,     b ,    1 ,     1 ,     391170 ,    0 ,    12938         ,
27 ,    925 ,     b ,    1 ,     1 ,     427350 ,    0 ,    14407         ,
27 ,    965 ,     b ,    1 ,     1 ,     465130 ,    0 ,    15358         ,
27 ,    1005 ,     b ,    1 ,     1 ,     504510 ,    0 ,    17222         ,
27 ,    1045 ,     b ,    1 ,     1 ,     545490 ,    0 ,    19843         ,
27 ,    1085 ,     b ,    1 ,     1 ,     588070 ,    0 ,    19611         ,
27 ,    1125 ,     b ,    1 ,     1 ,     632250 ,    0 ,    20937         ,
27 ,    1165 ,     b ,    1 ,     1 ,     678030 ,    0 ,    22467         ,
27 ,    1205 ,     b ,    1 ,     1 ,     725410 ,    0 ,    24256         ,
27 ,    1245 ,     b ,    1 ,     1 ,     774390 ,    0 ,    25711         ,
27 ,    1285 ,     b ,    1 ,     1 ,     824970 ,    0 ,    27288         ,
27 ,    1325 ,     b ,    1 ,     1 ,     877150 ,    0 ,    31141         ,
27 ,    1365 ,     b ,    1 ,     1 ,     930930 ,    0 ,    30834         ,
27 ,    1405 ,     b ,    1 ,     1 ,     986310 ,    0 ,    32885         ,
27 ,    1445 ,     b ,    1 ,     1 ,     1043290 ,    0 ,    34476         ,
27 ,    1485 ,     b ,    1 ,     1 ,     1101870 ,    0 ,    36361         ,
27 ,    1525 ,     b ,    1 ,     1 ,     1162050 ,    0 ,    38423         ,
27 ,    1565 ,     b ,    1 ,     1 ,     1223830 ,    0 ,    42384         ,
27 ,    1605 ,     b ,    1 ,     1 ,     1287210 ,    0 ,    42522         ,
27 ,    1645 ,     b ,    1 ,     1 ,     1352190 ,    0 ,    44706         ,
27 ,    1685 ,     b ,    1 ,     1 ,     1418770 ,    0 ,    47051         ,
27 ,    1725 ,     b ,    1 ,     1 ,     1486950 ,    0 ,    49217         ,
27 ,    1765 ,     b ,    1 ,     1 ,     1556730 ,    0 ,    51463         ,
27 ,    1805 ,     b ,    1 ,     1 ,     1628110 ,    0 ,    54009         ,
27 ,    1845 ,     b ,    1 ,     1 ,     1701090 ,    0 ,    56256         ,
27 ,    1885 ,     b ,    1 ,     1 ,     1775670 ,    0 ,    61581         ,
27 ,    1925 ,     b ,    1 ,     1 ,     1851850 ,    0 ,    62750         ,
27 ,    1965 ,     b ,    1 ,     1 ,     1929630 ,    0 ,    63813         ,
27 ,    2005 ,     b ,    1 ,     1 ,     2009010 ,    0 ,    66579         ,
27 ,    2045 ,     b ,    1 ,     1 ,     2089990 ,    0 ,    69075         ,
27 ,    2085 ,     b ,    1 ,     1 ,     2172570 ,    0 ,    72657         ,
27 ,    2125 ,     b ,    1 ,     1 ,     2256750 ,    0 ,    74483         ,
27 ,    2165 ,     b ,    1 ,     1 ,     2342530 ,    0 ,    77441         ,
27 ,    2205 ,     b ,    1 ,     1 ,     2429910 ,    0 ,    81896         ,
27 ,    2245 ,     b ,    1 ,     1 ,     2518890 ,    0 ,    83491         ,
27 ,    2285 ,     b ,    1 ,     1 ,     2609470 ,    0 ,    88538         ,
27 ,    2325 ,     b ,    1 ,     1 ,     2701650 ,    0 ,    91699         ,
27 ,    2365 ,     b ,    1 ,     1 ,     2795430 ,    0 ,    92510         ,
27 ,    2405 ,     b ,    1 ,     1 ,     2890810 ,    0 ,    95356         ,
27 ,    2445 ,     b ,    1 ,     1 ,     2987790 ,    0 ,    98841         ,
27 ,    2485 ,     b ,    1 ,     1 ,     3086370 ,    0 ,    103676         ,
27 ,    2525 ,     b ,    1 ,     1 ,     3186550 ,    0 ,    109170         ,
27 ,    2565 ,     b ,    1 ,     1 ,     3288330 ,    0 ,    108959         ,
27 ,    2605 ,     b ,    1 ,     1 ,     3391710 ,    0 ,    112833         ,
27 ,    2645 ,     b ,    1 ,     1 ,     3496690 ,    0 ,    115920         ,
27 ,    2685 ,     b ,    1 ,     1 ,     3603270 ,    0 ,    121402         ,
27 ,    2725 ,     b ,    1 ,     1 ,     3711450 ,    0 ,    124644         ,
27 ,    2765 ,     b ,    1 ,     1 ,     3821230 ,    0 ,    130390         ,
27 ,    2805 ,     b ,    1 ,     1 ,     3932610 ,    0 ,    133188         ,
27 ,    2845 ,     b ,    1 ,     1 ,     4045590 ,    0 ,    133909         ,
27 ,    2885 ,     b ,    1 ,     1 ,     4160170 ,    0 ,    139745         ,
27 ,    2925 ,     b ,    1 ,     1 ,     4276350 ,    0 ,    167372         ,
27 ,    2965 ,     b ,    1 ,     1 ,     4394130 ,    0 ,    147645         ,
27 ,    3005 ,     b ,    1 ,     1 ,     4513510 ,    0 ,    149241         ,
27 ,    3045 ,     b ,    1 ,     1 ,     4634490 ,    0 ,    155950         ,
27 ,    3085 ,     b ,    1 ,     1 ,     4757070 ,    0 ,    161276         ,
27 ,    3125 ,     b ,    1 ,     1 ,     4881250 ,    0 ,    168021         ,
27 ,    3165 ,     b ,    1 ,     1 ,     5007030 ,    0 ,    169026         ,
27 ,    3205 ,     b ,    1 ,     1 ,     5134410 ,    0 ,    170201         ,
27 ,    3245 ,     b ,    1 ,     1 ,     5263390 ,    0 ,    177635         ,
27 ,    3285 ,     b ,    1 ,     1 ,     5393970 ,    0 ,    179957         ,
27 ,    3325 ,     b ,    1 ,     1 ,     5526150 ,    0 ,    184694         ,
27 ,    3365 ,     b ,    1 ,     1 ,     5659930 ,    0 ,    190669         ,
27 ,    3405 ,     b ,    1 ,     1 ,     5795310 ,    0 ,    195701         ,
27 ,    3445 ,     b ,    1 ,     1 ,     5932290 ,    0 ,    201320         ,
27 ,    3485 ,     b ,    1 ,     1 ,     6070870 ,    0 ,    207602         ,
27 ,    3525 ,     b ,    1 ,     1 ,     6211050 ,    0 ,    207464         ,
27 ,    3565 ,     b ,    1 ,     1 ,     6352830 ,    0 ,    214191         ,
27 ,    3605 ,     b ,    1 ,     1 ,     6496210 ,    0 ,    214530         ,
27 ,    3645 ,     b ,    1 ,     1 ,     6641190 ,    0 ,    219409         ,
27 ,    3685 ,     b ,    1 ,     1 ,     6787770 ,    0 ,    223975         ,
27 ,    3725 ,     b ,    1 ,     1 ,     6935950 ,    0 ,    232709         ,
27 ,    3765 ,     b ,    1 ,     1 ,     7085730 ,    0 ,    237028         ,
27 ,    3805 ,     b ,    1 ,     1 ,     7237110 ,    0 ,    243272         ,
27 ,    3845 ,     b ,    1 ,     1 ,     7390090 ,    0 ,    247412         ,
27 ,    3885 ,     b ,    1 ,     1 ,     7544670 ,    0 ,    252565         ,
27 ,    3925 ,     b ,    1 ,     1 ,     7700850 ,    0 ,    260730         ,
27 ,    3965 ,     b ,    1 ,     1 ,     7858630 ,    0 ,    263778         ,
27 ,    4005 ,     b ,    1 ,     1 ,     8018010 ,    0 ,    272989         ,
27 ,    4045 ,     b ,    1 ,     1 ,     8178990 ,    0 ,    273365         ,
27 ,    4085 ,     b ,    1 ,     1 ,     8341570 ,    0 ,    280964         ,
27 ,    4125 ,     b ,    1 ,     1 ,     8505750 ,    0 ,    282886         ,
27 ,    4165 ,     b ,    1 ,     1 ,     8671530 ,    0 ,    360813         ,
27 ,    4205 ,     b ,    1 ,     1 ,     8838910 ,    0 ,    294118         ,
27 ,    4245 ,     b ,    1 ,     1 ,     9007890 ,    0 ,    301523         ,
27 ,    4285 ,     b ,    1 ,     1 ,     9178470 ,    0 ,    306197         ,
27 ,    4325 ,     b ,    1 ,     1 ,     9350650 ,    0 ,    312182         ,
27 ,    4365 ,     b ,    1 ,     1 ,     9524430 ,    0 ,    314548         ,
27 ,    4405 ,     b ,    1 ,     1 ,     9699810 ,    0 ,    321133         ,
27 ,    4445 ,     b ,    1 ,     1 ,     9876790 ,    0 ,    329967         ,
27 ,    4485 ,     b ,    1 ,     1 ,     10055370 ,    0 ,    335936         ,
27 ,    4525 ,     b ,    1 ,     1 ,     10235550 ,    0 ,    337976         ,
27 ,    4565 ,     b ,    1 ,     1 ,     10417330 ,    0 ,    369770         ,
27 ,    4605 ,     b ,    1 ,     1 ,     10600710 ,    0 ,    355877         ,
27 ,    4645 ,     b ,    1 ,     1 ,     10785690 ,    0 ,    361357         ,
27 ,    4685 ,     b ,    1 ,     1 ,     10972270 ,    0 ,    367448         ,
27 ,    4725 ,     b ,    1 ,     1 ,     11160450 ,    0 ,    375379         ,
27 ,    4765 ,     b ,    1 ,     1 ,     11350230 ,    0 ,    380169         ,
27 ,    4805 ,     b ,    1 ,     1 ,     11541610 ,    0 ,    389177         ,
27 ,    4845 ,     b ,    1 ,     1 ,     11734590 ,    0 ,    390617         ,
27 ,    4885 ,     b ,    1 ,     1 ,     11929170 ,    0 ,    396337         ,
27 ,    4925 ,     b ,    1 ,     1 ,     12125350 ,    0 ,    405618         ,
27 ,    4965 ,     b ,    1 ,     1 ,     12323130 ,    0 ,    414835         ,
27 ,    5 ,     b ,    2 ,     1 ,     20 ,    30 ,    4         ,
27 ,    45 ,     b ,    2 ,     1 ,     1980 ,    2970 ,    109         ,
27 ,    85 ,     b ,    2 ,     1 ,     7140 ,    10710 ,    388         ,
27 ,    125 ,     b ,    2 ,     1 ,     15500 ,    23250 ,    828         ,
27 ,    165 ,     b ,    2 ,     1 ,     27060 ,    40590 ,    1438         ,
27 ,    205 ,     b ,    2 ,     1 ,     41820 ,    62730 ,    2221         ,
27 ,    245 ,     b ,    2 ,     1 ,     59780 ,    89670 ,    3259         ,
27 ,    285 ,     b ,    2 ,     1 ,     80940 ,    121410 ,    4283         ,
27 ,    325 ,     b ,    2 ,     1 ,     105300 ,    157950 ,    5648         ,
27 ,    365 ,     b ,    2 ,     1 ,     132860 ,    199290 ,    7117         ,
27 ,    405 ,     b ,    2 ,     1 ,     163620 ,    245430 ,    8635         ,
27 ,    445 ,     b ,    2 ,     1 ,     197580 ,    296370 ,    10573         ,
27 ,    485 ,     b ,    2 ,     1 ,     234740 ,    352110 ,    12639         ,
27 ,    525 ,     b ,    2 ,     1 ,     275100 ,    412650 ,    14663         ,
27 ,    565 ,     b ,    2 ,     1 ,     318660 ,    477990 ,    18569         ,
27 ,    605 ,     b ,    2 ,     1 ,     365420 ,    548130 ,    19485         ,
27 ,    645 ,     b ,    2 ,     1 ,     415380 ,    623070 ,    22046         ,
27 ,    685 ,     b ,    2 ,     1 ,     468540 ,    702810 ,    27052         ,
27 ,    725 ,     b ,    2 ,     1 ,     524900 ,    787350 ,    27887         ,
27 ,    765 ,     b ,    2 ,     1 ,     584460 ,    876690 ,    31188         ,
27 ,    805 ,     b ,    2 ,     1 ,     647220 ,    970830 ,    34796         ,
27 ,    845 ,     b ,    2 ,     1 ,     713180 ,    1069770 ,    39240         ,
27 ,    885 ,     b ,    2 ,     1 ,     782340 ,    1173510 ,    43447         ,
27 ,    925 ,     b ,    2 ,     1 ,     854700 ,    1282050 ,    45590         ,
27 ,    965 ,     b ,    2 ,     1 ,     930260 ,    1395390 ,    49328         ,
27 ,    1005 ,     b ,    2 ,     1 ,     1009020 ,    1513530 ,    55998         ,
27 ,    1045 ,     b ,    2 ,     1 ,     1090980 ,    1636470 ,    57865         ,
27 ,    1085 ,     b ,    2 ,     1 ,     1176140 ,    1764210 ,    62482         ,
27 ,    1125 ,     b ,    2 ,     1 ,     1264500 ,    1896750 ,    68931         ,
27 ,    1165 ,     b ,    2 ,     1 ,     1356060 ,    2034090 ,    71834         ,
27 ,    1205 ,     b ,    2 ,     1 ,     1450820 ,    2176230 ,    78895         ,
27 ,    1245 ,     b ,    2 ,     1 ,     1548780 ,    2323170 ,    84439         ,
27 ,    1285 ,     b ,    2 ,     1 ,     1649940 ,    2474910 ,    89989         ,
27 ,    1325 ,     b ,    2 ,     1 ,     1754300 ,    2631450 ,    94801         ,
27 ,    1365 ,     b ,    2 ,     1 ,     1861860 ,    2792790 ,    100910         ,
27 ,    1405 ,     b ,    2 ,     1 ,     1972620 ,    2958930 ,    106515         ,
27 ,    1445 ,     b ,    2 ,     1 ,     2086580 ,    3129870 ,    112524         ,
27 ,    1485 ,     b ,    2 ,     1 ,     2203740 ,    3305610 ,    118859         ,
27 ,    1525 ,     b ,    2 ,     1 ,     2324100 ,    3486150 ,    126017         ,
27 ,    1565 ,     b ,    2 ,     1 ,     2447660 ,    3671490 ,    131814         ,
27 ,    1605 ,     b ,    2 ,     1 ,     2574420 ,    3861630 ,    138729         ,
27 ,    1645 ,     b ,    2 ,     1 ,     2704380 ,    4056570 ,    145206         ,
27 ,    1685 ,     b ,    2 ,     1 ,     2837540 ,    4256310 ,    152206         ,
27 ,    1725 ,     b ,    2 ,     1 ,     2973900 ,    4460850 ,    159590         ,
27 ,    1765 ,     b ,    2 ,     1 ,     3113460 ,    4670190 ,    167282         ,
27 ,    1805 ,     b ,    2 ,     1 ,     3256220 ,    4884330 ,    176454         ,
27 ,    1845 ,     b ,    2 ,     1 ,     3402180 ,    5103270 ,    182332         ,
27 ,    1885 ,     b ,    2 ,     1 ,     3551340 ,    5327010 ,    192255         ,
27 ,    1925 ,     b ,    2 ,     1 ,     3703700 ,    5555550 ,    202221         ,
27 ,    1965 ,     b ,    2 ,     1 ,     3859260 ,    5788890 ,    208731         ,
27 ,    2005 ,     b ,    2 ,     1 ,     4018020 ,    6027030 ,    212995         ,
27 ,    2045 ,     b ,    2 ,     1 ,     4179980 ,    6269970 ,    221646         ,
27 ,    2085 ,     b ,    2 ,     1 ,     4345140 ,    6517710 ,    233171         ,
27 ,    2125 ,     b ,    2 ,     1 ,     4513500 ,    6770250 ,    243485         ,
27 ,    2165 ,     b ,    2 ,     1 ,     4685060 ,    7027590 ,    255985         ,
27 ,    2205 ,     b ,    2 ,     1 ,     4859820 ,    7289730 ,    260042         ,
27 ,    2245 ,     b ,    2 ,     1 ,     5037780 ,    7556670 ,    270690         ,
27 ,    2285 ,     b ,    2 ,     1 ,     5218940 ,    7828410 ,    280081         ,
27 ,    2325 ,     b ,    2 ,     1 ,     5403300 ,    8104950 ,    290917         ,
27 ,    2365 ,     b ,    2 ,     1 ,     5590860 ,    8386290 ,    308244         ,
27 ,    2405 ,     b ,    2 ,     1 ,     5781620 ,    8672430 ,    307243         ,
27 ,    2445 ,     b ,    2 ,     1 ,     5975580 ,    8963370 ,    322238         ,
27 ,    2485 ,     b ,    2 ,     1 ,     6172740 ,    9259110 ,    341594         ,
27 ,    2525 ,     b ,    2 ,     1 ,     6373100 ,    9559650 ,    343515         ,
27 ,    2565 ,     b ,    2 ,     1 ,     6576660 ,    9864990 ,    361461         ,
27 ,    2605 ,     b ,    2 ,     1 ,     6783420 ,    10175130 ,    359445         ,
27 ,    2645 ,     b ,    2 ,     1 ,     6993380 ,    10490070 ,    372791         ,
27 ,    2685 ,     b ,    2 ,     1 ,     7206540 ,    10809810 ,    391297         ,
27 ,    2725 ,     b ,    2 ,     1 ,     7422900 ,    11134350 ,    403127         ,
27 ,    2765 ,     b ,    2 ,     1 ,     7642460 ,    11463690 ,    413079         ,
27 ,    2805 ,     b ,    2 ,     1 ,     7865220 ,    11797830 ,    420704         ,
27 ,    2845 ,     b ,    2 ,     1 ,     8091180 ,    12136770 ,    434776         ,
27 ,    2885 ,     b ,    2 ,     1 ,     8320340 ,    12480510 ,    443339         ,
27 ,    2925 ,     b ,    2 ,     1 ,     8552700 ,    12829050 ,    459585         ,
27 ,    2965 ,     b ,    2 ,     1 ,     8788260 ,    13182390 ,    466915         ,
27 ,    3005 ,     b ,    2 ,     1 ,     9027020 ,    13540530 ,    481180         ,
27 ,    3045 ,     b ,    2 ,     1 ,     9268980 ,    13903470 ,    491449         ,
27 ,    3085 ,     b ,    2 ,     1 ,     9514140 ,    14271210 ,    514053         ,
27 ,    3125 ,     b ,    2 ,     1 ,     9762500 ,    14643750 ,    519667         ,
27 ,    3165 ,     b ,    2 ,     1 ,     10014060 ,    15021090 ,    540277         ,
27 ,    3205 ,     b ,    2 ,     1 ,     10268820 ,    15403230 ,    548297         ,
27 ,    3245 ,     b ,    2 ,     1 ,     10526780 ,    15790170 ,    561580         ,
27 ,    3285 ,     b ,    2 ,     1 ,     10787940 ,    16181910 ,    601283         ,
27 ,    3325 ,     b ,    2 ,     1 ,     11052300 ,    16578450 ,    597854         ,
27 ,    3365 ,     b ,    2 ,     1 ,     11319860 ,    16979790 ,    611759         ,
27 ,    3405 ,     b ,    2 ,     1 ,     11590620 ,    17385930 ,    627089         ,
27 ,    3445 ,     b ,    2 ,     1 ,     11864580 ,    17796870 ,    639135         ,
27 ,    3485 ,     b ,    2 ,     1 ,     12141740 ,    18212610 ,    647574         ,
27 ,    3525 ,     b ,    2 ,     1 ,     12422100 ,    18633150 ,    670345         ,
27 ,    3565 ,     b ,    2 ,     1 ,     12705660 ,    19058490 ,    684340         ,
27 ,    3605 ,     b ,    2 ,     1 ,     12992420 ,    19488630 ,    694702         ,
27 ,    3645 ,     b ,    2 ,     1 ,     13282380 ,    19923570 ,    718673         ,
27 ,    3685 ,     b ,    2 ,     1 ,     13575540 ,    20363310 ,    753706         ,
27 ,    3725 ,     b ,    2 ,     1 ,     13871900 ,    20807850 ,    751775         ,
27 ,    3765 ,     b ,    2 ,     1 ,     14171460 ,    21257190 ,    766027         ,
27 ,    3805 ,     b ,    2 ,     1 ,     14474220 ,    21711330 ,    778722         ,
27 ,    3845 ,     b ,    2 ,     1 ,     14780180 ,    22170270 ,    823010         ,
27 ,    3885 ,     b ,    2 ,     1 ,     15089340 ,    22634010 ,    818478         ,
27 ,    3925 ,     b ,    2 ,     1 ,     15401700 ,    23102550 ,    885367         ,
27 ,    3965 ,     b ,    2 ,     1 ,     15717260 ,    23575890 ,    865567         ,
27 ,    4005 ,     b ,    2 ,     1 ,     16036020 ,    24054030 ,    873809         ,
27 ,    4045 ,     b ,    2 ,     1 ,     16357980 ,    24536970 ,    883350         ,
27 ,    4085 ,     b ,    2 ,     1 ,     16683140 ,    25024710 ,    904875         ,
27 ,    4125 ,     b ,    2 ,     1 ,     17011500 ,    25517250 ,    909535         ,
27 ,    4165 ,     b ,    2 ,     1 ,     17343060 ,    26014590 ,    920385         ,
27 ,    4205 ,     b ,    2 ,     1 ,     17677820 ,    26516730 ,    937170         ,
27 ,    4245 ,     b ,    2 ,     1 ,     18015780 ,    27023670 ,    982951         ,
27 ,    4285 ,     b ,    2 ,     1 ,     18356940 ,    27535410 ,    986089         ,
27 ,    4325 ,     b ,    2 ,     1 ,     18701300 ,    28051950 ,    993610         ,
27 ,    4365 ,     b ,    2 ,     1 ,     19048860 ,    28573290 ,    1021683         ,
27 ,    4405 ,     b ,    2 ,     1 ,     19399620 ,    29099430 ,    1036144         ,
27 ,    4445 ,     b ,    2 ,     1 ,     19753580 ,    29630370 ,    1050824         ,
27 ,    4485 ,     b ,    2 ,     1 ,     20110740 ,    30166110 ,    1066374         ,
27 ,    4525 ,     b ,    2 ,     1 ,     20471100 ,    30706650 ,    1085801         ,
27 ,    4565 ,     b ,    2 ,     1 ,     20834660 ,    31251990 ,    1128140         ,
27 ,    4605 ,     b ,    2 ,     1 ,     21201420 ,    31802130 ,    1125931         ,
27 ,    4645 ,     b ,    2 ,     1 ,     21571380 ,    32357070 ,    1158014         ,
27 ,    4685 ,     b ,    2 ,     1 ,     21944540 ,    32916810 ,    1192712         ,
27 ,    4725 ,     b ,    2 ,     1 ,     22320900 ,    33481350 ,    1188966         ,
27 ,    4765 ,     b ,    2 ,     1 ,     22700460 ,    34050690 ,    1206768         ,
27 ,    4805 ,     b ,    2 ,     1 ,     23083220 ,    34624830 ,    1224067         ,
27 ,    4845 ,     b ,    2 ,     1 ,     23469180 ,    35203770 ,    1255453         ,
27 ,    4885 ,     b ,    2 ,     1 ,     23858340 ,    35787510 ,    1296115         ,
27 ,    4925 ,     b ,    2 ,     1 ,     24250700 ,    36376050 ,    1286637         ,
27 ,    4965 ,     b ,    2 ,     1 ,     24646260 ,    36969390 ,    1317193         ,
27 ,    5 ,     b ,    3 ,     1 ,     12 ,    6 ,    5         ,
27 ,    45 ,     b ,    3 ,     1 ,     1281 ,    873 ,    70         ,
27 ,    85 ,     b ,    3 ,     1 ,     4464 ,    2682 ,    220         ,
27 ,    125 ,     b ,    3 ,     1 ,     9833 ,    6249 ,    459         ,
27 ,    165 ,     b ,    3 ,     1 ,     16338 ,    8424 ,    716         ,
27 ,    205 ,     b ,    3 ,     1 ,     27427 ,    19551 ,    1294         ,
27 ,    245 ,     b ,    3 ,     1 ,     36583 ,    20079 ,    1637         ,
27 ,    285 ,     b ,    3 ,     1 ,     51258 ,    32364 ,    2407         ,
27 ,    325 ,     b ,    3 ,     1 ,     66185 ,    40605 ,    3017         ,
27 ,    365 ,     b ,    3 ,     1 ,     82728 ,    48894 ,    4103         ,
27 ,    405 ,     b ,    3 ,     1 ,     101433 ,    58869 ,    4773         ,
27 ,    445 ,     b ,    3 ,     1 ,     125569 ,    80337 ,    5965         ,
27 ,    485 ,     b ,    3 ,     1 ,     144938 ,    82704 ,    6752         ,
27 ,    525 ,     b ,    3 ,     1 ,     170352 ,    98406 ,    7798         ,
27 ,    565 ,     b ,    3 ,     1 ,     198292 ,    116886 ,    9437         ,
27 ,    605 ,     b ,    3 ,     1 ,     233435 ,    152175 ,    11049         ,
27 ,    645 ,     b ,    3 ,     1 ,     261587 ,    161691 ,    12286         ,
27 ,    685 ,     b ,    3 ,     1 ,     291197 ,    170781 ,    13556         ,
27 ,    725 ,     b ,    3 ,     1 ,     330651 ,    204603 ,    16063         ,
27 ,    765 ,     b ,    3 ,     1 ,     366192 ,    221886 ,    17800         ,
27 ,    805 ,     b ,    3 ,     1 ,     405835 ,    246675 ,    19960         ,
27 ,    845 ,     b ,    3 ,     1 ,     447113 ,    271569 ,    22438         ,
27 ,    885 ,     b ,    3 ,     1 ,     494394 ,    309672 ,    24642         ,
27 ,    925 ,     b ,    3 ,     1 ,     535770 ,    325260 ,    29363         ,
27 ,    965 ,     b ,    3 ,     1 ,     587318 ,    366564 ,    29209         ,
27 ,    1005 ,     b ,    3 ,     1 ,     625114 ,    361812 ,    31069         ,
27 ,    1045 ,     b ,    3 ,     1 ,     692417 ,    440781 ,    35540         ,
27 ,    1085 ,     b ,    3 ,     1 ,     744876 ,    470418 ,    37054         ,
27 ,    1125 ,     b ,    3 ,     1 ,     788887 ,    469911 ,    39693         ,
27 ,    1165 ,     b ,    3 ,     1 ,     856313 ,    534849 ,    46003         ,
27 ,    1205 ,     b ,    3 ,     1 ,     908085 ,    548025 ,    46912         ,
27 ,    1245 ,     b ,    3 ,     1 ,     976383 ,    605979 ,    52154         ,
27 ,    1285 ,     b ,    3 ,     1 ,     1021081 ,    588333 ,    51241         ,
27 ,    1325 ,     b ,    3 ,     1 ,     1101610 ,    673380 ,    57279         ,
27 ,    1365 ,     b ,    3 ,     1 ,     1163726 ,    698388 ,    62201         ,
27 ,    1405 ,     b ,    3 ,     1 ,     1230265 ,    731865 ,    63904         ,
27 ,    1445 ,     b ,    3 ,     1 ,     1300362 ,    771216 ,    67063         ,
27 ,    1485 ,     b ,    3 ,     1 ,     1378182 ,    828936 ,    76389         ,
27 ,    1525 ,     b ,    3 ,     1 ,     1458227 ,    888531 ,    77861         ,
27 ,    1565 ,     b ,    3 ,     1 ,     1544098 ,    960804 ,    81480         ,
27 ,    1605 ,     b ,    3 ,     1 ,     1618100 ,    992670 ,    86053         ,
27 ,    1645 ,     b ,    3 ,     1 ,     1686200 ,    1002030 ,    88424         ,
27 ,    1685 ,     b ,    3 ,     1 ,     1789003 ,    1110699 ,    95785         ,
27 ,    1725 ,     b ,    3 ,     1 ,     1868242 ,    1143876 ,    101902         ,
27 ,    1765 ,     b ,    3 ,     1 ,     1951321 ,    1183773 ,    104746         ,
27 ,    1805 ,     b ,    3 ,     1 ,     2035803 ,    1223079 ,    110003         ,
27 ,    1845 ,     b ,    3 ,     1 ,     2126638 ,    1276644 ,    116554         ,
27 ,    1885 ,     b ,    3 ,     1 ,     2187320 ,    1234950 ,    112861         ,
27 ,    1925 ,     b ,    3 ,     1 ,     2325471 ,    1420863 ,    125874         ,
27 ,    1965 ,     b ,    3 ,     1 ,     2422103 ,    1477419 ,    128719         ,
27 ,    2005 ,     b ,    3 ,     1 ,     2506848 ,    1493514 ,    133081         ,
27 ,    2045 ,     b ,    3 ,     1 ,     2595519 ,    1516587 ,    143640         ,
27 ,    2085 ,     b ,    3 ,     1 ,     2720751 ,    1644543 ,    152007         ,
27 ,    2125 ,     b ,    3 ,     1 ,     2834830 ,    1734240 ,    155093         ,
27 ,    2165 ,     b ,    3 ,     1 ,     2954269 ,    1835217 ,    160591         ,
27 ,    2205 ,     b ,    3 ,     1 ,     3026403 ,    1789479 ,    166725         ,
27 ,    2245 ,     b ,    3 ,     1 ,     3147392 ,    1885506 ,    174068         ,
27 ,    2285 ,     b ,    3 ,     1 ,     3274735 ,    1995795 ,    179664         ,
27 ,    2325 ,     b ,    3 ,     1 ,     3367732 ,    1998246 ,    184712         ,
27 ,    2365 ,     b ,    3 ,     1 ,     3492356 ,    2090778 ,    195058         ,
27 ,    2405 ,     b ,    3 ,     1 ,     3622596 ,    2195358 ,    200164         ,
27 ,    2445 ,     b ,    3 ,     1 ,     3710390 ,    2167800 ,    205630         ,
27 ,    2485 ,     b ,    3 ,     1 ,     3851420 ,    2295150 ,    214839         ,
27 ,    2525 ,     b ,    3 ,     1 ,     3961344 ,    2324382 ,    216259         ,
27 ,    2565 ,     b ,    3 ,     1 ,     4117209 ,    2486637 ,    229826         ,
27 ,    2605 ,     b ,    3 ,     1 ,     4244129 ,    2557257 ,    235099         ,
27 ,    2645 ,     b ,    3 ,     1 ,     4364548 ,    2603574 ,    239931         ,
27 ,    2685 ,     b ,    3 ,     1 ,     4499342 ,    2688216 ,    248292         ,
27 ,    2725 ,     b ,    3 ,     1 ,     4606801 ,    2686053 ,    255737         ,
27 ,    2765 ,     b ,    3 ,     1 ,     4771557 ,    2850981 ,    265062         ,
27 ,    2805 ,     b ,    3 ,     1 ,     4919231 ,    2959863 ,    271635         ,
27 ,    2845 ,     b ,    3 ,     1 ,     5060671 ,    3045243 ,    283389         ,
27 ,    2885 ,     b ,    3 ,     1 ,     5179600 ,    3058290 ,    289957         ,
27 ,    2925 ,     b ,    3 ,     1 ,     5309672 ,    3099966 ,    295153         ,
27 ,    2965 ,     b ,    3 ,     1 ,     5493101 ,    3296913 ,    311014         ,
27 ,    3005 ,     b ,    3 ,     1 ,     5661174 ,    3442992 ,    315525         ,
27 ,    3045 ,     b ,    3 ,     1 ,     5783463 ,    3446919 ,    323802         ,
27 ,    3085 ,     b ,    3 ,     1 ,     5986955 ,    3689655 ,    341520         ,
27 ,    3125 ,     b ,    3 ,     1 ,     6083297 ,    3606141 ,    343865         ,
27 ,    3165 ,     b ,    3 ,     1 ,     6226966 ,    3659808 ,    354430         ,
27 ,    3205 ,     b ,    3 ,     1 ,     6420723 ,    3858939 ,    362274         ,
27 ,    3245 ,     b ,    3 ,     1 ,     6594234 ,    3992532 ,    373187         ,
27 ,    3285 ,     b ,    3 ,     1 ,     6724072 ,    3990306 ,    374498         ,
27 ,    3325 ,     b ,    3 ,     1 ,     6896242 ,    4110276 ,    388500         ,
27 ,    3365 ,     b ,    3 ,     1 ,     7125283 ,    4396059 ,    406312         ,
27 ,    3405 ,     b ,    3 ,     1 ,     7197391 ,    4206243 ,    396827         ,
27 ,    3445 ,     b ,    3 ,     1 ,     7430437 ,    4494441 ,    423520         ,
27 ,    3485 ,     b ,    3 ,     1 ,     7552966 ,    4446288 ,    424838         ,
27 ,    3525 ,     b ,    3 ,     1 ,     7790327 ,    4737831 ,    442536         ,
27 ,    3565 ,     b ,    3 ,     1 ,     7956287 ,    4810371 ,    453598         ,
27 ,    3605 ,     b ,    3 ,     1 ,     8141058 ,    4934544 ,    466845         ,
27 ,    3645 ,     b ,    3 ,     1 ,     8288432 ,    4941726 ,    471173         ,
27 ,    3685 ,     b ,    3 ,     1 ,     8511580 ,    5171430 ,    480754         ,
27 ,    3725 ,     b ,    3 ,     1 ,     8666751 ,    5192403 ,    475571         ,
27 ,    3765 ,     b ,    3 ,     1 ,     8880230 ,    5383500 ,    507391         ,
27 ,    3805 ,     b ,    3 ,     1 ,     9093535 ,    5569275 ,    512679         ,
27 ,    3845 ,     b ,    3 ,     1 ,     9310618 ,    5761584 ,    539364         ,
27 ,    3885 ,     b ,    3 ,     1 ,     9437783 ,    5679339 ,    539368         ,
27 ,    3925 ,     b ,    3 ,     1 ,     9602295 ,    5704335 ,    538422         ,
27 ,    3965 ,     b ,    3 ,     1 ,     9780804 ,    5766522 ,    554948         ,
27 ,    4005 ,     b ,    3 ,     1 ,     10111994 ,    6281952 ,    583952         ,
27 ,    4045 ,     b ,    3 ,     1 ,     10278396 ,    6298218 ,    594907         ,
27 ,    4085 ,     b ,    3 ,     1 ,     10476975 ,    6406215 ,    603910         ,
27 ,    4125 ,     b ,    3 ,     1 ,     10549890 ,    6132420 ,    594331         ,
27 ,    4165 ,     b ,    3 ,     1 ,     10818466 ,    6440808 ,    607518         ,
27 ,    4205 ,     b ,    3 ,     1 ,     11051588 ,    6638034 ,    632683         ,
27 ,    4245 ,     b ,    3 ,     1 ,     11298691 ,    6872403 ,    645336         ,
27 ,    4285 ,     b ,    3 ,     1 ,     11492090 ,    6940860 ,    657808         ,
27 ,    4325 ,     b ,    3 ,     1 ,     11643632 ,    6878946 ,    673129         ,
27 ,    4365 ,     b ,    3 ,     1 ,     11943409 ,    7256937 ,    683281         ,
27 ,    4405 ,     b ,    3 ,     1 ,     12115182 ,    7246116 ,    686446         ,
27 ,    4445 ,     b ,    3 ,     1 ,     12343669 ,    7400637 ,    709090         ,
27 ,    4485 ,     b ,    3 ,     1 ,     12563318 ,    7523844 ,    708172         ,
27 ,    4525 ,     b ,    3 ,     1 ,     12800393 ,    7694529 ,    727619         ,
27 ,    4565 ,     b ,    3 ,     1 ,     13130288 ,    8138874 ,    748099         ,
27 ,    4605 ,     b ,    3 ,     1 ,     13268699 ,    8003967 ,    760380         ,
27 ,    4645 ,     b ,    3 ,     1 ,     13439643 ,    7961859 ,    774226         ,
27 ,    4685 ,     b ,    3 ,     1 ,     13731891 ,    8278863 ,    799651         ,
27 ,    4725 ,     b ,    3 ,     1 ,     13878091 ,    8152923 ,    791109         ,
27 ,    4765 ,     b ,    3 ,     1 ,     14139882 ,    8368956 ,    801111         ,
27 ,    4805 ,     b ,    3 ,     1 ,     14451243 ,    8728899 ,    834220         ,
27 ,    4845 ,     b ,    3 ,     1 ,     14597328 ,    8588214 ,    832048         ,
27 ,    4885 ,     b ,    3 ,     1 ,     14942251 ,    9039243 ,    869953         ,
27 ,    4925 ,     b ,    3 ,     1 ,     15196985 ,    9214905 ,    869346         ,
27 ,    4965 ,     b ,    3 ,     1 ,     15332937 ,    9029421 ,    885154         ,
27 ,    5 ,     b ,    4 ,     1 ,     15 ,    15 ,    5         ,
27 ,    45 ,     b ,    4 ,     1 ,     1369 ,    1137 ,    81         ,
27 ,    85 ,     b ,    4 ,     1 ,     5239 ,    5007 ,    294         ,
27 ,    125 ,     b ,    4 ,     1 ,     10741 ,    8973 ,    569         ,
27 ,    165 ,     b ,    4 ,     1 ,     19149 ,    16857 ,    985         ,
27 ,    205 ,     b ,    4 ,     1 ,     30143 ,    27699 ,    1598         ,
27 ,    245 ,     b ,    4 ,     1 ,     41950 ,    36180 ,    2124         ,
27 ,    285 ,     b ,    4 ,     1 ,     55969 ,    46497 ,    2922         ,
27 ,    325 ,     b ,    4 ,     1 ,     74281 ,    64893 ,    3784         ,
27 ,    365 ,     b ,    4 ,     1 ,     92332 ,    77706 ,    4632         ,
27 ,    405 ,     b ,    4 ,     1 ,     114115 ,    96915 ,    7792         ,
27 ,    445 ,     b ,    4 ,     1 ,     138733 ,    119829 ,    7088         ,
27 ,    485 ,     b ,    4 ,     1 ,     163157 ,    137361 ,    8479         ,
27 ,    525 ,     b ,    4 ,     1 ,     197732 ,    180546 ,    10323         ,
27 ,    565 ,     b ,    4 ,     1 ,     220805 ,    184425 ,    11155         ,
27 ,    605 ,     b ,    4 ,     1 ,     258815 ,    228315 ,    13630         ,
27 ,    645 ,     b ,    4 ,     1 ,     294611 ,    260763 ,    15305         ,
27 ,    685 ,     b ,    4 ,     1 ,     329517 ,    285741 ,    17254         ,
27 ,    725 ,     b ,    4 ,     1 ,     370664 ,    324642 ,    19442         ,
27 ,    765 ,     b ,    4 ,     1 ,     411299 ,    357207 ,    21701         ,
27 ,    805 ,     b ,    4 ,     1 ,     447151 ,    370623 ,    23416         ,
27 ,    845 ,     b ,    4 ,     1 ,     500208 ,    430854 ,    28286         ,
27 ,    885 ,     b ,    4 ,     1 ,     550765 ,    478785 ,    29364         ,
27 ,    925 ,     b ,    4 ,     1 ,     600889 ,    520617 ,    31956         ,
27 ,    965 ,     b ,    4 ,     1 ,     648857 ,    551181 ,    36569         ,
27 ,    1005 ,     b ,    4 ,     1 ,     701757 ,    591741 ,    37181         ,
27 ,    1045 ,     b ,    4 ,     1 ,     758998 ,    640524 ,    40065         ,
27 ,    1085 ,     b ,    4 ,     1 ,     829264 ,    723582 ,    45835         ,
27 ,    1125 ,     b ,    4 ,     1 ,     877116 ,    734598 ,    46823         ,
27 ,    1165 ,     b ,    4 ,     1 ,     952537 ,    823521 ,    53698         ,
27 ,    1205 ,     b ,    4 ,     1 ,     1005393 ,    839949 ,    54232         ,
27 ,    1245 ,     b ,    4 ,     1 ,     1080808 ,    919254 ,    60187         ,
27 ,    1285 ,     b ,    4 ,     1 ,     1151828 ,    980574 ,    64401         ,
27 ,    1325 ,     b ,    4 ,     1 ,     1229897 ,    1058241 ,    67050         ,
27 ,    1365 ,     b ,    4 ,     1 ,     1297477 ,    1099641 ,    69923         ,
27 ,    1405 ,     b ,    4 ,     1 ,     1371888 ,    1156734 ,    74522         ,
27 ,    1445 ,     b ,    4 ,     1 ,     1454068 ,    1232334 ,    80674         ,
27 ,    1485 ,     b ,    4 ,     1 ,     1539165 ,    1311885 ,    83877         ,
27 ,    1525 ,     b ,    4 ,     1 ,     1625538 ,    1390464 ,    90641         ,
27 ,    1565 ,     b ,    4 ,     1 ,     1702548 ,    1436154 ,    93923         ,
27 ,    1605 ,     b ,    4 ,     1 ,     1795115 ,    1523715 ,    98924         ,
27 ,    1645 ,     b ,    4 ,     1 ,     1884983 ,    1598379 ,    103608         ,
27 ,    1685 ,     b ,    4 ,     1 ,     1990181 ,    1714233 ,    113010         ,
27 ,    1725 ,     b ,    4 ,     1 ,     2069732 ,    1748346 ,    115678         ,
27 ,    1765 ,     b ,    4 ,     1 ,     2164567 ,    1823511 ,    121743         ,
27 ,    1805 ,     b ,    4 ,     1 ,     2269606 ,    1924488 ,    127334         ,
27 ,    1845 ,     b ,    4 ,     1 ,     2372774 ,    2015052 ,    134273         ,
27 ,    1885 ,     b ,    4 ,     1 ,     2476055 ,    2101155 ,    141638         ,
27 ,    1925 ,     b ,    4 ,     1 ,     2595197 ,    2230041 ,    149275         ,
27 ,    1965 ,     b ,    4 ,     1 ,     2700282 ,    2311956 ,    155469         ,
27 ,    2005 ,     b ,    4 ,     1 ,     2820129 ,    2433357 ,    159306         ,
27 ,    2045 ,     b ,    4 ,     1 ,     2899242 ,    2427756 ,    168317         ,
27 ,    2085 ,     b ,    4 ,     1 ,     3048957 ,    2629161 ,    178538         ,
27 ,    2125 ,     b ,    4 ,     1 ,     3151708 ,    2684874 ,    179841         ,
27 ,    2165 ,     b ,    4 ,     1 ,     3293112 ,    2851746 ,    189711         ,
27 ,    2205 ,     b ,    4 ,     1 ,     3411203 ,    2943879 ,    238794         ,
27 ,    2245 ,     b ,    4 ,     1 ,     3535319 ,    3049287 ,    223029         ,
27 ,    2285 ,     b ,    4 ,     1 ,     3644487 ,    3105051 ,    210679         ,
27 ,    2325 ,     b ,    4 ,     1 ,     3767039 ,    3196167 ,    216306         ,
27 ,    2365 ,     b ,    4 ,     1 ,     3900558 ,    3315384 ,    225514         ,
27 ,    2405 ,     b ,    4 ,     1 ,     4057800 ,    3500970 ,    237746         ,
27 ,    2445 ,     b ,    4 ,     1 ,     4180056 ,    3576798 ,    243412         ,
27 ,    2485 ,     b ,    4 ,     1 ,     4286070 ,    3599100 ,    249021         ,
27 ,    2525 ,     b ,    4 ,     1 ,     4461617 ,    3825201 ,    256657         ,
27 ,    2565 ,     b ,    4 ,     1 ,     4607044 ,    3956142 ,    293565         ,
27 ,    2605 ,     b ,    4 ,     1 ,     4730783 ,    4017219 ,    502279         ,
27 ,    2645 ,     b ,    4 ,     1 ,     4918323 ,    4264899 ,    340552         ,
27 ,    2685 ,     b ,    4 ,     1 ,     5045349 ,    4326237 ,    294541         ,
27 ,    2725 ,     b ,    4 ,     1 ,     5220458 ,    4527024 ,    308109         ,
27 ,    2765 ,     b ,    4 ,     1 ,     5342925 ,    4565085 ,    312624         ,
27 ,    2805 ,     b ,    4 ,     1 ,     5520043 ,    4762299 ,    320227         ,
27 ,    2845 ,     b ,    4 ,     1 ,     5684631 ,    4917123 ,    338237         ,
27 ,    2885 ,     b ,    4 ,     1 ,     5821480 ,    4983930 ,    343243         ,
27 ,    2925 ,     b ,    4 ,     1 ,     5990207 ,    5141571 ,    351361         ,
27 ,    2965 ,     b ,    4 ,     1 ,     6129049 ,    5204757 ,    361797         ,
27 ,    3005 ,     b ,    4 ,     1 ,     6284617 ,    5313321 ,    365505         ,
27 ,    3045 ,     b ,    4 ,     1 ,     6490562 ,    5568216 ,    388787         ,
27 ,    3085 ,     b ,    4 ,     1 ,     6664863 ,    5723379 ,    397385         ,
27 ,    3125 ,     b ,    4 ,     1 ,     6815517 ,    5802801 ,    410623         ,
27 ,    3165 ,     b ,    4 ,     1 ,     7007206 ,    6000528 ,    417123         ,
27 ,    3205 ,     b ,    4 ,     1 ,     7217416 ,    6249018 ,    426465         ,
27 ,    3245 ,     b ,    4 ,     1 ,     7365015 ,    6304875 ,    445330         ,
27 ,    3285 ,     b ,    4 ,     1 ,     7567118 ,    6519444 ,    450856         ,
27 ,    3325 ,     b ,    4 ,     1 ,     7751318 ,    6675504 ,    448607         ,
27 ,    3365 ,     b ,    4 ,     1 ,     7966543 ,    6919839 ,    469256         ,
27 ,    3405 ,     b ,    4 ,     1 ,     8117550 ,    6966720 ,    480946         ,
27 ,    3445 ,     b ,    4 ,     1 ,     8306763 ,    7123419 ,    494178         ,
27 ,    3485 ,     b ,    4 ,     1 ,     8528178 ,    7371924 ,    503003         ,
27 ,    3525 ,     b ,    4 ,     1 ,     8720208 ,    7527474 ,    521628         ,
27 ,    3565 ,     b ,    4 ,     1 ,     8942003 ,    7767519 ,    540230         ,
27 ,    3605 ,     b ,    4 ,     1 ,     9055697 ,    7678461 ,    535084         ,
27 ,    3645 ,     b ,    4 ,     1 ,     9297335 ,    7968435 ,    544114         ,
27 ,    3685 ,     b ,    4 ,     1 ,     9628187 ,    8521251 ,    565443         ,
27 ,    3725 ,     b ,    4 ,     1 ,     9726841 ,    8372673 ,    575430         ,
27 ,    3765 ,     b ,    4 ,     1 ,     9921335 ,    8506815 ,    654356         ,
27 ,    3805 ,     b ,    4 ,     1 ,     10123916 ,    8660418 ,    690226         ,
27 ,    3845 ,     b ,    4 ,     1 ,     10344217 ,    8862381 ,    612274         ,
27 ,    3885 ,     b ,    4 ,     1 ,     10484266 ,    8818788 ,    632168         ,
27 ,    3925 ,     b ,    4 ,     1 ,     10705264 ,    9013242 ,    640276         ,
27 ,    3965 ,     b ,    4 ,     1 ,     11015309 ,    9470037 ,    1073356         ,
27 ,    4005 ,     b ,    4 ,     1 ,     11213732 ,    9587166 ,    742389         ,
27 ,    4045 ,     b ,    4 ,     1 ,     11474234 ,    9885732 ,    916676         ,
27 ,    4085 ,     b ,    4 ,     1 ,     11724109 ,    10147617 ,    988110         ,
27 ,    4125 ,     b ,    4 ,     1 ,     11871730 ,    10097940 ,    897072         ,
27 ,    4165 ,     b ,    4 ,     1 ,     12165035 ,    10480515 ,    1204448         ,
27 ,    4205 ,     b ,    4 ,     1 ,     12395529 ,    10669857 ,    835629         ,
27 ,    4245 ,     b ,    4 ,     1 ,     12638415 ,    10891575 ,    777371         ,
27 ,    4285 ,     b ,    4 ,     1 ,     12877884 ,    11098242 ,    846250         ,
27 ,    4325 ,     b ,    4 ,     1 ,     13082528 ,    11195634 ,    797862         ,
27 ,    4365 ,     b ,    4 ,     1 ,     13304654 ,    11340672 ,    935160         ,
27 ,    4405 ,     b ,    4 ,     1 ,     13500815 ,    11403015 ,    860156         ,
27 ,    4445 ,     b ,    4 ,     1 ,     13844300 ,    11902530 ,    813764         ,
27 ,    4485 ,     b ,    4 ,     1 ,     14109933 ,    12163689 ,    868145         ,
27 ,    4525 ,     b ,    4 ,     1 ,     14415979 ,    12541287 ,    964310         ,
27 ,    4565 ,     b ,    4 ,     1 ,     14595989 ,    12535977 ,    885883         ,
27 ,    4605 ,     b ,    4 ,     1 ,     14683813 ,    12249309 ,    895389         ,
27 ,    4645 ,     b ,    4 ,     1 ,     15145719 ,    13080087 ,    911173         ,
27 ,    4685 ,     b ,    4 ,     1 ,     15377364 ,    13215282 ,    915324         ,
27 ,    4725 ,     b ,    4 ,     1 ,     15660066 ,    13498848 ,    1053489         ,
27 ,    4765 ,     b ,    4 ,     1 ,     15897843 ,    13642839 ,    1288121         ,
27 ,    4805 ,     b ,    4 ,     1 ,     16200550 ,    13976820 ,    1035048         ,
27 ,    4845 ,     b ,    4 ,     1 ,     16449071 ,    14143443 ,    1008551         ,
27 ,    4885 ,     b ,    4 ,     1 ,     16731258 ,    14406264 ,    1076508         ,
27 ,    4925 ,     b ,    4 ,     1 ,     16897844 ,    14317482 ,    1033777         ,
27 ,    4965 ,     b ,    4 ,     1 ,     17234090 ,    14732880 ,    1027416         ,


