SEED ,  SIZE ,  ALG ,  TYPE ,  CALLS ,  CMP ,     MOVE ,    TIME              ,
27 ,    5 ,     c ,    0 ,     1 ,     5 ,    0 ,    3         ,
27 ,    45 ,     c ,    0 ,     1 ,     45 ,    0 ,    10         ,
27 ,    85 ,     c ,    0 ,     1 ,     85 ,    0 ,    17         ,
27 ,    125 ,     c ,    0 ,     1 ,     125 ,    0 ,    24         ,
27 ,    165 ,     c ,    0 ,     1 ,     165 ,    0 ,    31         ,
27 ,    205 ,     c ,    0 ,     1 ,     205 ,    0 ,    38         ,
27 ,    245 ,     c ,    0 ,     1 ,     245 ,    0 ,    44         ,
27 ,    285 ,     c ,    0 ,     1 ,     285 ,    0 ,    50         ,
27 ,    325 ,     c ,    0 ,     1 ,     325 ,    0 ,    60         ,
27 ,    365 ,     c ,    0 ,     1 ,     365 ,    0 ,    63         ,
27 ,    405 ,     c ,    0 ,     1 ,     405 ,    0 ,    73         ,
27 ,    445 ,     c ,    0 ,     1 ,     445 ,    0 ,    78         ,
27 ,    485 ,     c ,    0 ,     1 ,     485 ,    0 ,    86         ,
27 ,    525 ,     c ,    0 ,     1 ,     525 ,    0 ,    94         ,
27 ,    565 ,     c ,    0 ,     1 ,     565 ,    0 ,    100         ,
27 ,    605 ,     c ,    0 ,     1 ,     605 ,    0 ,    108         ,
27 ,    645 ,     c ,    0 ,     1 ,     645 ,    0 ,    113         ,
27 ,    685 ,     c ,    0 ,     1 ,     685 ,    0 ,    118         ,
27 ,    725 ,     c ,    0 ,     1 ,     725 ,    0 ,    128         ,
27 ,    765 ,     c ,    0 ,     1 ,     765 ,    0 ,    133         ,
27 ,    805 ,     c ,    0 ,     1 ,     805 ,    0 ,    141         ,
27 ,    845 ,     c ,    0 ,     1 ,     845 ,    0 ,    147         ,
27 ,    885 ,     c ,    0 ,     1 ,     885 ,    0 ,    155         ,
27 ,    925 ,     c ,    0 ,     1 ,     925 ,    0 ,    255         ,
27 ,    965 ,     c ,    0 ,     1 ,     965 ,    0 ,    171         ,
27 ,    1005 ,     c ,    0 ,     1 ,     1005 ,    0 ,    186         ,
27 ,    1045 ,     c ,    0 ,     1 ,     1045 ,    0 ,    181         ,
27 ,    1085 ,     c ,    0 ,     1 ,     1085 ,    0 ,    191         ,
27 ,    1125 ,     c ,    0 ,     1 ,     1125 ,    0 ,    193         ,
27 ,    1165 ,     c ,    0 ,     1 ,     1165 ,    0 ,    202         ,
27 ,    1205 ,     c ,    0 ,     1 ,     1205 ,    0 ,    222         ,
27 ,    1245 ,     c ,    0 ,     1 ,     1245 ,    0 ,    217         ,
27 ,    1285 ,     c ,    0 ,     1 ,     1285 ,    0 ,    228         ,
27 ,    1325 ,     c ,    0 ,     1 ,     1325 ,    0 ,    242         ,
27 ,    1365 ,     c ,    0 ,     1 ,     1365 ,    0 ,    239         ,
27 ,    1405 ,     c ,    0 ,     1 ,     1405 ,    0 ,    245         ,
27 ,    1445 ,     c ,    0 ,     1 ,     1445 ,    0 ,    350         ,
27 ,    1485 ,     c ,    0 ,     1 ,     1485 ,    0 ,    269         ,
27 ,    1525 ,     c ,    0 ,     1 ,     1525 ,    0 ,    265         ,
27 ,    1565 ,     c ,    0 ,     1 ,     1565 ,    0 ,    272         ,
27 ,    1605 ,     c ,    0 ,     1 ,     1605 ,    0 ,    281         ,
27 ,    1645 ,     c ,    0 ,     1 ,     1645 ,    0 ,    284         ,
27 ,    1685 ,     c ,    0 ,     1 ,     1685 ,    0 ,    294         ,
27 ,    1725 ,     c ,    0 ,     1 ,     1725 ,    0 ,    296         ,
27 ,    1765 ,     c ,    0 ,     1 ,     1765 ,    0 ,    303         ,
27 ,    1805 ,     c ,    0 ,     1 ,     1805 ,    0 ,    315         ,
27 ,    1845 ,     c ,    0 ,     1 ,     1845 ,    0 ,    311         ,
27 ,    1885 ,     c ,    0 ,     1 ,     1885 ,    0 ,    418         ,
27 ,    1925 ,     c ,    0 ,     1 ,     1925 ,    0 ,    344         ,
27 ,    1965 ,     c ,    0 ,     1 ,     1965 ,    0 ,    339         ,
27 ,    2005 ,     c ,    0 ,     1 ,     2005 ,    0 ,    350         ,
27 ,    2045 ,     c ,    0 ,     1 ,     2045 ,    0 ,    352         ,
27 ,    2085 ,     c ,    0 ,     1 ,     2085 ,    0 ,    360         ,
27 ,    2125 ,     c ,    0 ,     1 ,     2125 ,    0 ,    367         ,
27 ,    2165 ,     c ,    0 ,     1 ,     2165 ,    0 ,    385         ,
27 ,    2205 ,     c ,    0 ,     1 ,     2205 ,    0 ,    385         ,
27 ,    2245 ,     c ,    0 ,     1 ,     2245 ,    0 ,    386         ,
27 ,    2285 ,     c ,    0 ,     1 ,     2285 ,    0 ,    394         ,
27 ,    2325 ,     c ,    0 ,     1 ,     2325 ,    0 ,    396         ,
27 ,    2365 ,     c ,    0 ,     1 ,     2365 ,    0 ,    408         ,
27 ,    2405 ,     c ,    0 ,     1 ,     2405 ,    0 ,    505         ,
27 ,    2445 ,     c ,    0 ,     1 ,     2445 ,    0 ,    422         ,
27 ,    2485 ,     c ,    0 ,     1 ,     2485 ,    0 ,    430         ,
27 ,    2525 ,     c ,    0 ,     1 ,     2525 ,    0 ,    430         ,
27 ,    2565 ,     c ,    0 ,     1 ,     2565 ,    0 ,    438         ,
27 ,    2605 ,     c ,    0 ,     1 ,     2605 ,    0 ,    449         ,
27 ,    2645 ,     c ,    0 ,     1 ,     2645 ,    0 ,    463         ,
27 ,    2685 ,     c ,    0 ,     1 ,     2685 ,    0 ,    466         ,
27 ,    2725 ,     c ,    0 ,     1 ,     2725 ,    0 ,    465         ,
27 ,    2765 ,     c ,    0 ,     1 ,     2765 ,    0 ,    472         ,
27 ,    2805 ,     c ,    0 ,     1 ,     2805 ,    0 ,    484         ,
27 ,    2845 ,     c ,    0 ,     1 ,     2845 ,    0 ,    509         ,
27 ,    2885 ,     c ,    0 ,     1 ,     2885 ,    0 ,    502         ,
27 ,    2925 ,     c ,    0 ,     1 ,     2925 ,    0 ,    501         ,
27 ,    2965 ,     c ,    0 ,     1 ,     2965 ,    0 ,    511         ,
27 ,    3005 ,     c ,    0 ,     1 ,     3005 ,    0 ,    515         ,
27 ,    3045 ,     c ,    0 ,     1 ,     3045 ,    0 ,    526         ,
27 ,    3085 ,     c ,    0 ,     1 ,     3085 ,    0 ,    526         ,
27 ,    3125 ,     c ,    0 ,     1 ,     3125 ,    0 ,    545         ,
27 ,    3165 ,     c ,    0 ,     1 ,     3165 ,    0 ,    543         ,
27 ,    3205 ,     c ,    0 ,     1 ,     3205 ,    0 ,    558         ,
27 ,    3245 ,     c ,    0 ,     1 ,     3245 ,    0 ,    556         ,
27 ,    3285 ,     c ,    0 ,     1 ,     3285 ,    0 ,    564         ,
27 ,    3325 ,     c ,    0 ,     1 ,     3325 ,    0 ,    564         ,
27 ,    3365 ,     c ,    0 ,     1 ,     3365 ,    0 ,    576         ,
27 ,    3405 ,     c ,    0 ,     1 ,     3405 ,    0 ,    577         ,
27 ,    3445 ,     c ,    0 ,     1 ,     3445 ,    0 ,    599         ,
27 ,    3485 ,     c ,    0 ,     1 ,     3485 ,    0 ,    596         ,
27 ,    3525 ,     c ,    0 ,     1 ,     3525 ,    0 ,    605         ,
27 ,    3565 ,     c ,    0 ,     1 ,     3565 ,    0 ,    604         ,
27 ,    3605 ,     c ,    0 ,     1 ,     3605 ,    0 ,    618         ,
27 ,    3645 ,     c ,    0 ,     1 ,     3645 ,    0 ,    625         ,
27 ,    3685 ,     c ,    0 ,     1 ,     3685 ,    0 ,    634         ,
27 ,    3725 ,     c ,    0 ,     1 ,     3725 ,    0 ,    635         ,
27 ,    3765 ,     c ,    0 ,     1 ,     3765 ,    0 ,    656         ,
27 ,    3805 ,     c ,    0 ,     1 ,     3805 ,    0 ,    647         ,
27 ,    3845 ,     c ,    0 ,     1 ,     3845 ,    0 ,    671         ,
27 ,    3885 ,     c ,    0 ,     1 ,     3885 ,    0 ,    660         ,
27 ,    3925 ,     c ,    0 ,     1 ,     3925 ,    0 ,    677         ,
27 ,    3965 ,     c ,    0 ,     1 ,     3965 ,    0 ,    685         ,
27 ,    4005 ,     c ,    0 ,     1 ,     4005 ,    0 ,    681         ,
27 ,    4045 ,     c ,    0 ,     1 ,     4045 ,    0 ,    697         ,
27 ,    4085 ,     c ,    0 ,     1 ,     4085 ,    0 ,    709         ,
27 ,    4125 ,     c ,    0 ,     1 ,     4125 ,    0 ,    789         ,
27 ,    4165 ,     c ,    0 ,     1 ,     4165 ,    0 ,    706         ,
27 ,    4205 ,     c ,    0 ,     1 ,     4205 ,    0 ,    731         ,
27 ,    4245 ,     c ,    0 ,     1 ,     4245 ,    0 ,    740         ,
27 ,    4285 ,     c ,    0 ,     1 ,     4285 ,    0 ,    733         ,
27 ,    4325 ,     c ,    0 ,     1 ,     4325 ,    0 ,    748         ,
27 ,    4365 ,     c ,    0 ,     1 ,     4365 ,    0 ,    745         ,
27 ,    4405 ,     c ,    0 ,     1 ,     4405 ,    0 ,    749         ,
27 ,    4445 ,     c ,    0 ,     1 ,     4445 ,    0 ,    760         ,
27 ,    4485 ,     c ,    0 ,     1 ,     4485 ,    0 ,    763         ,
27 ,    4525 ,     c ,    0 ,     1 ,     4525 ,    0 ,    779         ,
27 ,    4565 ,     c ,    0 ,     1 ,     4565 ,    0 ,    789         ,
27 ,    4605 ,     c ,    0 ,     1 ,     4605 ,    0 ,    794         ,
27 ,    4645 ,     c ,    0 ,     1 ,     4645 ,    0 ,    802         ,
27 ,    4685 ,     c ,    0 ,     1 ,     4685 ,    0 ,    797         ,
27 ,    4725 ,     c ,    0 ,     1 ,     4725 ,    0 ,    804         ,
27 ,    4765 ,     c ,    0 ,     1 ,     4765 ,    0 ,    818         ,
27 ,    4805 ,     c ,    0 ,     1 ,     4805 ,    0 ,    823         ,
27 ,    4845 ,     c ,    0 ,     1 ,     4845 ,    0 ,    828         ,
27 ,    4885 ,     c ,    0 ,     1 ,     4885 ,    0 ,    837         ,
27 ,    4925 ,     c ,    0 ,     1 ,     4925 ,    0 ,    843         ,
27 ,    4965 ,     c ,    0 ,     1 ,     4965 ,    0 ,    859         ,
27 ,    5 ,     c ,    1 ,     1 ,     5 ,    0 ,    2         ,
27 ,    45 ,     c ,    1 ,     1 ,     45 ,    0 ,    7         ,
27 ,    85 ,     c ,    1 ,     1 ,     85 ,    0 ,    10         ,
27 ,    125 ,     c ,    1 ,     1 ,     125 ,    0 ,    15         ,
27 ,    165 ,     c ,    1 ,     1 ,     165 ,    0 ,    18         ,
27 ,    205 ,     c ,    1 ,     1 ,     205 ,    0 ,    22         ,
27 ,    245 ,     c ,    1 ,     1 ,     245 ,    0 ,    27         ,
27 ,    285 ,     c ,    1 ,     1 ,     285 ,    0 ,    30         ,
27 ,    325 ,     c ,    1 ,     1 ,     325 ,    0 ,    33         ,
27 ,    365 ,     c ,    1 ,     1 ,     365 ,    0 ,    38         ,
27 ,    405 ,     c ,    1 ,     1 ,     405 ,    0 ,    42         ,
27 ,    445 ,     c ,    1 ,     1 ,     445 ,    0 ,    45         ,
27 ,    485 ,     c ,    1 ,     1 ,     485 ,    0 ,    49         ,
27 ,    525 ,     c ,    1 ,     1 ,     525 ,    0 ,    53         ,
27 ,    565 ,     c ,    1 ,     1 ,     565 ,    0 ,    57         ,
27 ,    605 ,     c ,    1 ,     1 ,     605 ,    0 ,    64         ,
27 ,    645 ,     c ,    1 ,     1 ,     645 ,    0 ,    65         ,
27 ,    685 ,     c ,    1 ,     1 ,     685 ,    0 ,    69         ,
27 ,    725 ,     c ,    1 ,     1 ,     725 ,    0 ,    73         ,
27 ,    765 ,     c ,    1 ,     1 ,     765 ,    0 ,    76         ,
27 ,    805 ,     c ,    1 ,     1 ,     805 ,    0 ,    82         ,
27 ,    845 ,     c ,    1 ,     1 ,     845 ,    0 ,    84         ,
27 ,    885 ,     c ,    1 ,     1 ,     885 ,    0 ,    88         ,
27 ,    925 ,     c ,    1 ,     1 ,     925 ,    0 ,    92         ,
27 ,    965 ,     c ,    1 ,     1 ,     965 ,    0 ,    96         ,
27 ,    1005 ,     c ,    1 ,     1 ,     1005 ,    0 ,    99         ,
27 ,    1045 ,     c ,    1 ,     1 ,     1045 ,    0 ,    104         ,
27 ,    1085 ,     c ,    1 ,     1 ,     1085 ,    0 ,    120         ,
27 ,    1125 ,     c ,    1 ,     1 ,     1125 ,    0 ,    112         ,
27 ,    1165 ,     c ,    1 ,     1 ,     1165 ,    0 ,    117         ,
27 ,    1205 ,     c ,    1 ,     1 ,     1205 ,    0 ,    120         ,
27 ,    1245 ,     c ,    1 ,     1 ,     1245 ,    0 ,    122         ,
27 ,    1285 ,     c ,    1 ,     1 ,     1285 ,    0 ,    127         ,
27 ,    1325 ,     c ,    1 ,     1 ,     1325 ,    0 ,    132         ,
27 ,    1365 ,     c ,    1 ,     1 ,     1365 ,    0 ,    135         ,
27 ,    1405 ,     c ,    1 ,     1 ,     1405 ,    0 ,    146         ,
27 ,    1445 ,     c ,    1 ,     1 ,     1445 ,    0 ,    143         ,
27 ,    1485 ,     c ,    1 ,     1 ,     1485 ,    0 ,    146         ,
27 ,    1525 ,     c ,    1 ,     1 ,     1525 ,    0 ,    150         ,
27 ,    1565 ,     c ,    1 ,     1 ,     1565 ,    0 ,    153         ,
27 ,    1605 ,     c ,    1 ,     1 ,     1605 ,    0 ,    159         ,
27 ,    1645 ,     c ,    1 ,     1 ,     1645 ,    0 ,    162         ,
27 ,    1685 ,     c ,    1 ,     1 ,     1685 ,    0 ,    166         ,
27 ,    1725 ,     c ,    1 ,     1 ,     1725 ,    0 ,    171         ,
27 ,    1765 ,     c ,    1 ,     1 ,     1765 ,    0 ,    175         ,
27 ,    1805 ,     c ,    1 ,     1 ,     1805 ,    0 ,    179         ,
27 ,    1845 ,     c ,    1 ,     1 ,     1845 ,    0 ,    181         ,
27 ,    1885 ,     c ,    1 ,     1 ,     1885 ,    0 ,    186         ,
27 ,    1925 ,     c ,    1 ,     1 ,     1925 ,    0 ,    190         ,
27 ,    1965 ,     c ,    1 ,     1 ,     1965 ,    0 ,    193         ,
27 ,    2005 ,     c ,    1 ,     1 ,     2005 ,    0 ,    197         ,
27 ,    2045 ,     c ,    1 ,     1 ,     2045 ,    0 ,    200         ,
27 ,    2085 ,     c ,    1 ,     1 ,     2085 ,    0 ,    205         ,
27 ,    2125 ,     c ,    1 ,     1 ,     2125 ,    0 ,    307         ,
27 ,    2165 ,     c ,    1 ,     1 ,     2165 ,    0 ,    217         ,
27 ,    2205 ,     c ,    1 ,     1 ,     2205 ,    0 ,    217         ,
27 ,    2245 ,     c ,    1 ,     1 ,     2245 ,    0 ,    219         ,
27 ,    2285 ,     c ,    1 ,     1 ,     2285 ,    0 ,    224         ,
27 ,    2325 ,     c ,    1 ,     1 ,     2325 ,    0 ,    227         ,
27 ,    2365 ,     c ,    1 ,     1 ,     2365 ,    0 ,    243         ,
27 ,    2405 ,     c ,    1 ,     1 ,     2405 ,    0 ,    237         ,
27 ,    2445 ,     c ,    1 ,     1 ,     2445 ,    0 ,    239         ,
27 ,    2485 ,     c ,    1 ,     1 ,     2485 ,    0 ,    251         ,
27 ,    2525 ,     c ,    1 ,     1 ,     2525 ,    0 ,    247         ,
27 ,    2565 ,     c ,    1 ,     1 ,     2565 ,    0 ,    254         ,
27 ,    2605 ,     c ,    1 ,     1 ,     2605 ,    0 ,    257         ,
27 ,    2645 ,     c ,    1 ,     1 ,     2645 ,    0 ,    266         ,
27 ,    2685 ,     c ,    1 ,     1 ,     2685 ,    0 ,    268         ,
27 ,    2725 ,     c ,    1 ,     1 ,     2725 ,    0 ,    542         ,
27 ,    2765 ,     c ,    1 ,     1 ,     2765 ,    0 ,    273         ,
27 ,    2805 ,     c ,    1 ,     1 ,     2805 ,    0 ,    275         ,
27 ,    2845 ,     c ,    1 ,     1 ,     2845 ,    0 ,    280         ,
27 ,    2885 ,     c ,    1 ,     1 ,     2885 ,    0 ,    282         ,
27 ,    2925 ,     c ,    1 ,     1 ,     2925 ,    0 ,    287         ,
27 ,    2965 ,     c ,    1 ,     1 ,     2965 ,    0 ,    293         ,
27 ,    3005 ,     c ,    1 ,     1 ,     3005 ,    0 ,    297         ,
27 ,    3045 ,     c ,    1 ,     1 ,     3045 ,    0 ,    306         ,
27 ,    3085 ,     c ,    1 ,     1 ,     3085 ,    0 ,    310         ,
27 ,    3125 ,     c ,    1 ,     1 ,     3125 ,    0 ,    306         ,
27 ,    3165 ,     c ,    1 ,     1 ,     3165 ,    0 ,    310         ,
27 ,    3205 ,     c ,    1 ,     1 ,     3205 ,    0 ,    320         ,
27 ,    3245 ,     c ,    1 ,     1 ,     3245 ,    0 ,    416         ,
27 ,    3285 ,     c ,    1 ,     1 ,     3285 ,    0 ,    327         ,
27 ,    3325 ,     c ,    1 ,     1 ,     3325 ,    0 ,    328         ,
27 ,    3365 ,     c ,    1 ,     1 ,     3365 ,    0 ,    330         ,
27 ,    3405 ,     c ,    1 ,     1 ,     3405 ,    0 ,    430         ,
27 ,    3445 ,     c ,    1 ,     1 ,     3445 ,    0 ,    346         ,
27 ,    3485 ,     c ,    1 ,     1 ,     3485 ,    0 ,    341         ,
27 ,    3525 ,     c ,    1 ,     1 ,     3525 ,    0 ,    345         ,
27 ,    3565 ,     c ,    1 ,     1 ,     3565 ,    0 ,    347         ,
27 ,    3605 ,     c ,    1 ,     1 ,     3605 ,    0 ,    351         ,
27 ,    3645 ,     c ,    1 ,     1 ,     3645 ,    0 ,    361         ,
27 ,    3685 ,     c ,    1 ,     1 ,     3685 ,    0 ,    361         ,
27 ,    3725 ,     c ,    1 ,     1 ,     3725 ,    0 ,    372         ,
27 ,    3765 ,     c ,    1 ,     1 ,     3765 ,    0 ,    372         ,
27 ,    3805 ,     c ,    1 ,     1 ,     3805 ,    0 ,    382         ,
27 ,    3845 ,     c ,    1 ,     1 ,     3845 ,    0 ,    376         ,
27 ,    3885 ,     c ,    1 ,     1 ,     3885 ,    0 ,    402         ,
27 ,    3925 ,     c ,    1 ,     1 ,     3925 ,    0 ,    400         ,
27 ,    3965 ,     c ,    1 ,     1 ,     3965 ,    0 ,    390         ,
27 ,    4005 ,     c ,    1 ,     1 ,     4005 ,    0 ,    396         ,
27 ,    4045 ,     c ,    1 ,     1 ,     4045 ,    0 ,    413         ,
27 ,    4085 ,     c ,    1 ,     1 ,     4085 ,    0 ,    407         ,
27 ,    4125 ,     c ,    1 ,     1 ,     4125 ,    0 ,    402         ,
27 ,    4165 ,     c ,    1 ,     1 ,     4165 ,    0 ,    415         ,
27 ,    4205 ,     c ,    1 ,     1 ,     4205 ,    0 ,    414         ,
27 ,    4245 ,     c ,    1 ,     1 ,     4245 ,    0 ,    418         ,
27 ,    4285 ,     c ,    1 ,     1 ,     4285 ,    0 ,    426         ,
27 ,    4325 ,     c ,    1 ,     1 ,     4325 ,    0 ,    426         ,
27 ,    4365 ,     c ,    1 ,     1 ,     4365 ,    0 ,    440         ,
27 ,    4405 ,     c ,    1 ,     1 ,     4405 ,    0 ,    437         ,
27 ,    4445 ,     c ,    1 ,     1 ,     4445 ,    0 ,    446         ,
27 ,    4485 ,     c ,    1 ,     1 ,     4485 ,    0 ,    451         ,
27 ,    4525 ,     c ,    1 ,     1 ,     4525 ,    0 ,    449         ,
27 ,    4565 ,     c ,    1 ,     1 ,     4565 ,    0 ,    459         ,
27 ,    4605 ,     c ,    1 ,     1 ,     4605 ,    0 ,    463         ,
27 ,    4645 ,     c ,    1 ,     1 ,     4645 ,    0 ,    454         ,
27 ,    4685 ,     c ,    1 ,     1 ,     4685 ,    0 ,    557         ,
27 ,    4725 ,     c ,    1 ,     1 ,     4725 ,    0 ,    460         ,
27 ,    4765 ,     c ,    1 ,     1 ,     4765 ,    0 ,    470         ,
27 ,    4805 ,     c ,    1 ,     1 ,     4805 ,    0 ,    489         ,
27 ,    4845 ,     c ,    1 ,     1 ,     4845 ,    0 ,    475         ,
27 ,    4885 ,     c ,    1 ,     1 ,     4885 ,    0 ,    478         ,
27 ,    4925 ,     c ,    1 ,     1 ,     4925 ,    0 ,    484         ,
27 ,    4965 ,     c ,    1 ,     1 ,     4965 ,    0 ,    500         ,
27 ,    5 ,     c ,    2 ,     1 ,     5 ,    0 ,    2         ,
27 ,    45 ,     c ,    2 ,     1 ,     45 ,    0 ,    6         ,
27 ,    85 ,     c ,    2 ,     1 ,     85 ,    0 ,    9         ,
27 ,    125 ,     c ,    2 ,     1 ,     125 ,    0 ,    13         ,
27 ,    165 ,     c ,    2 ,     1 ,     165 ,    0 ,    16         ,
27 ,    205 ,     c ,    2 ,     1 ,     205 ,    0 ,    21         ,
27 ,    245 ,     c ,    2 ,     1 ,     245 ,    0 ,    23         ,
27 ,    285 ,     c ,    2 ,     1 ,     285 ,    0 ,    127         ,
27 ,    325 ,     c ,    2 ,     1 ,     325 ,    0 ,    32         ,
27 ,    365 ,     c ,    2 ,     1 ,     365 ,    0 ,    34         ,
27 ,    405 ,     c ,    2 ,     1 ,     405 ,    0 ,    39         ,
27 ,    445 ,     c ,    2 ,     1 ,     445 ,    0 ,    43         ,
27 ,    485 ,     c ,    2 ,     1 ,     485 ,    0 ,    46         ,
27 ,    525 ,     c ,    2 ,     1 ,     525 ,    0 ,    50         ,
27 ,    565 ,     c ,    2 ,     1 ,     565 ,    0 ,    53         ,
27 ,    605 ,     c ,    2 ,     1 ,     605 ,    0 ,    57         ,
27 ,    645 ,     c ,    2 ,     1 ,     645 ,    0 ,    61         ,
27 ,    685 ,     c ,    2 ,     1 ,     685 ,    0 ,    64         ,
27 ,    725 ,     c ,    2 ,     1 ,     725 ,    0 ,    67         ,
27 ,    765 ,     c ,    2 ,     1 ,     765 ,    0 ,    72         ,
27 ,    805 ,     c ,    2 ,     1 ,     805 ,    0 ,    74         ,
27 ,    845 ,     c ,    2 ,     1 ,     845 ,    0 ,    78         ,
27 ,    885 ,     c ,    2 ,     1 ,     885 ,    0 ,    83         ,
27 ,    925 ,     c ,    2 ,     1 ,     925 ,    0 ,    87         ,
27 ,    965 ,     c ,    2 ,     1 ,     965 ,    0 ,    89         ,
27 ,    1005 ,     c ,    2 ,     1 ,     1005 ,    0 ,    93         ,
27 ,    1045 ,     c ,    2 ,     1 ,     1045 ,    0 ,    97         ,
27 ,    1085 ,     c ,    2 ,     1 ,     1085 ,    0 ,    100         ,
27 ,    1125 ,     c ,    2 ,     1 ,     1125 ,    0 ,    104         ,
27 ,    1165 ,     c ,    2 ,     1 ,     1165 ,    0 ,    108         ,
27 ,    1205 ,     c ,    2 ,     1 ,     1205 ,    0 ,    112         ,
27 ,    1245 ,     c ,    2 ,     1 ,     1245 ,    0 ,    114         ,
27 ,    1285 ,     c ,    2 ,     1 ,     1285 ,    0 ,    212         ,
27 ,    1325 ,     c ,    2 ,     1 ,     1325 ,    0 ,    122         ,
27 ,    1365 ,     c ,    2 ,     1 ,     1365 ,    0 ,    125         ,
27 ,    1405 ,     c ,    2 ,     1 ,     1405 ,    0 ,    131         ,
27 ,    1445 ,     c ,    2 ,     1 ,     1445 ,    0 ,    133         ,
27 ,    1485 ,     c ,    2 ,     1 ,     1485 ,    0 ,    136         ,
27 ,    1525 ,     c ,    2 ,     1 ,     1525 ,    0 ,    143         ,
27 ,    1565 ,     c ,    2 ,     1 ,     1565 ,    0 ,    143         ,
27 ,    1605 ,     c ,    2 ,     1 ,     1605 ,    0 ,    147         ,
27 ,    1645 ,     c ,    2 ,     1 ,     1645 ,    0 ,    151         ,
27 ,    1685 ,     c ,    2 ,     1 ,     1685 ,    0 ,    154         ,
27 ,    1725 ,     c ,    2 ,     1 ,     1725 ,    0 ,    160         ,
27 ,    1765 ,     c ,    2 ,     1 ,     1765 ,    0 ,    162         ,
27 ,    1805 ,     c ,    2 ,     1 ,     1805 ,    0 ,    166         ,
27 ,    1845 ,     c ,    2 ,     1 ,     1845 ,    0 ,    178         ,
27 ,    1885 ,     c ,    2 ,     1 ,     1885 ,    0 ,    172         ,
27 ,    1925 ,     c ,    2 ,     1 ,     1925 ,    0 ,    175         ,
27 ,    1965 ,     c ,    2 ,     1 ,     1965 ,    0 ,    188         ,
27 ,    2005 ,     c ,    2 ,     1 ,     2005 ,    0 ,    183         ,
27 ,    2045 ,     c ,    2 ,     1 ,     2045 ,    0 ,    186         ,
27 ,    2085 ,     c ,    2 ,     1 ,     2085 ,    0 ,    204         ,
27 ,    2125 ,     c ,    2 ,     1 ,     2125 ,    0 ,    198         ,
27 ,    2165 ,     c ,    2 ,     1 ,     2165 ,    0 ,    197         ,
27 ,    2205 ,     c ,    2 ,     1 ,     2205 ,    0 ,    204         ,
27 ,    2245 ,     c ,    2 ,     1 ,     2245 ,    0 ,    206         ,
27 ,    2285 ,     c ,    2 ,     1 ,     2285 ,    0 ,    211         ,
27 ,    2325 ,     c ,    2 ,     1 ,     2325 ,    0 ,    222         ,
27 ,    2365 ,     c ,    2 ,     1 ,     2365 ,    0 ,    216         ,
27 ,    2405 ,     c ,    2 ,     1 ,     2405 ,    0 ,    229         ,
27 ,    2445 ,     c ,    2 ,     1 ,     2445 ,    0 ,    223         ,
27 ,    2485 ,     c ,    2 ,     1 ,     2485 ,    0 ,    228         ,
27 ,    2525 ,     c ,    2 ,     1 ,     2525 ,    0 ,    229         ,
27 ,    2565 ,     c ,    2 ,     1 ,     2565 ,    0 ,    235         ,
27 ,    2605 ,     c ,    2 ,     1 ,     2605 ,    0 ,    237         ,
27 ,    2645 ,     c ,    2 ,     1 ,     2645 ,    0 ,    246         ,
27 ,    2685 ,     c ,    2 ,     1 ,     2685 ,    0 ,    256         ,
27 ,    2725 ,     c ,    2 ,     1 ,     2725 ,    0 ,    251         ,
27 ,    2765 ,     c ,    2 ,     1 ,     2765 ,    0 ,    253         ,
27 ,    2805 ,     c ,    2 ,     1 ,     2805 ,    0 ,    255         ,
27 ,    2845 ,     c ,    2 ,     1 ,     2845 ,    0 ,    258         ,
27 ,    2885 ,     c ,    2 ,     1 ,     2885 ,    0 ,    263         ,
27 ,    2925 ,     c ,    2 ,     1 ,     2925 ,    0 ,    265         ,
27 ,    2965 ,     c ,    2 ,     1 ,     2965 ,    0 ,    272         ,
27 ,    3005 ,     c ,    2 ,     1 ,     3005 ,    0 ,    274         ,
27 ,    3045 ,     c ,    2 ,     1 ,     3045 ,    0 ,    277         ,
27 ,    3085 ,     c ,    2 ,     1 ,     3085 ,    0 ,    284         ,
27 ,    3125 ,     c ,    2 ,     1 ,     3125 ,    0 ,    285         ,
27 ,    3165 ,     c ,    2 ,     1 ,     3165 ,    0 ,    288         ,
27 ,    3205 ,     c ,    2 ,     1 ,     3205 ,    0 ,    292         ,
27 ,    3245 ,     c ,    2 ,     1 ,     3245 ,    0 ,    299         ,
27 ,    3285 ,     c ,    2 ,     1 ,     3285 ,    0 ,    301         ,
27 ,    3325 ,     c ,    2 ,     1 ,     3325 ,    0 ,    303         ,
27 ,    3365 ,     c ,    2 ,     1 ,     3365 ,    0 ,    311         ,
27 ,    3405 ,     c ,    2 ,     1 ,     3405 ,    0 ,    316         ,
27 ,    3445 ,     c ,    2 ,     1 ,     3445 ,    0 ,    315         ,
27 ,    3485 ,     c ,    2 ,     1 ,     3485 ,    0 ,    323         ,
27 ,    3525 ,     c ,    2 ,     1 ,     3525 ,    0 ,    328         ,
27 ,    3565 ,     c ,    2 ,     1 ,     3565 ,    0 ,    330         ,
27 ,    3605 ,     c ,    2 ,     1 ,     3605 ,    0 ,    339         ,
27 ,    3645 ,     c ,    2 ,     1 ,     3645 ,    0 ,    331         ,
27 ,    3685 ,     c ,    2 ,     1 ,     3685 ,    0 ,    335         ,
27 ,    3725 ,     c ,    2 ,     1 ,     3725 ,    0 ,    341         ,
27 ,    3765 ,     c ,    2 ,     1 ,     3765 ,    0 ,    344         ,
27 ,    3805 ,     c ,    2 ,     1 ,     3805 ,    0 ,    357         ,
27 ,    3845 ,     c ,    2 ,     1 ,     3845 ,    0 ,    349         ,
27 ,    3885 ,     c ,    2 ,     1 ,     3885 ,    0 ,    353         ,
27 ,    3925 ,     c ,    2 ,     1 ,     3925 ,    0 ,    356         ,
27 ,    3965 ,     c ,    2 ,     1 ,     3965 ,    0 ,    361         ,
27 ,    4005 ,     c ,    2 ,     1 ,     4005 ,    0 ,    366         ,
27 ,    4045 ,     c ,    2 ,     1 ,     4045 ,    0 ,    370         ,
27 ,    4085 ,     c ,    2 ,     1 ,     4085 ,    0 ,    372         ,
27 ,    4125 ,     c ,    2 ,     1 ,     4125 ,    0 ,    379         ,
27 ,    4165 ,     c ,    2 ,     1 ,     4165 ,    0 ,    380         ,
27 ,    4205 ,     c ,    2 ,     1 ,     4205 ,    0 ,    392         ,
27 ,    4245 ,     c ,    2 ,     1 ,     4245 ,    0 ,    390         ,
27 ,    4285 ,     c ,    2 ,     1 ,     4285 ,    0 ,    389         ,
27 ,    4325 ,     c ,    2 ,     1 ,     4325 ,    0 ,    393         ,
27 ,    4365 ,     c ,    2 ,     1 ,     4365 ,    0 ,    396         ,
27 ,    4405 ,     c ,    2 ,     1 ,     4405 ,    0 ,    413         ,
27 ,    4445 ,     c ,    2 ,     1 ,     4445 ,    0 ,    401         ,
27 ,    4485 ,     c ,    2 ,     1 ,     4485 ,    0 ,    416         ,
27 ,    4525 ,     c ,    2 ,     1 ,     4525 ,    0 ,    418         ,
27 ,    4565 ,     c ,    2 ,     1 ,     4565 ,    0 ,    423         ,
27 ,    4605 ,     c ,    2 ,     1 ,     4605 ,    0 ,    419         ,
27 ,    4645 ,     c ,    2 ,     1 ,     4645 ,    0 ,    422         ,
27 ,    4685 ,     c ,    2 ,     1 ,     4685 ,    0 ,    432         ,
27 ,    4725 ,     c ,    2 ,     1 ,     4725 ,    0 ,    429         ,
27 ,    4765 ,     c ,    2 ,     1 ,     4765 ,    0 ,    439         ,
27 ,    4805 ,     c ,    2 ,     1 ,     4805 ,    0 ,    446         ,
27 ,    4845 ,     c ,    2 ,     1 ,     4845 ,    0 ,    439         ,
27 ,    4885 ,     c ,    2 ,     1 ,     4885 ,    0 ,    451         ,
27 ,    4925 ,     c ,    2 ,     1 ,     4925 ,    0 ,    446         ,
27 ,    4965 ,     c ,    2 ,     1 ,     4965 ,    0 ,    468         ,
27 ,    5 ,     c ,    3 ,     1 ,     5 ,    0 ,    3         ,
27 ,    45 ,     c ,    3 ,     1 ,     45 ,    0 ,    7         ,
27 ,    85 ,     c ,    3 ,     1 ,     85 ,    0 ,    10         ,
27 ,    125 ,     c ,    3 ,     1 ,     125 ,    0 ,    13         ,
27 ,    165 ,     c ,    3 ,     1 ,     165 ,    0 ,    15         ,
27 ,    205 ,     c ,    3 ,     1 ,     205 ,    0 ,    17         ,
27 ,    245 ,     c ,    3 ,     1 ,     245 ,    0 ,    20         ,
27 ,    285 ,     c ,    3 ,     1 ,     285 ,    0 ,    22         ,
27 ,    325 ,     c ,    3 ,     1 ,     325 ,    0 ,    25         ,
27 ,    365 ,     c ,    3 ,     1 ,     365 ,    0 ,    28         ,
27 ,    405 ,     c ,    3 ,     1 ,     405 ,    0 ,    31         ,
27 ,    445 ,     c ,    3 ,     1 ,     445 ,    0 ,    33         ,
27 ,    485 ,     c ,    3 ,     1 ,     485 ,    0 ,    36         ,
27 ,    525 ,     c ,    3 ,     1 ,     525 ,    0 ,    37         ,
27 ,    565 ,     c ,    3 ,     1 ,     565 ,    0 ,    41         ,
27 ,    605 ,     c ,    3 ,     1 ,     605 ,    0 ,    43         ,
27 ,    645 ,     c ,    3 ,     1 ,     645 ,    0 ,    46         ,
27 ,    685 ,     c ,    3 ,     1 ,     685 ,    0 ,    48         ,
27 ,    725 ,     c ,    3 ,     1 ,     725 ,    0 ,    52         ,
27 ,    765 ,     c ,    3 ,     1 ,     765 ,    0 ,    54         ,
27 ,    805 ,     c ,    3 ,     1 ,     805 ,    0 ,    57         ,
27 ,    845 ,     c ,    3 ,     1 ,     845 ,    0 ,    59         ,
27 ,    885 ,     c ,    3 ,     1 ,     885 ,    0 ,    62         ,
27 ,    925 ,     c ,    3 ,     1 ,     925 ,    0 ,    64         ,
27 ,    965 ,     c ,    3 ,     1 ,     965 ,    0 ,    67         ,
27 ,    1005 ,     c ,    3 ,     1 ,     1005 ,    0 ,    70         ,
27 ,    1045 ,     c ,    3 ,     1 ,     1045 ,    0 ,    72         ,
27 ,    1085 ,     c ,    3 ,     1 ,     1085 ,    0 ,    75         ,
27 ,    1125 ,     c ,    3 ,     1 ,     1125 ,    0 ,    77         ,
27 ,    1165 ,     c ,    3 ,     1 ,     1165 ,    0 ,    79         ,
27 ,    1205 ,     c ,    3 ,     1 ,     1205 ,    0 ,    83         ,
27 ,    1245 ,     c ,    3 ,     1 ,     1245 ,    0 ,    86         ,
27 ,    1285 ,     c ,    3 ,     1 ,     1285 ,    0 ,    88         ,
27 ,    1325 ,     c ,    3 ,     1 ,     1325 ,    0 ,    90         ,
27 ,    1365 ,     c ,    3 ,     1 ,     1365 ,    0 ,    94         ,
27 ,    1405 ,     c ,    3 ,     1 ,     1405 ,    0 ,    97         ,
27 ,    1445 ,     c ,    3 ,     1 ,     1445 ,    0 ,    100         ,
27 ,    1485 ,     c ,    3 ,     1 ,     1485 ,    0 ,    102         ,
27 ,    1525 ,     c ,    3 ,     1 ,     1525 ,    0 ,    104         ,
27 ,    1565 ,     c ,    3 ,     1 ,     1565 ,    0 ,    105         ,
27 ,    1605 ,     c ,    3 ,     1 ,     1605 ,    0 ,    109         ,
27 ,    1645 ,     c ,    3 ,     1 ,     1645 ,    0 ,    111         ,
27 ,    1685 ,     c ,    3 ,     1 ,     1685 ,    0 ,    114         ,
27 ,    1725 ,     c ,    3 ,     1 ,     1725 ,    0 ,    119         ,
27 ,    1765 ,     c ,    3 ,     1 ,     1765 ,    0 ,    119         ,
27 ,    1805 ,     c ,    3 ,     1 ,     1805 ,    0 ,    122         ,
27 ,    1845 ,     c ,    3 ,     1 ,     1845 ,    0 ,    124         ,
27 ,    1885 ,     c ,    3 ,     1 ,     1885 ,    0 ,    128         ,
27 ,    1925 ,     c ,    3 ,     1 ,     1925 ,    0 ,    131         ,
27 ,    1965 ,     c ,    3 ,     1 ,     1965 ,    0 ,    133         ,
27 ,    2005 ,     c ,    3 ,     1 ,     2005 ,    0 ,    132         ,
27 ,    2045 ,     c ,    3 ,     1 ,     2045 ,    0 ,    138         ,
27 ,    2085 ,     c ,    3 ,     1 ,     2085 ,    0 ,    141         ,
27 ,    2125 ,     c ,    3 ,     1 ,     2125 ,    0 ,    142         ,
27 ,    2165 ,     c ,    3 ,     1 ,     2165 ,    0 ,    146         ,
27 ,    2205 ,     c ,    3 ,     1 ,     2205 ,    0 ,    147         ,
27 ,    2245 ,     c ,    3 ,     1 ,     2245 ,    0 ,    152         ,
27 ,    2285 ,     c ,    3 ,     1 ,     2285 ,    0 ,    154         ,
27 ,    2325 ,     c ,    3 ,     1 ,     2325 ,    0 ,    157         ,
27 ,    2365 ,     c ,    3 ,     1 ,     2365 ,    0 ,    157         ,
27 ,    2405 ,     c ,    3 ,     1 ,     2405 ,    0 ,    162         ,
27 ,    2445 ,     c ,    3 ,     1 ,     2445 ,    0 ,    164         ,
27 ,    2485 ,     c ,    3 ,     1 ,     2485 ,    0 ,    166         ,
27 ,    2525 ,     c ,    3 ,     1 ,     2525 ,    0 ,    170         ,
27 ,    2565 ,     c ,    3 ,     1 ,     2565 ,    0 ,    173         ,
27 ,    2605 ,     c ,    3 ,     1 ,     2605 ,    0 ,    174         ,
27 ,    2645 ,     c ,    3 ,     1 ,     2645 ,    0 ,    281         ,
27 ,    2685 ,     c ,    3 ,     1 ,     2685 ,    0 ,    179         ,
27 ,    2725 ,     c ,    3 ,     1 ,     2725 ,    0 ,    183         ,
27 ,    2765 ,     c ,    3 ,     1 ,     2765 ,    0 ,    186         ,
27 ,    2805 ,     c ,    3 ,     1 ,     2805 ,    0 ,    188         ,
27 ,    2845 ,     c ,    3 ,     1 ,     2845 ,    0 ,    193         ,
27 ,    2885 ,     c ,    3 ,     1 ,     2885 ,    0 ,    191         ,
27 ,    2925 ,     c ,    3 ,     1 ,     2925 ,    0 ,    196         ,
27 ,    2965 ,     c ,    3 ,     1 ,     2965 ,    0 ,    198         ,
27 ,    3005 ,     c ,    3 ,     1 ,     3005 ,    0 ,    202         ,
27 ,    3045 ,     c ,    3 ,     1 ,     3045 ,    0 ,    205         ,
27 ,    3085 ,     c ,    3 ,     1 ,     3085 ,    0 ,    205         ,
27 ,    3125 ,     c ,    3 ,     1 ,     3125 ,    0 ,    209         ,
27 ,    3165 ,     c ,    3 ,     1 ,     3165 ,    0 ,    213         ,
27 ,    3205 ,     c ,    3 ,     1 ,     3205 ,    0 ,    214         ,
27 ,    3245 ,     c ,    3 ,     1 ,     3245 ,    0 ,    217         ,
27 ,    3285 ,     c ,    3 ,     1 ,     3285 ,    0 ,    220         ,
27 ,    3325 ,     c ,    3 ,     1 ,     3325 ,    0 ,    222         ,
27 ,    3365 ,     c ,    3 ,     1 ,     3365 ,    0 ,    225         ,
27 ,    3405 ,     c ,    3 ,     1 ,     3405 ,    0 ,    228         ,
27 ,    3445 ,     c ,    3 ,     1 ,     3445 ,    0 ,    229         ,
27 ,    3485 ,     c ,    3 ,     1 ,     3485 ,    0 ,    235         ,
27 ,    3525 ,     c ,    3 ,     1 ,     3525 ,    0 ,    236         ,
27 ,    3565 ,     c ,    3 ,     1 ,     3565 ,    0 ,    238         ,
27 ,    3605 ,     c ,    3 ,     1 ,     3605 ,    0 ,    241         ,
27 ,    3645 ,     c ,    3 ,     1 ,     3645 ,    0 ,    245         ,
27 ,    3685 ,     c ,    3 ,     1 ,     3685 ,    0 ,    245         ,
27 ,    3725 ,     c ,    3 ,     1 ,     3725 ,    0 ,    250         ,
27 ,    3765 ,     c ,    3 ,     1 ,     3765 ,    0 ,    249         ,
27 ,    3805 ,     c ,    3 ,     1 ,     3805 ,    0 ,    254         ,
27 ,    3845 ,     c ,    3 ,     1 ,     3845 ,    0 ,    254         ,
27 ,    3885 ,     c ,    3 ,     1 ,     3885 ,    0 ,    257         ,
27 ,    3925 ,     c ,    3 ,     1 ,     3925 ,    0 ,    261         ,
27 ,    3965 ,     c ,    3 ,     1 ,     3965 ,    0 ,    266         ,
27 ,    4005 ,     c ,    3 ,     1 ,     4005 ,    0 ,    265         ,
27 ,    4045 ,     c ,    3 ,     1 ,     4045 ,    0 ,    269         ,
27 ,    4085 ,     c ,    3 ,     1 ,     4085 ,    0 ,    273         ,
27 ,    4125 ,     c ,    3 ,     1 ,     4125 ,    0 ,    274         ,
27 ,    4165 ,     c ,    3 ,     1 ,     4165 ,    0 ,    280         ,
27 ,    4205 ,     c ,    3 ,     1 ,     4205 ,    0 ,    278         ,
27 ,    4245 ,     c ,    3 ,     1 ,     4245 ,    0 ,    278         ,
27 ,    4285 ,     c ,    3 ,     1 ,     4285 ,    0 ,    285         ,
27 ,    4325 ,     c ,    3 ,     1 ,     4325 ,    0 ,    285         ,
27 ,    4365 ,     c ,    3 ,     1 ,     4365 ,    0 ,    292         ,
27 ,    4405 ,     c ,    3 ,     1 ,     4405 ,    0 ,    291         ,
27 ,    4445 ,     c ,    3 ,     1 ,     4445 ,    0 ,    295         ,
27 ,    4485 ,     c ,    3 ,     1 ,     4485 ,    0 ,    304         ,
27 ,    4525 ,     c ,    3 ,     1 ,     4525 ,    0 ,    300         ,
27 ,    4565 ,     c ,    3 ,     1 ,     4565 ,    0 ,    303         ,
27 ,    4605 ,     c ,    3 ,     1 ,     4605 ,    0 ,    303         ,
27 ,    4645 ,     c ,    3 ,     1 ,     4645 ,    0 ,    309         ,
27 ,    4685 ,     c ,    3 ,     1 ,     4685 ,    0 ,    312         ,
27 ,    4725 ,     c ,    3 ,     1 ,     4725 ,    0 ,    313         ,
27 ,    4765 ,     c ,    3 ,     1 ,     4765 ,    0 ,    316         ,
27 ,    4805 ,     c ,    3 ,     1 ,     4805 ,    0 ,    321         ,
27 ,    4845 ,     c ,    3 ,     1 ,     4845 ,    0 ,    323         ,
27 ,    4885 ,     c ,    3 ,     1 ,     4885 ,    0 ,    323         ,
27 ,    4925 ,     c ,    3 ,     1 ,     4925 ,    0 ,    327         ,
27 ,    4965 ,     c ,    3 ,     1 ,     4965 ,    0 ,    331         ,
27 ,    5 ,     c ,    4 ,     1 ,     5 ,    0 ,    3         ,
27 ,    45 ,     c ,    4 ,     1 ,     45 ,    0 ,    9         ,
27 ,    85 ,     c ,    4 ,     1 ,     85 ,    0 ,    10         ,
27 ,    125 ,     c ,    4 ,     1 ,     125 ,    0 ,    13         ,
27 ,    165 ,     c ,    4 ,     1 ,     165 ,    0 ,    15         ,
27 ,    205 ,     c ,    4 ,     1 ,     205 ,    0 ,    18         ,
27 ,    245 ,     c ,    4 ,     1 ,     245 ,    0 ,    20         ,
27 ,    285 ,     c ,    4 ,     1 ,     285 ,    0 ,    23         ,
27 ,    325 ,     c ,    4 ,     1 ,     325 ,    0 ,    114         ,
27 ,    365 ,     c ,    4 ,     1 ,     365 ,    0 ,    28         ,
27 ,    405 ,     c ,    4 ,     1 ,     405 ,    0 ,    31         ,
27 ,    445 ,     c ,    4 ,     1 ,     445 ,    0 ,    33         ,
27 ,    485 ,     c ,    4 ,     1 ,     485 ,    0 ,    36         ,
27 ,    525 ,     c ,    4 ,     1 ,     525 ,    0 ,    39         ,
27 ,    565 ,     c ,    4 ,     1 ,     565 ,    0 ,    41         ,
27 ,    605 ,     c ,    4 ,     1 ,     605 ,    0 ,    44         ,
27 ,    645 ,     c ,    4 ,     1 ,     645 ,    0 ,    46         ,
27 ,    685 ,     c ,    4 ,     1 ,     685 ,    0 ,    49         ,
27 ,    725 ,     c ,    4 ,     1 ,     725 ,    0 ,    52         ,
27 ,    765 ,     c ,    4 ,     1 ,     765 ,    0 ,    54         ,
27 ,    805 ,     c ,    4 ,     1 ,     805 ,    0 ,    57         ,
27 ,    845 ,     c ,    4 ,     1 ,     845 ,    0 ,    60         ,
27 ,    885 ,     c ,    4 ,     1 ,     885 ,    0 ,    63         ,
27 ,    925 ,     c ,    4 ,     1 ,     925 ,    0 ,    64         ,
27 ,    965 ,     c ,    4 ,     1 ,     965 ,    0 ,    66         ,
27 ,    1005 ,     c ,    4 ,     1 ,     1005 ,    0 ,    69         ,
27 ,    1045 ,     c ,    4 ,     1 ,     1045 ,    0 ,    72         ,
27 ,    1085 ,     c ,    4 ,     1 ,     1085 ,    0 ,    75         ,
27 ,    1125 ,     c ,    4 ,     1 ,     1125 ,    0 ,    77         ,
27 ,    1165 ,     c ,    4 ,     1 ,     1165 ,    0 ,    79         ,
27 ,    1205 ,     c ,    4 ,     1 ,     1205 ,    0 ,    83         ,
27 ,    1245 ,     c ,    4 ,     1 ,     1245 ,    0 ,    85         ,
27 ,    1285 ,     c ,    4 ,     1 ,     1285 ,    0 ,    88         ,
27 ,    1325 ,     c ,    4 ,     1 ,     1325 ,    0 ,    90         ,
27 ,    1365 ,     c ,    4 ,     1 ,     1365 ,    0 ,    93         ,
27 ,    1405 ,     c ,    4 ,     1 ,     1405 ,    0 ,    96         ,
27 ,    1445 ,     c ,    4 ,     1 ,     1445 ,    0 ,    97         ,
27 ,    1485 ,     c ,    4 ,     1 ,     1485 ,    0 ,    103         ,
27 ,    1525 ,     c ,    4 ,     1 ,     1525 ,    0 ,    103         ,
27 ,    1565 ,     c ,    4 ,     1 ,     1565 ,    0 ,    105         ,
27 ,    1605 ,     c ,    4 ,     1 ,     1605 ,    0 ,    109         ,
27 ,    1645 ,     c ,    4 ,     1 ,     1645 ,    0 ,    112         ,
27 ,    1685 ,     c ,    4 ,     1 ,     1685 ,    0 ,    114         ,
27 ,    1725 ,     c ,    4 ,     1 ,     1725 ,    0 ,    117         ,
27 ,    1765 ,     c ,    4 ,     1 ,     1765 ,    0 ,    119         ,
27 ,    1805 ,     c ,    4 ,     1 ,     1805 ,    0 ,    123         ,
27 ,    1845 ,     c ,    4 ,     1 ,     1845 ,    0 ,    126         ,
27 ,    1885 ,     c ,    4 ,     1 ,     1885 ,    0 ,    126         ,
27 ,    1925 ,     c ,    4 ,     1 ,     1925 ,    0 ,    130         ,
27 ,    1965 ,     c ,    4 ,     1 ,     1965 ,    0 ,    132         ,
27 ,    2005 ,     c ,    4 ,     1 ,     2005 ,    0 ,    133         ,
27 ,    2045 ,     c ,    4 ,     1 ,     2045 ,    0 ,    138         ,
27 ,    2085 ,     c ,    4 ,     1 ,     2085 ,    0 ,    140         ,
27 ,    2125 ,     c ,    4 ,     1 ,     2125 ,    0 ,    145         ,
27 ,    2165 ,     c ,    4 ,     1 ,     2165 ,    0 ,    147         ,
27 ,    2205 ,     c ,    4 ,     1 ,     2205 ,    0 ,    148         ,
27 ,    2245 ,     c ,    4 ,     1 ,     2245 ,    0 ,    149         ,
27 ,    2285 ,     c ,    4 ,     1 ,     2285 ,    0 ,    154         ,
27 ,    2325 ,     c ,    4 ,     1 ,     2325 ,    0 ,    157         ,
27 ,    2365 ,     c ,    4 ,     1 ,     2365 ,    0 ,    251         ,
27 ,    2405 ,     c ,    4 ,     1 ,     2405 ,    0 ,    161         ,
27 ,    2445 ,     c ,    4 ,     1 ,     2445 ,    0 ,    165         ,
27 ,    2485 ,     c ,    4 ,     1 ,     2485 ,    0 ,    165         ,
27 ,    2525 ,     c ,    4 ,     1 ,     2525 ,    0 ,    168         ,
27 ,    2565 ,     c ,    4 ,     1 ,     2565 ,    0 ,    174         ,
27 ,    2605 ,     c ,    4 ,     1 ,     2605 ,    0 ,    175         ,
27 ,    2645 ,     c ,    4 ,     1 ,     2645 ,    0 ,    175         ,
27 ,    2685 ,     c ,    4 ,     1 ,     2685 ,    0 ,    179         ,
27 ,    2725 ,     c ,    4 ,     1 ,     2725 ,    0 ,    182         ,
27 ,    2765 ,     c ,    4 ,     1 ,     2765 ,    0 ,    185         ,
27 ,    2805 ,     c ,    4 ,     1 ,     2805 ,    0 ,    187         ,
27 ,    2845 ,     c ,    4 ,     1 ,     2845 ,    0 ,    285         ,
27 ,    2885 ,     c ,    4 ,     1 ,     2885 ,    0 ,    191         ,
27 ,    2925 ,     c ,    4 ,     1 ,     2925 ,    0 ,    195         ,
27 ,    2965 ,     c ,    4 ,     1 ,     2965 ,    0 ,    203         ,
27 ,    3005 ,     c ,    4 ,     1 ,     3005 ,    0 ,    202         ,
27 ,    3045 ,     c ,    4 ,     1 ,     3045 ,    0 ,    205         ,
27 ,    3085 ,     c ,    4 ,     1 ,     3085 ,    0 ,    206         ,
27 ,    3125 ,     c ,    4 ,     1 ,     3125 ,    0 ,    207         ,
27 ,    3165 ,     c ,    4 ,     1 ,     3165 ,    0 ,    316         ,
27 ,    3205 ,     c ,    4 ,     1 ,     3205 ,    0 ,    211         ,
27 ,    3245 ,     c ,    4 ,     1 ,     3245 ,    0 ,    217         ,
27 ,    3285 ,     c ,    4 ,     1 ,     3285 ,    0 ,    219         ,
27 ,    3325 ,     c ,    4 ,     1 ,     3325 ,    0 ,    224         ,
27 ,    3365 ,     c ,    4 ,     1 ,     3365 ,    0 ,    224         ,
27 ,    3405 ,     c ,    4 ,     1 ,     3405 ,    0 ,    227         ,
27 ,    3445 ,     c ,    4 ,     1 ,     3445 ,    0 ,    403         ,
27 ,    3485 ,     c ,    4 ,     1 ,     3485 ,    0 ,    232         ,
27 ,    3525 ,     c ,    4 ,     1 ,     3525 ,    0 ,    234         ,
27 ,    3565 ,     c ,    4 ,     1 ,     3565 ,    0 ,    237         ,
27 ,    3605 ,     c ,    4 ,     1 ,     3605 ,    0 ,    332         ,
27 ,    3645 ,     c ,    4 ,     1 ,     3645 ,    0 ,    241         ,
27 ,    3685 ,     c ,    4 ,     1 ,     3685 ,    0 ,    244         ,
27 ,    3725 ,     c ,    4 ,     1 ,     3725 ,    0 ,    247         ,
27 ,    3765 ,     c ,    4 ,     1 ,     3765 ,    0 ,    251         ,
27 ,    3805 ,     c ,    4 ,     1 ,     3805 ,    0 ,    252         ,
27 ,    3845 ,     c ,    4 ,     1 ,     3845 ,    0 ,    256         ,
27 ,    3885 ,     c ,    4 ,     1 ,     3885 ,    0 ,    257         ,
27 ,    3925 ,     c ,    4 ,     1 ,     3925 ,    0 ,    262         ,
27 ,    3965 ,     c ,    4 ,     1 ,     3965 ,    0 ,    265         ,
27 ,    4005 ,     c ,    4 ,     1 ,     4005 ,    0 ,    266         ,
27 ,    4045 ,     c ,    4 ,     1 ,     4045 ,    0 ,    360         ,
27 ,    4085 ,     c ,    4 ,     1 ,     4085 ,    0 ,    271         ,
27 ,    4125 ,     c ,    4 ,     1 ,     4125 ,    0 ,    276         ,
27 ,    4165 ,     c ,    4 ,     1 ,     4165 ,    0 ,    276         ,
27 ,    4205 ,     c ,    4 ,     1 ,     4205 ,    0 ,    280         ,
27 ,    4245 ,     c ,    4 ,     1 ,     4245 ,    0 ,    284         ,
27 ,    4285 ,     c ,    4 ,     1 ,     4285 ,    0 ,    283         ,
27 ,    4325 ,     c ,    4 ,     1 ,     4325 ,    0 ,    287         ,
27 ,    4365 ,     c ,    4 ,     1 ,     4365 ,    0 ,    287         ,
27 ,    4405 ,     c ,    4 ,     1 ,     4405 ,    0 ,    293         ,
27 ,    4445 ,     c ,    4 ,     1 ,     4445 ,    0 ,    294         ,
27 ,    4485 ,     c ,    4 ,     1 ,     4485 ,    0 ,    298         ,
27 ,    4525 ,     c ,    4 ,     1 ,     4525 ,    0 ,    300         ,
27 ,    4565 ,     c ,    4 ,     1 ,     4565 ,    0 ,    304         ,
27 ,    4605 ,     c ,    4 ,     1 ,     4605 ,    0 ,    304         ,
27 ,    4645 ,     c ,    4 ,     1 ,     4645 ,    0 ,    310         ,
27 ,    4685 ,     c ,    4 ,     1 ,     4685 ,    0 ,    309         ,
27 ,    4725 ,     c ,    4 ,     1 ,     4725 ,    0 ,    314         ,
27 ,    4765 ,     c ,    4 ,     1 ,     4765 ,    0 ,    313         ,
27 ,    4805 ,     c ,    4 ,     1 ,     4805 ,    0 ,    316         ,
27 ,    4845 ,     c ,    4 ,     1 ,     4845 ,    0 ,    321         ,
27 ,    4885 ,     c ,    4 ,     1 ,     4885 ,    0 ,    322         ,
27 ,    4925 ,     c ,    4 ,     1 ,     4925 ,    0 ,    419         ,
27 ,    4965 ,     c ,    4 ,     1 ,     4965 ,    0 ,    329         ,


