SEED ,  SIZE ,  ALG ,  TYPE ,  CALLS ,  CMP ,     MOVE ,    TIME              ,
27 ,    5 ,     h ,    0 ,     1 ,     11 ,    18 ,    4         ,
27 ,    45 ,     h ,    0 ,     1 ,     266 ,    450 ,    31         ,
27 ,    85 ,     h ,    0 ,     1 ,     712 ,    1141 ,    85         ,
27 ,    125 ,     h ,    0 ,     1 ,     1072 ,    1703 ,    128         ,
27 ,    165 ,     h ,    0 ,     1 ,     1723 ,    2717 ,    195         ,
27 ,    205 ,     h ,    0 ,     1 ,     2106 ,    3341 ,    240         ,
27 ,    245 ,     h ,    0 ,     1 ,     2584 ,    4060 ,    303         ,
27 ,    285 ,     h ,    0 ,     1 ,     3348 ,    5348 ,    382         ,
27 ,    325 ,     h ,    0 ,     1 ,     4210 ,    6489 ,    463         ,
27 ,    365 ,     h ,    0 ,     1 ,     4428 ,    6989 ,    503         ,
27 ,    405 ,     h ,    0 ,     1 ,     5090 ,    7930 ,    577         ,
27 ,    445 ,     h ,    0 ,     1 ,     5688 ,    8810 ,    659         ,
27 ,    485 ,     h ,    0 ,     1 ,     6217 ,    9618 ,    734         ,
27 ,    525 ,     h ,    0 ,     1 ,     8596 ,    12800 ,    1011         ,
27 ,    565 ,     h ,    0 ,     1 ,     8429 ,    12954 ,    1055         ,
27 ,    605 ,     h ,    0 ,     1 ,     8738 ,    13584 ,    975         ,
27 ,    645 ,     h ,    0 ,     1 ,     10398 ,    15562 ,    1107         ,
27 ,    685 ,     h ,    0 ,     1 ,     10099 ,    15585 ,    1156         ,
27 ,    725 ,     h ,    0 ,     1 ,     10183 ,    15989 ,    1271         ,
27 ,    765 ,     h ,    0 ,     1 ,     11013 ,    17141 ,    1269         ,
27 ,    805 ,     h ,    0 ,     1 ,     12468 ,    18913 ,    1381         ,
27 ,    845 ,     h ,    0 ,     1 ,     13302 ,    20068 ,    1459         ,
27 ,    885 ,     h ,    0 ,     1 ,     12931 ,    20018 ,    1461         ,
27 ,    925 ,     h ,    0 ,     1 ,     14283 ,    21690 ,    1594         ,
27 ,    965 ,     h ,    0 ,     1 ,     15288 ,    23014 ,    1856         ,
27 ,    1005 ,     h ,    0 ,     1 ,     16200 ,    24248 ,    1795         ,
27 ,    1045 ,     h ,    0 ,     1 ,     18734 ,    28143 ,    1995         ,
27 ,    1085 ,     h ,    0 ,     1 ,     17919 ,    27690 ,    1967         ,
27 ,    1125 ,     h ,    0 ,     1 ,     18816 ,    28946 ,    2793         ,
27 ,    1165 ,     h ,    0 ,     1 ,     19764 ,    30254 ,    2168         ,
27 ,    1205 ,     h ,    0 ,     1 ,     20480 ,    31331 ,    2262         ,
27 ,    1245 ,     h ,    0 ,     1 ,     19891 ,    31103 ,    2231         ,
27 ,    1285 ,     h ,    0 ,     1 ,     26917 ,    38486 ,    4594         ,
27 ,    1325 ,     h ,    0 ,     1 ,     22406 ,    34337 ,    2497         ,
27 ,    1365 ,     h ,    0 ,     1 ,     22902 ,    35193 ,    2540         ,
27 ,    1405 ,     h ,    0 ,     1 ,     23522 ,    36175 ,    2819         ,
27 ,    1445 ,     h ,    0 ,     1 ,     23810 ,    36821 ,    2653         ,
27 ,    1485 ,     h ,    0 ,     1 ,     26960 ,    40332 ,    2893         ,
27 ,    1525 ,     h ,    0 ,     1 ,     25295 ,    39028 ,    3062         ,
27 ,    1565 ,     h ,    0 ,     1 ,     31131 ,    45222 ,    3230         ,
27 ,    1605 ,     h ,    0 ,     1 ,     29590 ,    44040 ,    3202         ,
27 ,    1645 ,     h ,    0 ,     1 ,     29837 ,    44649 ,    3251         ,
27 ,    1685 ,     h ,    0 ,     1 ,     29578 ,    44749 ,    3228         ,
27 ,    1725 ,     h ,    0 ,     1 ,     30087 ,    45620 ,    3468         ,
27 ,    1765 ,     h ,    0 ,     1 ,     31313 ,    47205 ,    3464         ,
27 ,    1805 ,     h ,    0 ,     1 ,     37312 ,    53563 ,    3867         ,
27 ,    1845 ,     h ,    0 ,     1 ,     33170 ,    49782 ,    3764         ,
27 ,    1885 ,     h ,    0 ,     1 ,     32619 ,    49592 ,    3647         ,
27 ,    1925 ,     h ,    0 ,     1 ,     37020 ,    54351 ,    4058         ,
27 ,    1965 ,     h ,    0 ,     1 ,     35678 ,    53371 ,    3898         ,
27 ,    2005 ,     h ,    0 ,     1 ,     36878 ,    54931 ,    4552         ,
27 ,    2045 ,     h ,    0 ,     1 ,     37744 ,    56159 ,    4711         ,
27 ,    2085 ,     h ,    0 ,     1 ,     44361 ,    65215 ,    6563         ,
27 ,    2125 ,     h ,    0 ,     1 ,     41294 ,    62549 ,    5299         ,
27 ,    2165 ,     h ,    0 ,     1 ,     41187 ,    62843 ,    5796         ,
27 ,    2205 ,     h ,    0 ,     1 ,     41418 ,    63474 ,    6691         ,
27 ,    2245 ,     h ,    0 ,     1 ,     43128 ,    65583 ,    4655         ,
27 ,    2285 ,     h ,    0 ,     1 ,     42876 ,    65733 ,    7146         ,
27 ,    2325 ,     h ,    0 ,     1 ,     46514 ,    69769 ,    4935         ,
27 ,    2365 ,     h ,    0 ,     1 ,     46913 ,    70570 ,    5043         ,
27 ,    2405 ,     h ,    0 ,     1 ,     46030 ,    70086 ,    5147         ,
27 ,    2445 ,     h ,    0 ,     1 ,     49391 ,    73847 ,    7137         ,
27 ,    2485 ,     h ,    0 ,     1 ,     47582 ,    72439 ,    5357         ,
27 ,    2525 ,     h ,    0 ,     1 ,     47120 ,    72378 ,    5816         ,
27 ,    2565 ,     h ,    0 ,     1 ,     68832 ,    94486 ,    26532         ,
27 ,    2605 ,     h ,    0 ,     1 ,     54513 ,    80569 ,    6110         ,
27 ,    2645 ,     h ,    0 ,     1 ,     51747 ,    78203 ,    30919         ,
27 ,    2685 ,     h ,    0 ,     1 ,     51161 ,    78019 ,    21430         ,
27 ,    2725 ,     h ,    0 ,     1 ,     53334 ,    80590 ,    7548         ,
27 ,    2765 ,     h ,    0 ,     1 ,     55785 ,    83442 ,    10172         ,
27 ,    2805 ,     h ,    0 ,     1 ,     54513 ,    82571 ,    7765         ,
27 ,    2845 ,     h ,    0 ,     1 ,     59943 ,    88400 ,    8257         ,
27 ,    2885 ,     h ,    0 ,     1 ,     57651 ,    86507 ,    8533         ,
27 ,    2925 ,     h ,    0 ,     1 ,     55939 ,    85197 ,    6189         ,
27 ,    2965 ,     h ,    0 ,     1 ,     62350 ,    92007 ,    6614         ,
27 ,    3005 ,     h ,    0 ,     1 ,     57130 ,    87189 ,    6475         ,
27 ,    3045 ,     h ,    0 ,     1 ,     58527 ,    88985 ,    6509         ,
27 ,    3085 ,     h ,    0 ,     1 ,     84969 ,    115824 ,    8506         ,
27 ,    3125 ,     h ,    0 ,     1 ,     70473 ,    101729 ,    7427         ,
27 ,    3165 ,     h ,    0 ,     1 ,     65839 ,    97496 ,    7171         ,
27 ,    3205 ,     h ,    0 ,     1 ,     68465 ,    100520 ,    9876         ,
27 ,    3245 ,     h ,    0 ,     1 ,     66632 ,    99089 ,    7323         ,
27 ,    3285 ,     h ,    0 ,     1 ,     69553 ,    102410 ,    7532         ,
27 ,    3325 ,     h ,    0 ,     1 ,     69099 ,    102358 ,    23580         ,
27 ,    3365 ,     h ,    0 ,     1 ,     70914 ,    104570 ,    7676         ,
27 ,    3405 ,     h ,    0 ,     1 ,     73498 ,    107555 ,    7911         ,
27 ,    3445 ,     h ,    0 ,     1 ,     69708 ,    104166 ,    61578         ,
27 ,    3485 ,     h ,    0 ,     1 ,     69127 ,    103985 ,    7571         ,
27 ,    3525 ,     h ,    0 ,     1 ,     74544 ,    109801 ,    25963         ,
27 ,    3565 ,     h ,    0 ,     1 ,     73517 ,    109176 ,    8571         ,
27 ,    3605 ,     h ,    0 ,     1 ,     82879 ,    118935 ,    27876         ,
27 ,    3645 ,     h ,    0 ,     1 ,     76918 ,    113376 ,    35052         ,
27 ,    3685 ,     h ,    0 ,     1 ,     78792 ,    115649 ,    8600         ,
27 ,    3725 ,     h ,    0 ,     1 ,     76804 ,    114061 ,    28274         ,
27 ,    3765 ,     h ,    0 ,     1 ,     75651 ,    113309 ,    8447         ,
27 ,    3805 ,     h ,    0 ,     1 ,     75898 ,    113957 ,    26746         ,
27 ,    3845 ,     h ,    0 ,     1 ,     91342 ,    129798 ,    9550         ,
27 ,    3885 ,     h ,    0 ,     1 ,     83790 ,    122648 ,    27474         ,
27 ,    3925 ,     h ,    0 ,     1 ,     82736 ,    121994 ,    9368         ,
27 ,    3965 ,     h ,    0 ,     1 ,     78913 ,    118573 ,    9027         ,
27 ,    4005 ,     h ,    0 ,     1 ,     88078 ,    128136 ,    9470         ,
27 ,    4045 ,     h ,    0 ,     1 ,     87826 ,    128285 ,    9573         ,
27 ,    4085 ,     h ,    0 ,     1 ,     85937 ,    126797 ,    27708         ,
27 ,    4125 ,     h ,    0 ,     1 ,     119563 ,    164943 ,    11934         ,
27 ,    4165 ,     h ,    0 ,     1 ,     100466 ,    146285 ,    11037         ,
27 ,    4205 ,     h ,    0 ,     1 ,     97592 ,    143853 ,    16627         ,
27 ,    4245 ,     h ,    0 ,     1 ,     98043 ,    144743 ,    10979         ,
27 ,    4285 ,     h ,    0 ,     1 ,     92483 ,    139625 ,    10977         ,
27 ,    4325 ,     h ,    0 ,     1 ,     100243 ,    147824 ,    21308         ,
27 ,    4365 ,     h ,    0 ,     1 ,     106041 ,    154061 ,    12521         ,
27 ,    4405 ,     h ,    0 ,     1 ,     95417 ,    143878 ,    12074         ,
27 ,    4445 ,     h ,    0 ,     1 ,     100239 ,    149141 ,    10780         ,
27 ,    4485 ,     h ,    0 ,     1 ,     100831 ,    150171 ,    11055         ,
27 ,    4525 ,     h ,    0 ,     1 ,     99333 ,    149115 ,    31521         ,
27 ,    4565 ,     h ,    0 ,     1 ,     97692 ,    147914 ,    10760         ,
27 ,    4605 ,     h ,    0 ,     1 ,     100814 ,    151478 ,    11296         ,
27 ,    4645 ,     h ,    0 ,     1 ,     107441 ,    158541 ,    29279         ,
27 ,    4685 ,     h ,    0 ,     1 ,     105309 ,    156850 ,    49512         ,
27 ,    4725 ,     h ,    0 ,     1 ,     106862 ,    158844 ,    28619         ,
27 ,    4765 ,     h ,    0 ,     1 ,     103921 ,    156343 ,    30548         ,
27 ,    4805 ,     h ,    0 ,     1 ,     111289 ,    164150 ,    12414         ,
27 ,    4845 ,     h ,    0 ,     1 ,     105954 ,    159257 ,    33374         ,
27 ,    4885 ,     h ,    0 ,     1 ,     115968 ,    169709 ,    12427         ,
27 ,    4925 ,     h ,    0 ,     1 ,     107710 ,    161893 ,    27545         ,
27 ,    4965 ,     h ,    0 ,     1 ,     107635 ,    162257 ,    11774         ,
27 ,    5 ,     h ,    1 ,     1 ,     7 ,    14 ,    2         ,
27 ,    45 ,     h ,    1 ,     1 ,     184 ,    368 ,    15         ,
27 ,    85 ,     h ,    1 ,     1 ,     429 ,    858 ,    34         ,
27 ,    125 ,     h ,    1 ,     1 ,     631 ,    1262 ,    50         ,
27 ,    165 ,     h ,    1 ,     1 ,     994 ,    1988 ,    78         ,
27 ,    205 ,     h ,    1 ,     1 ,     1235 ,    2470 ,    97         ,
27 ,    245 ,     h ,    1 ,     1 ,     1476 ,    2952 ,    115         ,
27 ,    285 ,     h ,    1 ,     1 ,     2000 ,    4000 ,    158         ,
27 ,    325 ,     h ,    1 ,     1 ,     2279 ,    4558 ,    177         ,
27 ,    365 ,     h ,    1 ,     1 ,     2561 ,    5122 ,    199         ,
27 ,    405 ,     h ,    1 ,     1 ,     2840 ,    5680 ,    221         ,
27 ,    445 ,     h ,    1 ,     1 ,     3122 ,    6244 ,    243         ,
27 ,    485 ,     h ,    1 ,     1 ,     3401 ,    6802 ,    264         ,
27 ,    525 ,     h ,    1 ,     1 ,     4204 ,    8408 ,    326         ,
27 ,    565 ,     h ,    1 ,     1 ,     4525 ,    9050 ,    353         ,
27 ,    605 ,     h ,    1 ,     1 ,     4846 ,    9692 ,    376         ,
27 ,    645 ,     h ,    1 ,     1 ,     5164 ,    10328 ,    401         ,
27 ,    685 ,     h ,    1 ,     1 ,     5486 ,    10972 ,    426         ,
27 ,    725 ,     h ,    1 ,     1 ,     5806 ,    11612 ,    455         ,
27 ,    765 ,     h ,    1 ,     1 ,     6128 ,    12256 ,    476         ,
27 ,    805 ,     h ,    1 ,     1 ,     6445 ,    12890 ,    501         ,
27 ,    845 ,     h ,    1 ,     1 ,     6766 ,    13532 ,    786         ,
27 ,    885 ,     h ,    1 ,     1 ,     7087 ,    14174 ,    551         ,
27 ,    925 ,     h ,    1 ,     1 ,     7407 ,    14814 ,    581         ,
27 ,    965 ,     h ,    1 ,     1 ,     7726 ,    15452 ,    599         ,
27 ,    1005 ,     h ,    1 ,     1 ,     8048 ,    16096 ,    624         ,
27 ,    1045 ,     h ,    1 ,     1 ,     9409 ,    18818 ,    730         ,
27 ,    1085 ,     h ,    1 ,     1 ,     9771 ,    19542 ,    758         ,
27 ,    1125 ,     h ,    1 ,     1 ,     10130 ,    20260 ,    18323         ,
27 ,    1165 ,     h ,    1 ,     1 ,     10490 ,    20980 ,    904         ,
27 ,    1205 ,     h ,    1 ,     1 ,     10851 ,    21702 ,    842         ,
27 ,    1245 ,     h ,    1 ,     1 ,     11212 ,    22424 ,    874         ,
27 ,    1285 ,     h ,    1 ,     1 ,     11569 ,    23138 ,    897         ,
27 ,    1325 ,     h ,    1 ,     1 ,     11931 ,    23862 ,    925         ,
27 ,    1365 ,     h ,    1 ,     1 ,     12291 ,    24582 ,    1133         ,
27 ,    1405 ,     h ,    1 ,     1 ,     12653 ,    25306 ,    981         ,
27 ,    1445 ,     h ,    1 ,     1 ,     13011 ,    26022 ,    1008         ,
27 ,    1485 ,     h ,    1 ,     1 ,     13372 ,    26744 ,    1036         ,
27 ,    1525 ,     h ,    1 ,     1 ,     13733 ,    27466 ,    1070         ,
27 ,    1565 ,     h ,    1 ,     1 ,     14091 ,    28182 ,    1092         ,
27 ,    1605 ,     h ,    1 ,     1 ,     14450 ,    28900 ,    1120         ,
27 ,    1645 ,     h ,    1 ,     1 ,     14812 ,    29624 ,    1150         ,
27 ,    1685 ,     h ,    1 ,     1 ,     15171 ,    30342 ,    1289         ,
27 ,    1725 ,     h ,    1 ,     1 ,     15533 ,    31066 ,    1210         ,
27 ,    1765 ,     h ,    1 ,     1 ,     15892 ,    31784 ,    1232         ,
27 ,    1805 ,     h ,    1 ,     1 ,     16251 ,    32502 ,    1259         ,
27 ,    1845 ,     h ,    1 ,     1 ,     16612 ,    33224 ,    1288         ,
27 ,    1885 ,     h ,    1 ,     1 ,     16973 ,    33946 ,    2997         ,
27 ,    1925 ,     h ,    1 ,     1 ,     17331 ,    34662 ,    1531         ,
27 ,    1965 ,     h ,    1 ,     1 ,     17693 ,    35386 ,    1372         ,
27 ,    2005 ,     h ,    1 ,     1 ,     18053 ,    36106 ,    1399         ,
27 ,    2045 ,     h ,    1 ,     1 ,     18415 ,    36830 ,    1429         ,
27 ,    2085 ,     h ,    1 ,     1 ,     20854 ,    41708 ,    1620         ,
27 ,    2125 ,     h ,    1 ,     1 ,     21255 ,    42510 ,    1807         ,
27 ,    2165 ,     h ,    1 ,     1 ,     21656 ,    43312 ,    1968         ,
27 ,    2205 ,     h ,    1 ,     1 ,     22056 ,    44112 ,    1760         ,
27 ,    2245 ,     h ,    1 ,     1 ,     22455 ,    44910 ,    1830         ,
27 ,    2285 ,     h ,    1 ,     1 ,     22857 ,    45714 ,    1779         ,
27 ,    2325 ,     h ,    1 ,     1 ,     23255 ,    46510 ,    2184         ,
27 ,    2365 ,     h ,    1 ,     1 ,     23657 ,    47314 ,    2543         ,
27 ,    2405 ,     h ,    1 ,     1 ,     24056 ,    48112 ,    2606         ,
27 ,    2445 ,     h ,    1 ,     1 ,     24456 ,    48912 ,    2732         ,
27 ,    2485 ,     h ,    1 ,     1 ,     24857 ,    49714 ,    2690         ,
27 ,    2525 ,     h ,    1 ,     1 ,     25258 ,    50516 ,    29523         ,
27 ,    2565 ,     h ,    1 ,     1 ,     25654 ,    51308 ,    1999         ,
27 ,    2605 ,     h ,    1 ,     1 ,     26056 ,    52112 ,    2018         ,
27 ,    2645 ,     h ,    1 ,     1 ,     26456 ,    52912 ,    2226         ,
27 ,    2685 ,     h ,    1 ,     1 ,     26858 ,    53716 ,    2162         ,
27 ,    2725 ,     h ,    1 ,     1 ,     27256 ,    54512 ,    2163         ,
27 ,    2765 ,     h ,    1 ,     1 ,     27657 ,    55314 ,    2143         ,
27 ,    2805 ,     h ,    1 ,     1 ,     28058 ,    56116 ,    2390         ,
27 ,    2845 ,     h ,    1 ,     1 ,     28457 ,    56914 ,    2207         ,
27 ,    2885 ,     h ,    1 ,     1 ,     28856 ,    57712 ,    2241         ,
27 ,    2925 ,     h ,    1 ,     1 ,     29258 ,    58516 ,    2272         ,
27 ,    2965 ,     h ,    1 ,     1 ,     29657 ,    59314 ,    2504         ,
27 ,    3005 ,     h ,    1 ,     1 ,     30059 ,    60118 ,    2337         ,
27 ,    3045 ,     h ,    1 ,     1 ,     30458 ,    60916 ,    2361         ,
27 ,    3085 ,     h ,    1 ,     1 ,     30855 ,    61710 ,    21034         ,
27 ,    3125 ,     h ,    1 ,     1 ,     31256 ,    62512 ,    2731         ,
27 ,    3165 ,     h ,    1 ,     1 ,     31657 ,    63314 ,    2453         ,
27 ,    3205 ,     h ,    1 ,     1 ,     32055 ,    64110 ,    20037         ,
27 ,    3245 ,     h ,    1 ,     1 ,     32457 ,    64914 ,    2666         ,
27 ,    3285 ,     h ,    1 ,     1 ,     32857 ,    65714 ,    3477         ,
27 ,    3325 ,     h ,    1 ,     1 ,     33259 ,    66518 ,    3567         ,
27 ,    3365 ,     h ,    1 ,     1 ,     33656 ,    67312 ,    2718         ,
27 ,    3405 ,     h ,    1 ,     1 ,     34057 ,    68114 ,    2761         ,
27 ,    3445 ,     h ,    1 ,     1 ,     34458 ,    68916 ,    2740         ,
27 ,    3485 ,     h ,    1 ,     1 ,     34858 ,    69716 ,    2704         ,
27 ,    3525 ,     h ,    1 ,     1 ,     35257 ,    70514 ,    2951         ,
27 ,    3565 ,     h ,    1 ,     1 ,     35659 ,    71318 ,    20552         ,
27 ,    3605 ,     h ,    1 ,     1 ,     36056 ,    72112 ,    2797         ,
27 ,    3645 ,     h ,    1 ,     1 ,     36458 ,    72916 ,    2832         ,
27 ,    3685 ,     h ,    1 ,     1 ,     36857 ,    73714 ,    2991         ,
27 ,    3725 ,     h ,    1 ,     1 ,     37257 ,    74514 ,    2888         ,
27 ,    3765 ,     h ,    1 ,     1 ,     37658 ,    75316 ,    23610         ,
27 ,    3805 ,     h ,    1 ,     1 ,     38059 ,    76118 ,    2950         ,
27 ,    3845 ,     h ,    1 ,     1 ,     38456 ,    76912 ,    2981         ,
27 ,    3885 ,     h ,    1 ,     1 ,     38858 ,    77716 ,    3282         ,
27 ,    3925 ,     h ,    1 ,     1 ,     39258 ,    78516 ,    32226         ,
27 ,    3965 ,     h ,    1 ,     1 ,     39660 ,    79320 ,    3094         ,
27 ,    4005 ,     h ,    1 ,     1 ,     40058 ,    80116 ,    3285         ,
27 ,    4045 ,     h ,    1 ,     1 ,     40459 ,    80918 ,    3139         ,
27 ,    4085 ,     h ,    1 ,     1 ,     40860 ,    81720 ,    3173         ,
27 ,    4125 ,     h ,    1 ,     1 ,     45380 ,    90760 ,    3708         ,
27 ,    4165 ,     h ,    1 ,     1 ,     45819 ,    91638 ,    3562         ,
27 ,    4205 ,     h ,    1 ,     1 ,     46261 ,    92522 ,    22304         ,
27 ,    4245 ,     h ,    1 ,     1 ,     46700 ,    93400 ,    4902         ,
27 ,    4285 ,     h ,    1 ,     1 ,     47142 ,    94284 ,    4440         ,
27 ,    4325 ,     h ,    1 ,     1 ,     47581 ,    95162 ,    3711         ,
27 ,    4365 ,     h ,    1 ,     1 ,     48020 ,    96040 ,    67030         ,
27 ,    4405 ,     h ,    1 ,     1 ,     48461 ,    96922 ,    4089         ,
27 ,    4445 ,     h ,    1 ,     1 ,     48902 ,    97804 ,    4012         ,
27 ,    4485 ,     h ,    1 ,     1 ,     49340 ,    98680 ,    4273         ,
27 ,    4525 ,     h ,    1 ,     1 ,     49782 ,    99564 ,    4082         ,
27 ,    4565 ,     h ,    1 ,     1 ,     50222 ,    100444 ,    23303         ,
27 ,    4605 ,     h ,    1 ,     1 ,     50664 ,    101328 ,    6068         ,
27 ,    4645 ,     h ,    1 ,     1 ,     51100 ,    102200 ,    8862         ,
27 ,    4685 ,     h ,    1 ,     1 ,     51541 ,    103082 ,    5869         ,
27 ,    4725 ,     h ,    1 ,     1 ,     51982 ,    103964 ,    136083         ,
27 ,    4765 ,     h ,    1 ,     1 ,     52422 ,    104844 ,    4498         ,
27 ,    4805 ,     h ,    1 ,     1 ,     52861 ,    105722 ,    26921         ,
27 ,    4845 ,     h ,    1 ,     1 ,     53303 ,    106606 ,    4840         ,
27 ,    4885 ,     h ,    1 ,     1 ,     53741 ,    107482 ,    4528         ,
27 ,    4925 ,     h ,    1 ,     1 ,     54183 ,    108366 ,    4506         ,
27 ,    4965 ,     h ,    1 ,     1 ,     54622 ,    109244 ,    4819         ,
27 ,    5 ,     h ,    2 ,     1 ,     11 ,    18 ,    24         ,
27 ,    45 ,     h ,    2 ,     1 ,     280 ,    464 ,    25         ,
27 ,    85 ,     h ,    2 ,     1 ,     657 ,    1086 ,    20236         ,
27 ,    125 ,     h ,    2 ,     1 ,     1031 ,    1662 ,    134         ,
27 ,    165 ,     h ,    2 ,     1 ,     1526 ,    2520 ,    152         ,
27 ,    205 ,     h ,    2 ,     1 ,     1859 ,    3094 ,    195         ,
27 ,    245 ,     h ,    2 ,     1 ,     2392 ,    3868 ,    182         ,
27 ,    285 ,     h ,    2 ,     1 ,     3088 ,    5088 ,    241         ,
27 ,    325 ,     h ,    2 ,     1 ,     3499 ,    5778 ,    259         ,
27 ,    365 ,     h ,    2 ,     1 ,     3873 ,    6434 ,    287         ,
27 ,    405 ,     h ,    2 ,     1 ,     4284 ,    7124 ,    320         ,
27 ,    445 ,     h ,    2 ,     1 ,     4738 ,    7860 ,    362         ,
27 ,    485 ,     h ,    2 ,     1 ,     5469 ,    8870 ,    403         ,
27 ,    525 ,     h ,    2 ,     1 ,     6044 ,    10248 ,    444         ,
27 ,    565 ,     h ,    2 ,     1 ,     6977 ,    11502 ,    529         ,
27 ,    605 ,     h ,    2 ,     1 ,     7150 ,    11996 ,    532         ,
27 ,    645 ,     h ,    2 ,     1 ,     7920 ,    13084 ,    571         ,
27 ,    685 ,     h ,    2 ,     1 ,     8334 ,    13820 ,    611         ,
27 ,    725 ,     h ,    2 ,     1 ,     8786 ,    14592 ,    640         ,
27 ,    765 ,     h ,    2 ,     1 ,     9280 ,    15408 ,    684         ,
27 ,    805 ,     h ,    2 ,     1 ,     9729 ,    16174 ,    715         ,
27 ,    845 ,     h ,    2 ,     1 ,     10782 ,    17548 ,    943         ,
27 ,    885 ,     h ,    2 ,     1 ,     10755 ,    17842 ,    821         ,
27 ,    925 ,     h ,    2 ,     1 ,     11503 ,    18910 ,    836         ,
27 ,    965 ,     h ,    2 ,     1 ,     12338 ,    20064 ,    897         ,
27 ,    1005 ,     h ,    2 ,     1 ,     12752 ,    20800 ,    973         ,
27 ,    1045 ,     h ,    2 ,     1 ,     13605 ,    23014 ,    1395         ,
27 ,    1085 ,     h ,    2 ,     1 ,     14139 ,    23910 ,    1717         ,
27 ,    1125 ,     h ,    2 ,     1 ,     15590 ,    25720 ,    1715         ,
27 ,    1165 ,     h ,    2 ,     1 ,     15978 ,    26468 ,    1187         ,
27 ,    1205 ,     h ,    2 ,     1 ,     16055 ,    26906 ,    1212         ,
27 ,    1245 ,     h ,    2 ,     1 ,     17164 ,    28376 ,    1313         ,
27 ,    1285 ,     h ,    2 ,     1 ,     17717 ,    29286 ,    1306         ,
27 ,    1325 ,     h ,    2 ,     1 ,     18171 ,    30102 ,    1353         ,
27 ,    1365 ,     h ,    2 ,     1 ,     18663 ,    30954 ,    1563         ,
27 ,    1405 ,     h ,    2 ,     1 ,     19197 ,    31850 ,    1446         ,
27 ,    1445 ,     h ,    2 ,     1 ,     19687 ,    32698 ,    12513         ,
27 ,    1485 ,     h ,    2 ,     1 ,     20396 ,    33768 ,    1934         ,
27 ,    1525 ,     h ,    2 ,     1 ,     20793 ,    34526 ,    2195         ,
27 ,    1565 ,     h ,    2 ,     1 ,     22603 ,    36694 ,    2252         ,
27 ,    1605 ,     h ,    2 ,     1 ,     21814 ,    36264 ,    13577         ,
27 ,    1645 ,     h ,    2 ,     1 ,     22268 ,    37080 ,    3815         ,
27 ,    1685 ,     h ,    2 ,     1 ,     24039 ,    39210 ,    2430         ,
27 ,    1725 ,     h ,    2 ,     1 ,     24573 ,    40106 ,    2378         ,
27 ,    1765 ,     h ,    2 ,     1 ,     24104 ,    39996 ,    2357         ,
27 ,    1805 ,     h ,    2 ,     1 ,     25515 ,    41766 ,    2725         ,
27 ,    1845 ,     h ,    2 ,     1 ,     25720 ,    42332 ,    2846         ,
27 ,    1885 ,     h ,    2 ,     1 ,     26701 ,    43674 ,    2935         ,
27 ,    1925 ,     h ,    2 ,     1 ,     27511 ,    44842 ,    3103         ,
27 ,    1965 ,     h ,    2 ,     1 ,     27965 ,    45658 ,    3270         ,
27 ,    2005 ,     h ,    2 ,     1 ,     28457 ,    46510 ,    48874         ,
27 ,    2045 ,     h ,    2 ,     1 ,     28991 ,    47406 ,    2148         ,
27 ,    2085 ,     h ,    2 ,     1 ,     30282 ,    51136 ,    2781         ,
27 ,    2125 ,     h ,    2 ,     1 ,     32695 ,    53950 ,    2434         ,
27 ,    2165 ,     h ,    2 ,     1 ,     31468 ,    53124 ,    2305         ,
27 ,    2205 ,     h ,    2 ,     1 ,     32296 ,    54352 ,    2398         ,
27 ,    2245 ,     h ,    2 ,     1 ,     34491 ,    56946 ,    2543         ,
27 ,    2285 ,     h ,    2 ,     1 ,     34985 ,    57842 ,    2727         ,
27 ,    2325 ,     h ,    2 ,     1 ,     35387 ,    58642 ,    2545         ,
27 ,    2365 ,     h ,    2 ,     1 ,     35961 ,    59618 ,    2628         ,
27 ,    2405 ,     h ,    2 ,     1 ,     35660 ,    59716 ,    2758         ,
27 ,    2445 ,     h ,    2 ,     1 ,     36088 ,    60544 ,    2633         ,
27 ,    2485 ,     h ,    2 ,     1 ,     37997 ,    62854 ,    2778         ,
27 ,    2525 ,     h ,    2 ,     1 ,     37354 ,    62612 ,    2890         ,
27 ,    2565 ,     h ,    2 ,     1 ,     39226 ,    64880 ,    2806         ,
27 ,    2605 ,     h ,    2 ,     1 ,     39720 ,    65776 ,    2878         ,
27 ,    2645 ,     h ,    2 ,     1 ,     40252 ,    66708 ,    2915         ,
27 ,    2685 ,     h ,    2 ,     1 ,     40826 ,    67684 ,    22312         ,
27 ,    2725 ,     h ,    2 ,     1 ,     41356 ,    68612 ,    4851         ,
27 ,    2765 ,     h ,    2 ,     1 ,     41849 ,    69506 ,    3105         ,
27 ,    2805 ,     h ,    2 ,     1 ,     42542 ,    70600 ,    3113         ,
27 ,    2845 ,     h ,    2 ,     1 ,     43625 ,    72082 ,    3284         ,
27 ,    2885 ,     h ,    2 ,     1 ,     43644 ,    72500 ,    3186         ,
27 ,    2925 ,     h ,    2 ,     1 ,     44138 ,    73396 ,    3226         ,
27 ,    2965 ,     h ,    2 ,     1 ,     45181 ,    74838 ,    4796         ,
27 ,    3005 ,     h ,    2 ,     1 ,     45755 ,    75814 ,    4801         ,
27 ,    3045 ,     h ,    2 ,     1 ,     46094 ,    76552 ,    29011         ,
27 ,    3085 ,     h ,    2 ,     1 ,     46263 ,    77118 ,    3418         ,
27 ,    3125 ,     h ,    2 ,     1 ,     49836 ,    81092 ,    3985         ,
27 ,    3165 ,     h ,    2 ,     1 ,     47529 ,    79186 ,    3636         ,
27 ,    3205 ,     h ,    2 ,     1 ,     48379 ,    80434 ,    3985         ,
27 ,    3245 ,     h ,    2 ,     1 ,     48873 ,    81330 ,    37495         ,
27 ,    3285 ,     h ,    2 ,     1 ,     49405 ,    82262 ,    3747         ,
27 ,    3325 ,     h ,    2 ,     1 ,     49979 ,    83238 ,    3942         ,
27 ,    3365 ,     h ,    2 ,     1 ,     53068 ,    86724 ,    3864         ,
27 ,    3405 ,     h ,    2 ,     1 ,     51641 ,    85698 ,    3790         ,
27 ,    3445 ,     h ,    2 ,     1 ,     54254 ,    88712 ,    31175         ,
27 ,    3485 ,     h ,    2 ,     1 ,     55082 ,    89940 ,    21055         ,
27 ,    3525 ,     h ,    2 ,     1 ,     53437 ,    88694 ,    20923         ,
27 ,    3565 ,     h ,    2 ,     1 ,     53931 ,    89590 ,    4034         ,
27 ,    3605 ,     h ,    2 ,     1 ,     56380 ,    92436 ,    4120         ,
27 ,    3645 ,     h ,    2 ,     1 ,     56954 ,    93412 ,    4269         ,
27 ,    3685 ,     h ,    2 ,     1 ,     56909 ,    93766 ,    4108         ,
27 ,    3725 ,     h ,    2 ,     1 ,     57337 ,    94594 ,    4671         ,
27 ,    3765 ,     h ,    2 ,     1 ,     58990 ,    96648 ,    4281         ,
27 ,    3805 ,     h ,    2 ,     1 ,     58603 ,    96662 ,    4498         ,
27 ,    3845 ,     h ,    2 ,     1 ,     60732 ,    99188 ,    21043         ,
27 ,    3885 ,     h ,    2 ,     1 ,     61226 ,    100084 ,    4756         ,
27 ,    3925 ,     h ,    2 ,     1 ,     61758 ,    101016 ,    22800         ,
27 ,    3965 ,     h ,    2 ,     1 ,     62332 ,    101992 ,    5577         ,
27 ,    4005 ,     h ,    2 ,     1 ,     62862 ,    102920 ,    7011         ,
27 ,    4045 ,     h ,    2 ,     1 ,     62075 ,    102534 ,    6454         ,
27 ,    4085 ,     h ,    2 ,     1 ,     64048 ,    104908 ,    6183         ,
27 ,    4125 ,     h ,    2 ,     1 ,     70020 ,    115400 ,    24473         ,
27 ,    4165 ,     h ,    2 ,     1 ,     66751 ,    112570 ,    20206         ,
27 ,    4205 ,     h ,    2 ,     1 ,     67285 ,    113546 ,    4912         ,
27 ,    4245 ,     h ,    2 ,     1 ,     71696 ,    118396 ,    5631         ,
27 ,    4285 ,     h ,    2 ,     1 ,     72310 ,    119452 ,    7878         ,
27 ,    4325 ,     h ,    2 ,     1 ,     69361 ,    116942 ,    5213         ,
27 ,    4365 ,     h ,    2 ,     1 ,     73412 ,    121432 ,    23500         ,
27 ,    4405 ,     h ,    2 ,     1 ,     71137 ,    119598 ,    5523         ,
27 ,    4445 ,     h ,    2 ,     1 ,     74758 ,    123660 ,    5483         ,
27 ,    4485 ,     h ,    2 ,     1 ,     75648 ,    124988 ,    6516         ,
27 ,    4525 ,     h ,    2 ,     1 ,     76182 ,    125964 ,    7512         ,
27 ,    4565 ,     h ,    2 ,     1 ,     76754 ,    126976 ,    46971         ,
27 ,    4605 ,     h ,    2 ,     1 ,     77368 ,    128032 ,    5910         ,
27 ,    4645 ,     h ,    2 ,     1 ,     77680 ,    128780 ,    5932         ,
27 ,    4685 ,     h ,    2 ,     1 ,     76549 ,    128090 ,    36972         ,
27 ,    4725 ,     h ,    2 ,     1 ,     78946 ,    130928 ,    26347         ,
27 ,    4765 ,     h ,    2 ,     1 ,     79814 ,    132236 ,    6001         ,
27 ,    4805 ,     h ,    2 ,     1 ,     78465 ,    131326 ,    7081         ,
27 ,    4845 ,     h ,    2 ,     1 ,     78999 ,    132302 ,    33537         ,
27 ,    4885 ,     h ,    2 ,     1 ,     79441 ,    133182 ,    22835         ,
27 ,    4925 ,     h ,    2 ,     1 ,     80055 ,    134238 ,    5892         ,
27 ,    4965 ,     h ,    2 ,     1 ,     83378 ,    138000 ,    6279         ,
27 ,    5 ,     h ,    3 ,     1 ,     9 ,    16 ,    5         ,
27 ,    45 ,     h ,    3 ,     1 ,     207 ,    391 ,    23         ,
27 ,    85 ,     h ,    3 ,     1 ,     472 ,    901 ,    49         ,
27 ,    125 ,     h ,    3 ,     1 ,     681 ,    1312 ,    64         ,
27 ,    165 ,     h ,    3 ,     1 ,     1092 ,    2086 ,    100         ,
27 ,    205 ,     h ,    3 ,     1 ,     1356 ,    2591 ,    122         ,
27 ,    245 ,     h ,    3 ,     1 ,     1628 ,    3104 ,    150         ,
27 ,    285 ,     h ,    3 ,     1 ,     2161 ,    4161 ,    191         ,
27 ,    325 ,     h ,    3 ,     1 ,     2507 ,    4786 ,    228         ,
27 ,    365 ,     h ,    3 ,     1 ,     2788 ,    5349 ,    248         ,
27 ,    405 ,     h ,    3 ,     1 ,     3109 ,    5949 ,    275         ,
27 ,    445 ,     h ,    3 ,     1 ,     3448 ,    6570 ,    306         ,
27 ,    485 ,     h ,    3 ,     1 ,     3721 ,    7122 ,    325         ,
27 ,    525 ,     h ,    3 ,     1 ,     4576 ,    8780 ,    513         ,
27 ,    565 ,     h ,    3 ,     1 ,     4926 ,    9451 ,    552         ,
27 ,    605 ,     h ,    3 ,     1 ,     5230 ,    10076 ,    596         ,
27 ,    645 ,     h ,    3 ,     1 ,     5629 ,    10793 ,    492         ,
27 ,    685 ,     h ,    3 ,     1 ,     5981 ,    11467 ,    520         ,
27 ,    725 ,     h ,    3 ,     1 ,     6313 ,    12119 ,    554         ,
27 ,    765 ,     h ,    3 ,     1 ,     6611 ,    12739 ,    573         ,
27 ,    805 ,     h ,    3 ,     1 ,     7033 ,    13478 ,    608         ,
27 ,    845 ,     h ,    3 ,     1 ,     7295 ,    14061 ,    624         ,
27 ,    885 ,     h ,    3 ,     1 ,     7644 ,    14731 ,    656         ,
27 ,    925 ,     h ,    3 ,     1 ,     8042 ,    15449 ,    707         ,
27 ,    965 ,     h ,    3 ,     1 ,     8512 ,    16238 ,    741         ,
27 ,    1005 ,     h ,    3 ,     1 ,     8759 ,    16807 ,    766         ,
27 ,    1045 ,     h ,    3 ,     1 ,     10123 ,    19532 ,    864         ,
27 ,    1085 ,     h ,    3 ,     1 ,     10494 ,    20265 ,    897         ,
27 ,    1125 ,     h ,    3 ,     1 ,     10945 ,    21075 ,    929         ,
27 ,    1165 ,     h ,    3 ,     1 ,     11380 ,    21870 ,    3038         ,
27 ,    1205 ,     h ,    3 ,     1 ,     11690 ,    22541 ,    1000         ,
27 ,    1245 ,     h ,    3 ,     1 ,     12044 ,    23256 ,    1024         ,
27 ,    1285 ,     h ,    3 ,     1 ,     12620 ,    24189 ,    1179         ,
27 ,    1325 ,     h ,    3 ,     1 ,     12889 ,    24820 ,    1093         ,
27 ,    1365 ,     h ,    3 ,     1 ,     13218 ,    25509 ,    1132         ,
27 ,    1405 ,     h ,    3 ,     1 ,     13559 ,    26212 ,    1472         ,
27 ,    1445 ,     h ,    3 ,     1 ,     14046 ,    27057 ,    1196         ,
27 ,    1485 ,     h ,    3 ,     1 ,     14426 ,    27798 ,    1224         ,
27 ,    1525 ,     h ,    3 ,     1 ,     14858 ,    28591 ,    1537         ,
27 ,    1565 ,     h ,    3 ,     1 ,     15260 ,    29351 ,    1297         ,
27 ,    1605 ,     h ,    3 ,     1 ,     15714 ,    30164 ,    1340         ,
27 ,    1645 ,     h ,    3 ,     1 ,     15918 ,    30730 ,    1506         ,
27 ,    1685 ,     h ,    3 ,     1 ,     16292 ,    31463 ,    1399         ,
27 ,    1725 ,     h ,    3 ,     1 ,     16655 ,    32188 ,    1628         ,
27 ,    1765 ,     h ,    3 ,     1 ,     17122 ,    33014 ,    1561         ,
27 ,    1805 ,     h ,    3 ,     1 ,     17712 ,    33963 ,    1617         ,
27 ,    1845 ,     h ,    3 ,     1 ,     17896 ,    34508 ,    1525         ,
27 ,    1885 ,     h ,    3 ,     1 ,     18297 ,    35270 ,    1577         ,
27 ,    1925 ,     h ,    3 ,     1 ,     18863 ,    36194 ,    15163         ,
27 ,    1965 ,     h ,    3 ,     1 ,     19101 ,    36794 ,    3869         ,
27 ,    2005 ,     h ,    3 ,     1 ,     19476 ,    37529 ,    1654         ,
27 ,    2045 ,     h ,    3 ,     1 ,     19712 ,    38127 ,    1659         ,
27 ,    2085 ,     h ,    3 ,     1 ,     22406 ,    43260 ,    1884         ,
27 ,    2125 ,     h ,    3 ,     1 ,     22807 ,    44062 ,    1922         ,
27 ,    2165 ,     h ,    3 ,     1 ,     23308 ,    44964 ,    1970         ,
27 ,    2205 ,     h ,    3 ,     1 ,     23495 ,    45551 ,    1967         ,
27 ,    2245 ,     h ,    3 ,     1 ,     24268 ,    46723 ,    14747         ,
27 ,    2285 ,     h ,    3 ,     1 ,     24578 ,    47435 ,    2091         ,
27 ,    2325 ,     h ,    3 ,     1 ,     25098 ,    48353 ,    63413         ,
27 ,    2365 ,     h ,    3 ,     1 ,     25234 ,    48891 ,    2109         ,
27 ,    2405 ,     h ,    3 ,     1 ,     25785 ,    49841 ,    2648         ,
27 ,    2445 ,     h ,    3 ,     1 ,     26294 ,    50750 ,    2659         ,
27 ,    2485 ,     h ,    3 ,     1 ,     26714 ,    51571 ,    2369         ,
27 ,    2525 ,     h ,    3 ,     1 ,     27137 ,    52395 ,    2286         ,
27 ,    2565 ,     h ,    3 ,     1 ,     27980 ,    53634 ,    2360         ,
27 ,    2605 ,     h ,    3 ,     1 ,     27999 ,    54055 ,    2349         ,
27 ,    2645 ,     h ,    3 ,     1 ,     28254 ,    54710 ,    2371         ,
27 ,    2685 ,     h ,    3 ,     1 ,     28835 ,    55693 ,    22463         ,
27 ,    2725 ,     h ,    3 ,     1 ,     29327 ,    56583 ,    2571         ,
27 ,    2765 ,     h ,    3 ,     1 ,     29701 ,    57358 ,    2498         ,
27 ,    2805 ,     h ,    3 ,     1 ,     29970 ,    58028 ,    2520         ,
27 ,    2845 ,     h ,    3 ,     1 ,     30473 ,    58930 ,    2560         ,
27 ,    2885 ,     h ,    3 ,     1 ,     31206 ,    60062 ,    2662         ,
27 ,    2925 ,     h ,    3 ,     1 ,     31321 ,    60579 ,    2630         ,
27 ,    2965 ,     h ,    3 ,     1 ,     31852 ,    61509 ,    2677         ,
27 ,    3005 ,     h ,    3 ,     1 ,     32115 ,    62174 ,    2728         ,
27 ,    3045 ,     h ,    3 ,     1 ,     32700 ,    63158 ,    2880         ,
27 ,    3085 ,     h ,    3 ,     1 ,     33745 ,    64600 ,    3120         ,
27 ,    3125 ,     h ,    3 ,     1 ,     33532 ,    64788 ,    2922         ,
27 ,    3165 ,     h ,    3 ,     1 ,     33804 ,    65461 ,    2959         ,
27 ,    3205 ,     h ,    3 ,     1 ,     34665 ,    66720 ,    3180         ,
27 ,    3245 ,     h ,    3 ,     1 ,     34575 ,    67032 ,    2907         ,
27 ,    3285 ,     h ,    3 ,     1 ,     35175 ,    68032 ,    2952         ,
27 ,    3325 ,     h ,    3 ,     1 ,     35477 ,    68736 ,    3065         ,
27 ,    3365 ,     h ,    3 ,     1 ,     36420 ,    70076 ,    3065         ,
27 ,    3405 ,     h ,    3 ,     1 ,     36680 ,    70737 ,    3086         ,
27 ,    3445 ,     h ,    3 ,     1 ,     37109 ,    71567 ,    3212         ,
27 ,    3485 ,     h ,    3 ,     1 ,     37498 ,    72356 ,    3129         ,
27 ,    3525 ,     h ,    3 ,     1 ,     38073 ,    73330 ,    3206         ,
27 ,    3565 ,     h ,    3 ,     1 ,     38030 ,    73689 ,    4849         ,
27 ,    3605 ,     h ,    3 ,     1 ,     38865 ,    74921 ,    3673         ,
27 ,    3645 ,     h ,    3 ,     1 ,     38889 ,    75347 ,    3240         ,
27 ,    3685 ,     h ,    3 ,     1 ,     39690 ,    76547 ,    3328         ,
27 ,    3725 ,     h ,    3 ,     1 ,     40066 ,    77323 ,    3361         ,
27 ,    3765 ,     h ,    3 ,     1 ,     40374 ,    78032 ,    3479         ,
27 ,    3805 ,     h ,    3 ,     1 ,     40625 ,    78684 ,    3385         ,
27 ,    3845 ,     h ,    3 ,     1 ,     41952 ,    80408 ,    5150         ,
27 ,    3885 ,     h ,    3 ,     1 ,     41677 ,    80535 ,    3490         ,
27 ,    3925 ,     h ,    3 ,     1 ,     41940 ,    81198 ,    3604         ,
27 ,    3965 ,     h ,    3 ,     1 ,     42328 ,    81988 ,    3535         ,
27 ,    4005 ,     h ,    3 ,     1 ,     43160 ,    83218 ,    4089         ,
27 ,    4045 ,     h ,    3 ,     1 ,     43466 ,    83925 ,    3752         ,
27 ,    4085 ,     h ,    3 ,     1 ,     43661 ,    84521 ,    3654         ,
27 ,    4125 ,     h ,    3 ,     1 ,     48524 ,    93904 ,    4147         ,
27 ,    4165 ,     h ,    3 ,     1 ,     49123 ,    94942 ,    4104         ,
27 ,    4205 ,     h ,    3 ,     1 ,     49110 ,    95371 ,    4090         ,
27 ,    4245 ,     h ,    3 ,     1 ,     49946 ,    96646 ,    4332         ,
27 ,    4285 ,     h ,    3 ,     1 ,     50241 ,    97383 ,    4187         ,
27 ,    4325 ,     h ,    3 ,     1 ,     50904 ,    98485 ,    5838         ,
27 ,    4365 ,     h ,    3 ,     1 ,     51118 ,    99138 ,    4361         ,
27 ,    4405 ,     h ,    3 ,     1 ,     51563 ,    100024 ,    4301         ,
27 ,    4445 ,     h ,    3 ,     1 ,     52143 ,    101045 ,    6163         ,
27 ,    4485 ,     h ,    3 ,     1 ,     53470 ,    102810 ,    4585         ,
27 ,    4525 ,     h ,    3 ,     1 ,     53145 ,    102927 ,    4426         ,
27 ,    4565 ,     h ,    3 ,     1 ,     53433 ,    103655 ,    4445         ,
27 ,    4605 ,     h ,    3 ,     1 ,     53823 ,    104487 ,    4465         ,
27 ,    4645 ,     h ,    3 ,     1 ,     54595 ,    105695 ,    4674         ,
27 ,    4685 ,     h ,    3 ,     1 ,     55012 ,    106553 ,    4678         ,
27 ,    4725 ,     h ,    3 ,     1 ,     55414 ,    107396 ,    4625         ,
27 ,    4765 ,     h ,    3 ,     1 ,     55774 ,    108196 ,    4647         ,
27 ,    4805 ,     h ,    3 ,     1 ,     56762 ,    109623 ,    6791         ,
27 ,    4845 ,     h ,    3 ,     1 ,     56725 ,    110028 ,    6455         ,
27 ,    4885 ,     h ,    3 ,     1 ,     57685 ,    111426 ,    4929         ,
27 ,    4925 ,     h ,    3 ,     1 ,     57440 ,    111623 ,    4877         ,
27 ,    4965 ,     h ,    3 ,     1 ,     58550 ,    113172 ,    5011         ,
27 ,    5 ,     h ,    4 ,     1 ,     9 ,    16 ,    3         ,
27 ,    45 ,     h ,    4 ,     1 ,     231 ,    415 ,    28         ,
27 ,    85 ,     h ,    4 ,     1 ,     573 ,    1002 ,    62         ,
27 ,    125 ,     h ,    4 ,     1 ,     822 ,    1453 ,    90         ,
27 ,    165 ,     h ,    4 ,     1 ,     1353 ,    2347 ,    145         ,
27 ,    205 ,     h ,    4 ,     1 ,     1564 ,    2799 ,    158         ,
27 ,    245 ,     h ,    4 ,     1 ,     1846 ,    3322 ,    183         ,
27 ,    285 ,     h ,    4 ,     1 ,     2459 ,    4459 ,    240         ,
27 ,    325 ,     h ,    4 ,     1 ,     2910 ,    5189 ,    282         ,
27 ,    365 ,     h ,    4 ,     1 ,     3195 ,    5756 ,    317         ,
27 ,    405 ,     h ,    4 ,     1 ,     3455 ,    6295 ,    331         ,
27 ,    445 ,     h ,    4 ,     1 ,     3784 ,    6906 ,    452         ,
27 ,    485 ,     h ,    4 ,     1 ,     4357 ,    7758 ,    428         ,
27 ,    525 ,     h ,    4 ,     1 ,     5110 ,    9314 ,    487         ,
27 ,    565 ,     h ,    4 ,     1 ,     5491 ,    10016 ,    520         ,
27 ,    605 ,     h ,    4 ,     1 ,     5821 ,    10667 ,    552         ,
27 ,    645 ,     h ,    4 ,     1 ,     6616 ,    11780 ,    631         ,
27 ,    685 ,     h ,    4 ,     1 ,     6635 ,    12121 ,    636         ,
27 ,    725 ,     h ,    4 ,     1 ,     7050 ,    12856 ,    681         ,
27 ,    765 ,     h ,    4 ,     1 ,     7309 ,    13437 ,    689         ,
27 ,    805 ,     h ,    4 ,     1 ,     7886 ,    14331 ,    762         ,
27 ,    845 ,     h ,    4 ,     1 ,     8162 ,    14928 ,    774         ,
27 ,    885 ,     h ,    4 ,     1 ,     8628 ,    15715 ,    824         ,
27 ,    925 ,     h ,    4 ,     1 ,     8886 ,    16293 ,    836         ,
27 ,    965 ,     h ,    4 ,     1 ,     9590 ,    17316 ,    917         ,
27 ,    1005 ,     h ,    4 ,     1 ,     9790 ,    17838 ,    926         ,
27 ,    1045 ,     h ,    4 ,     1 ,     11344 ,    20753 ,    1066         ,
27 ,    1085 ,     h ,    4 ,     1 ,     11483 ,    21254 ,    1058         ,
27 ,    1125 ,     h ,    4 ,     1 ,     12107 ,    22237 ,    1127         ,
27 ,    1165 ,     h ,    4 ,     1 ,     12807 ,    23297 ,    1219         ,
27 ,    1205 ,     h ,    4 ,     1 ,     13014 ,    23865 ,    1224         ,
27 ,    1245 ,     h ,    4 ,     1 ,     13328 ,    24540 ,    1242         ,
27 ,    1285 ,     h ,    4 ,     1 ,     14947 ,    26516 ,    1417         ,
27 ,    1325 ,     h ,    4 ,     1 ,     14022 ,    25953 ,    1293         ,
27 ,    1365 ,     h ,    4 ,     1 ,     14807 ,    27098 ,    2971         ,
27 ,    1405 ,     h ,    4 ,     1 ,     14975 ,    27628 ,    1394         ,
27 ,    1445 ,     h ,    4 ,     1 ,     16163 ,    29174 ,    1537         ,
27 ,    1485 ,     h ,    4 ,     1 ,     16027 ,    29399 ,    1501         ,
27 ,    1525 ,     h ,    4 ,     1 ,     16424 ,    30157 ,    1532         ,
27 ,    1565 ,     h ,    4 ,     1 ,     17134 ,    31225 ,    1609         ,
27 ,    1605 ,     h ,    4 ,     1 ,     17736 ,    32186 ,    1676         ,
27 ,    1645 ,     h ,    4 ,     1 ,     17702 ,    32514 ,    1751         ,
27 ,    1685 ,     h ,    4 ,     1 ,     18517 ,    33688 ,    1749         ,
27 ,    1725 ,     h ,    4 ,     1 ,     18773 ,    34306 ,    1748         ,
27 ,    1765 ,     h ,    4 ,     1 ,     19627 ,    35519 ,    1850         ,
27 ,    1805 ,     h ,    4 ,     1 ,     20012 ,    36263 ,    3573         ,
27 ,    1845 ,     h ,    4 ,     1 ,     19824 ,    36436 ,    2065         ,
27 ,    1885 ,     h ,    4 ,     1 ,     20310 ,    37283 ,    1900         ,
27 ,    1925 ,     h ,    4 ,     1 ,     21618 ,    38949 ,    2029         ,
27 ,    1965 ,     h ,    4 ,     1 ,     21051 ,    38744 ,    1957         ,
27 ,    2005 ,     h ,    4 ,     1 ,     21594 ,    39647 ,    2010         ,
27 ,    2045 ,     h ,    4 ,     1 ,     21801 ,    40216 ,    2008         ,
27 ,    2085 ,     h ,    4 ,     1 ,     25069 ,    45923 ,    2429         ,
27 ,    2125 ,     h ,    4 ,     1 ,     25035 ,    46290 ,    2403         ,
27 ,    2165 ,     h ,    4 ,     1 ,     25642 ,    47298 ,    4079         ,
27 ,    2205 ,     h ,    4 ,     1 ,     25807 ,    47863 ,    2455         ,
27 ,    2245 ,     h ,    4 ,     1 ,     26763 ,    49218 ,    2581         ,
27 ,    2285 ,     h ,    4 ,     1 ,     27034 ,    49891 ,    3819         ,
27 ,    2325 ,     h ,    4 ,     1 ,     27859 ,    51114 ,    4167         ,
27 ,    2365 ,     h ,    4 ,     1 ,     28190 ,    51847 ,    2590         ,
27 ,    2405 ,     h ,    4 ,     1 ,     28648 ,    52704 ,    2670         ,
27 ,    2445 ,     h ,    4 ,     1 ,     29370 ,    53826 ,    2719         ,
27 ,    2485 ,     h ,    4 ,     1 ,     29415 ,    54272 ,    4225         ,
27 ,    2525 ,     h ,    4 ,     1 ,     29482 ,    54740 ,    2687         ,
27 ,    2565 ,     h ,    4 ,     1 ,     31707 ,    57361 ,    2961         ,
27 ,    2605 ,     h ,    4 ,     1 ,     30960 ,    57016 ,    2856         ,
27 ,    2645 ,     h ,    4 ,     1 ,     31434 ,    57890 ,    2896         ,
27 ,    2685 ,     h ,    4 ,     1 ,     31269 ,    58127 ,    2944         ,
27 ,    2725 ,     h ,    4 ,     1 ,     32618 ,    59874 ,    3125         ,
27 ,    2765 ,     h ,    4 ,     1 ,     32772 ,    60429 ,    3124         ,
27 ,    2805 ,     h ,    4 ,     1 ,     32877 ,    60935 ,    3011         ,
27 ,    2845 ,     h ,    4 ,     1 ,     33421 ,    61878 ,    3061         ,
27 ,    2885 ,     h ,    4 ,     1 ,     34580 ,    63436 ,    3187         ,
27 ,    2925 ,     h ,    4 ,     1 ,     34057 ,    63315 ,    4679         ,
27 ,    2965 ,     h ,    4 ,     1 ,     35441 ,    65098 ,    3274         ,
27 ,    3005 ,     h ,    4 ,     1 ,     35409 ,    65468 ,    3233         ,
27 ,    3045 ,     h ,    4 ,     1 ,     36701 ,    67159 ,    3407         ,
27 ,    3085 ,     h ,    4 ,     1 ,     37582 ,    68437 ,    3560         ,
27 ,    3125 ,     h ,    4 ,     1 ,     37157 ,    68413 ,    3438         ,
27 ,    3165 ,     h ,    4 ,     1 ,     37482 ,    69139 ,    3435         ,
27 ,    3205 ,     h ,    4 ,     1 ,     39435 ,    71490 ,    3772         ,
27 ,    3245 ,     h ,    4 ,     1 ,     38297 ,    70754 ,    3531         ,
27 ,    3285 ,     h ,    4 ,     1 ,     38505 ,    71362 ,    3532         ,
27 ,    3325 ,     h ,    4 ,     1 ,     38743 ,    72002 ,    3839         ,
27 ,    3365 ,     h ,    4 ,     1 ,     40342 ,    73998 ,    3730         ,
27 ,    3405 ,     h ,    4 ,     1 ,     40386 ,    74443 ,    3737         ,
27 ,    3445 ,     h ,    4 ,     1 ,     40477 ,    74935 ,    3710         ,
27 ,    3485 ,     h ,    4 ,     1 ,     41434 ,    76292 ,    3826         ,
27 ,    3525 ,     h ,    4 ,     1 ,     42155 ,    77412 ,    5575         ,
27 ,    3565 ,     h ,    4 ,     1 ,     42007 ,    77666 ,    3869         ,
27 ,    3605 ,     h ,    4 ,     1 ,     43411 ,    79467 ,    39118         ,
27 ,    3645 ,     h ,    4 ,     1 ,     42831 ,    79289 ,    4049         ,
27 ,    3685 ,     h ,    4 ,     1 ,     44268 ,    81125 ,    4095         ,
27 ,    3725 ,     h ,    4 ,     1 ,     44032 ,    81289 ,    4034         ,
27 ,    3765 ,     h ,    4 ,     1 ,     44215 ,    81873 ,    4167         ,
27 ,    3805 ,     h ,    4 ,     1 ,     44859 ,    82918 ,    4468         ,
27 ,    3845 ,     h ,    4 ,     1 ,     48237 ,    86693 ,    4480         ,
27 ,    3885 ,     h ,    4 ,     1 ,     46260 ,    85118 ,    4268         ,
27 ,    3925 ,     h ,    4 ,     1 ,     47217 ,    86475 ,    4493         ,
27 ,    3965 ,     h ,    4 ,     1 ,     46420 ,    86080 ,    4244         ,
27 ,    4005 ,     h ,    4 ,     1 ,     47894 ,    87952 ,    4427         ,
27 ,    4045 ,     h ,    4 ,     1 ,     48181 ,    88640 ,    4544         ,
27 ,    4085 ,     h ,    4 ,     1 ,     47964 ,    88824 ,    7705         ,
27 ,    4125 ,     h ,    4 ,     1 ,     52752 ,    98132 ,    4879         ,
27 ,    4165 ,     h ,    4 ,     1 ,     54612 ,    100431 ,    6574         ,
27 ,    4205 ,     h ,    4 ,     1 ,     53855 ,    100116 ,    4980         ,
27 ,    4245 ,     h ,    4 ,     1 ,     54914 ,    101614 ,    5026         ,
27 ,    4285 ,     h ,    4 ,     1 ,     54363 ,    101505 ,    4901         ,
27 ,    4325 ,     h ,    4 ,     1 ,     56266 ,    103847 ,    5252         ,
27 ,    4365 ,     h ,    4 ,     1 ,     57137 ,    105157 ,    5307         ,
27 ,    4405 ,     h ,    4 ,     1 ,     56706 ,    105167 ,    5345         ,
27 ,    4445 ,     h ,    4 ,     1 ,     57172 ,    106074 ,    5993         ,
27 ,    4485 ,     h ,    4 ,     1 ,     60120 ,    109460 ,    5837         ,
27 ,    4525 ,     h ,    4 ,     1 ,     57679 ,    107461 ,    6924         ,
27 ,    4565 ,     h ,    4 ,     1 ,     59093 ,    109315 ,    5495         ,
27 ,    4605 ,     h ,    4 ,     1 ,     58640 ,    109304 ,    5319         ,
27 ,    4645 ,     h ,    4 ,     1 ,     61413 ,    112513 ,    5661         ,
27 ,    4685 ,     h ,    4 ,     1 ,     60384 ,    111925 ,    5516         ,
27 ,    4725 ,     h ,    4 ,     1 ,     60788 ,    112770 ,    5548         ,
27 ,    4765 ,     h ,    4 ,     1 ,     60888 ,    113310 ,    5641         ,
27 ,    4805 ,     h ,    4 ,     1 ,     62769 ,    115630 ,    5758         ,
27 ,    4845 ,     h ,    4 ,     1 ,     61934 ,    115237 ,    5749         ,
27 ,    4885 ,     h ,    4 ,     1 ,     63808 ,    117549 ,    5938         ,
27 ,    4925 ,     h ,    4 ,     1 ,     63091 ,    117274 ,    5842         ,
27 ,    4965 ,     h ,    4 ,     1 ,     64467 ,    119089 ,    6005         ,


