SEED ,  SIZE ,  ALG ,  TYPE ,  CALLS ,  CMP ,     MOVE ,    TIME              ,
27 ,    5 ,     i ,    0 ,     1 ,     11 ,    15 ,    5         ,
27 ,    45 ,     i ,    0 ,     1 ,     520 ,    564 ,    35         ,
27 ,    85 ,     i ,    0 ,     1 ,     1913 ,    1997 ,    8358         ,
27 ,    125 ,     i ,    0 ,     1 ,     3952 ,    4076 ,    218         ,
27 ,    165 ,     i ,    0 ,     1 ,     6938 ,    7102 ,    374         ,
27 ,    205 ,     i ,    0 ,     1 ,     10709 ,    10913 ,    684         ,
27 ,    245 ,     i ,    0 ,     1 ,     15547 ,    15791 ,    821         ,
27 ,    285 ,     i ,    0 ,     1 ,     20253 ,    20537 ,    1069         ,
27 ,    325 ,     i ,    0 ,     1 ,     27447 ,    27771 ,    1434         ,
27 ,    365 ,     i ,    0 ,     1 ,     34906 ,    35270 ,    3743         ,
27 ,    405 ,     i ,    0 ,     1 ,     43483 ,    43887 ,    10805         ,
27 ,    445 ,     i ,    0 ,     1 ,     52112 ,    52556 ,    4451         ,
27 ,    485 ,     i ,    0 ,     1 ,     62568 ,    63052 ,    3244         ,
27 ,    525 ,     i ,    0 ,     1 ,     71588 ,    72112 ,    3707         ,
27 ,    565 ,     i ,    0 ,     1 ,     80602 ,    81166 ,    10540         ,
27 ,    605 ,     i ,    0 ,     1 ,     93671 ,    94275 ,    13207         ,
27 ,    645 ,     i ,    0 ,     1 ,     105874 ,    106518 ,    5464         ,
27 ,    685 ,     i ,    0 ,     1 ,     119009 ,    119693 ,    6235         ,
27 ,    725 ,     i ,    0 ,     1 ,     133268 ,    133992 ,    6956         ,
27 ,    765 ,     i ,    0 ,     1 ,     147817 ,    148581 ,    7697         ,
27 ,    805 ,     i ,    0 ,     1 ,     165016 ,    165820 ,    11094         ,
27 ,    845 ,     i ,    0 ,     1 ,     183655 ,    184499 ,    9530         ,
27 ,    885 ,     i ,    0 ,     1 ,     201034 ,    201918 ,    10634         ,
27 ,    925 ,     i ,    0 ,     1 ,     217185 ,    218109 ,    11240         ,
27 ,    965 ,     i ,    0 ,     1 ,     240046 ,    241010 ,    12735         ,
27 ,    1005 ,     i ,    0 ,     1 ,     260632 ,    261636 ,    14176         ,
27 ,    1045 ,     i ,    0 ,     1 ,     279820 ,    280864 ,    15266         ,
27 ,    1085 ,     i ,    0 ,     1 ,     296563 ,    297647 ,    17072         ,
27 ,    1125 ,     i ,    0 ,     1 ,     317535 ,    318659 ,    16405         ,
27 ,    1165 ,     i ,    0 ,     1 ,     338945 ,    340109 ,    19615         ,
27 ,    1205 ,     i ,    0 ,     1 ,     363211 ,    364415 ,    20885         ,
27 ,    1245 ,     i ,    0 ,     1 ,     389785 ,    391029 ,    20325         ,
27 ,    1285 ,     i ,    0 ,     1 ,     414698 ,    415982 ,    22599         ,
27 ,    1325 ,     i ,    0 ,     1 ,     442726 ,    444050 ,    25878         ,
27 ,    1365 ,     i ,    0 ,     1 ,     472451 ,    473815 ,    24393         ,
27 ,    1405 ,     i ,    0 ,     1 ,     496413 ,    497817 ,    25708         ,
27 ,    1445 ,     i ,    0 ,     1 ,     521145 ,    522589 ,    27407         ,
27 ,    1485 ,     i ,    0 ,     1 ,     551274 ,    552758 ,    28820         ,
27 ,    1525 ,     i ,    0 ,     1 ,     579979 ,    581503 ,    30067         ,
27 ,    1565 ,     i ,    0 ,     1 ,     616169 ,    617733 ,    51621         ,
27 ,    1605 ,     i ,    0 ,     1 ,     647801 ,    649405 ,    48822         ,
27 ,    1645 ,     i ,    0 ,     1 ,     684115 ,    685759 ,    37175         ,
27 ,    1685 ,     i ,    0 ,     1 ,     716426 ,    718110 ,    36941         ,
27 ,    1725 ,     i ,    0 ,     1 ,     748980 ,    750704 ,    41808         ,
27 ,    1765 ,     i ,    0 ,     1 ,     782805 ,    784569 ,    44172         ,
27 ,    1805 ,     i ,    0 ,     1 ,     817979 ,    819783 ,    140841         ,
27 ,    1845 ,     i ,    0 ,     1 ,     856481 ,    858325 ,    67451         ,
27 ,    1885 ,     i ,    0 ,     1 ,     897837 ,    899721 ,    148083         ,
27 ,    1925 ,     i ,    0 ,     1 ,     935716 ,    937640 ,    52353         ,
27 ,    1965 ,     i ,    0 ,     1 ,     972811 ,    974775 ,    118222         ,
27 ,    2005 ,     i ,    0 ,     1 ,     1014443 ,    1016447 ,    53541         ,
27 ,    2045 ,     i ,    0 ,     1 ,     1059456 ,    1061500 ,    65207         ,
27 ,    2085 ,     i ,    0 ,     1 ,     1095829 ,    1097913 ,    63163         ,
27 ,    2125 ,     i ,    0 ,     1 ,     1132995 ,    1135119 ,    63065         ,
27 ,    2165 ,     i ,    0 ,     1 ,     1172639 ,    1174803 ,    82351         ,
27 ,    2205 ,     i ,    0 ,     1 ,     1214886 ,    1217090 ,    67923         ,
27 ,    2245 ,     i ,    0 ,     1 ,     1252463 ,    1254707 ,    66421         ,
27 ,    2285 ,     i ,    0 ,     1 ,     1292827 ,    1295111 ,    71135         ,
27 ,    2325 ,     i ,    0 ,     1 ,     1338434 ,    1340758 ,    88195         ,
27 ,    2365 ,     i ,    0 ,     1 ,     1384315 ,    1386679 ,    71254         ,
27 ,    2405 ,     i ,    0 ,     1 ,     1434656 ,    1437060 ,    78180         ,
27 ,    2445 ,     i ,    0 ,     1 ,     1482910 ,    1485354 ,    80746         ,
27 ,    2485 ,     i ,    0 ,     1 ,     1535798 ,    1538282 ,    83241         ,
27 ,    2525 ,     i ,    0 ,     1 ,     1589623 ,    1592147 ,    87195         ,
27 ,    2565 ,     i ,    0 ,     1 ,     1641176 ,    1643740 ,    114122         ,
27 ,    2605 ,     i ,    0 ,     1 ,     1693439 ,    1696043 ,    88861         ,
27 ,    2645 ,     i ,    0 ,     1 ,     1747983 ,    1750627 ,    93294         ,
27 ,    2685 ,     i ,    0 ,     1 ,     1799144 ,    1801828 ,    95343         ,
27 ,    2725 ,     i ,    0 ,     1 ,     1852344 ,    1855068 ,    97305         ,
27 ,    2765 ,     i ,    0 ,     1 ,     1901627 ,    1904391 ,    98119         ,
27 ,    2805 ,     i ,    0 ,     1 ,     1951753 ,    1954557 ,    100338         ,
27 ,    2845 ,     i ,    0 ,     1 ,     2010060 ,    2012904 ,    135181         ,
27 ,    2885 ,     i ,    0 ,     1 ,     2064463 ,    2067347 ,    129581         ,
27 ,    2925 ,     i ,    0 ,     1 ,     2124426 ,    2127350 ,    114629         ,
27 ,    2965 ,     i ,    0 ,     1 ,     2191397 ,    2194361 ,    118422         ,
27 ,    3005 ,     i ,    0 ,     1 ,     2253090 ,    2256094 ,    119172         ,
27 ,    3045 ,     i ,    0 ,     1 ,     2301722 ,    2304766 ,    118662         ,
27 ,    3085 ,     i ,    0 ,     1 ,     2354455 ,    2357539 ,    121302         ,
27 ,    3125 ,     i ,    0 ,     1 ,     2410655 ,    2413779 ,    124160         ,
27 ,    3165 ,     i ,    0 ,     1 ,     2474771 ,    2477935 ,    127407         ,
27 ,    3205 ,     i ,    0 ,     1 ,     2541813 ,    2545017 ,    158457         ,
27 ,    3245 ,     i ,    0 ,     1 ,     2604137 ,    2607381 ,    135066         ,
27 ,    3285 ,     i ,    0 ,     1 ,     2669651 ,    2672935 ,    139646         ,
27 ,    3325 ,     i ,    0 ,     1 ,     2722616 ,    2725940 ,    140085         ,
27 ,    3365 ,     i ,    0 ,     1 ,     2783570 ,    2786934 ,    145758         ,
27 ,    3405 ,     i ,    0 ,     1 ,     2846675 ,    2850079 ,    148690         ,
27 ,    3445 ,     i ,    0 ,     1 ,     2912944 ,    2916388 ,    154355         ,
27 ,    3485 ,     i ,    0 ,     1 ,     2981773 ,    2985257 ,    161319         ,
27 ,    3525 ,     i ,    0 ,     1 ,     3048084 ,    3051608 ,    177968         ,
27 ,    3565 ,     i ,    0 ,     1 ,     3112860 ,    3116424 ,    171502         ,
27 ,    3605 ,     i ,    0 ,     1 ,     3193692 ,    3197296 ,    174693         ,
27 ,    3645 ,     i ,    0 ,     1 ,     3274373 ,    3278017 ,    171388         ,
27 ,    3685 ,     i ,    0 ,     1 ,     3350263 ,    3353947 ,    186567         ,
27 ,    3725 ,     i ,    0 ,     1 ,     3422811 ,    3426535 ,    225221         ,
27 ,    3765 ,     i ,    0 ,     1 ,     3494983 ,    3498747 ,    184207         ,
27 ,    3805 ,     i ,    0 ,     1 ,     3564385 ,    3568189 ,    205332         ,
27 ,    3845 ,     i ,    0 ,     1 ,     3627429 ,    3631273 ,    225104         ,
27 ,    3885 ,     i ,    0 ,     1 ,     3696063 ,    3699947 ,    201222         ,
27 ,    3925 ,     i ,    0 ,     1 ,     3773686 ,    3777610 ,    195669         ,
27 ,    3965 ,     i ,    0 ,     1 ,     3862732 ,    3866696 ,    198742         ,
27 ,    4005 ,     i ,    0 ,     1 ,     3930605 ,    3934609 ,    202712         ,
27 ,    4045 ,     i ,    0 ,     1 ,     4018546 ,    4022590 ,    206744         ,
27 ,    4085 ,     i ,    0 ,     1 ,     4102957 ,    4107041 ,    211140         ,
27 ,    4125 ,     i ,    0 ,     1 ,     4196545 ,    4200669 ,    215857         ,
27 ,    4165 ,     i ,    0 ,     1 ,     4307069 ,    4311233 ,    221583         ,
27 ,    4205 ,     i ,    0 ,     1 ,     4390575 ,    4394779 ,    225729         ,
27 ,    4245 ,     i ,    0 ,     1 ,     4463358 ,    4467602 ,    229438         ,
27 ,    4285 ,     i ,    0 ,     1 ,     4562019 ,    4566303 ,    235553         ,
27 ,    4325 ,     i ,    0 ,     1 ,     4642296 ,    4646620 ,    239009         ,
27 ,    4365 ,     i ,    0 ,     1 ,     4741780 ,    4746144 ,    243930         ,
27 ,    4405 ,     i ,    0 ,     1 ,     4831307 ,    4835711 ,    264041         ,
27 ,    4445 ,     i ,    0 ,     1 ,     4923702 ,    4928146 ,    273665         ,
27 ,    4485 ,     i ,    0 ,     1 ,     5000812 ,    5005296 ,    324777         ,
27 ,    4525 ,     i ,    0 ,     1 ,     5096850 ,    5101374 ,    389548         ,
27 ,    4565 ,     i ,    0 ,     1 ,     5184342 ,    5188906 ,    456357         ,
27 ,    4605 ,     i ,    0 ,     1 ,     5282819 ,    5287423 ,    975853         ,
27 ,    4645 ,     i ,    0 ,     1 ,     5374909 ,    5379553 ,    885728         ,
27 ,    4685 ,     i ,    0 ,     1 ,     5458643 ,    5463327 ,    310002         ,
27 ,    4725 ,     i ,    0 ,     1 ,     5558476 ,    5563200 ,    379039         ,
27 ,    4765 ,     i ,    0 ,     1 ,     5654717 ,    5659481 ,    375069         ,
27 ,    4805 ,     i ,    0 ,     1 ,     5756878 ,    5761682 ,    404016         ,
27 ,    4845 ,     i ,    0 ,     1 ,     5843853 ,    5848697 ,    437243         ,
27 ,    4885 ,     i ,    0 ,     1 ,     5947287 ,    5952171 ,    348537         ,
27 ,    4925 ,     i ,    0 ,     1 ,     6053858 ,    6058782 ,    444542         ,
27 ,    4965 ,     i ,    0 ,     1 ,     6144812 ,    6149776 ,    421391         ,
27 ,    5 ,     i ,    1 ,     1 ,     4 ,    8 ,    2         ,
27 ,    45 ,     i ,    1 ,     1 ,     44 ,    88 ,    4         ,
27 ,    85 ,     i ,    1 ,     1 ,     84 ,    168 ,    7         ,
27 ,    125 ,     i ,    1 ,     1 ,     124 ,    248 ,    10         ,
27 ,    165 ,     i ,    1 ,     1 ,     164 ,    328 ,    14         ,
27 ,    205 ,     i ,    1 ,     1 ,     204 ,    408 ,    16         ,
27 ,    245 ,     i ,    1 ,     1 ,     244 ,    488 ,    20         ,
27 ,    285 ,     i ,    1 ,     1 ,     284 ,    568 ,    24         ,
27 ,    325 ,     i ,    1 ,     1 ,     324 ,    648 ,    26         ,
27 ,    365 ,     i ,    1 ,     1 ,     364 ,    728 ,    31         ,
27 ,    405 ,     i ,    1 ,     1 ,     404 ,    808 ,    33         ,
27 ,    445 ,     i ,    1 ,     1 ,     444 ,    888 ,    35         ,
27 ,    485 ,     i ,    1 ,     1 ,     484 ,    968 ,    40         ,
27 ,    525 ,     i ,    1 ,     1 ,     524 ,    1048 ,    44         ,
27 ,    565 ,     i ,    1 ,     1 ,     564 ,    1128 ,    46         ,
27 ,    605 ,     i ,    1 ,     1 ,     604 ,    1208 ,    49         ,
27 ,    645 ,     i ,    1 ,     1 ,     644 ,    1288 ,    52         ,
27 ,    685 ,     i ,    1 ,     1 ,     684 ,    1368 ,    55         ,
27 ,    725 ,     i ,    1 ,     1 ,     724 ,    1448 ,    61         ,
27 ,    765 ,     i ,    1 ,     1 ,     764 ,    1528 ,    61         ,
27 ,    805 ,     i ,    1 ,     1 ,     804 ,    1608 ,    64         ,
27 ,    845 ,     i ,    1 ,     1 ,     844 ,    1688 ,    69         ,
27 ,    885 ,     i ,    1 ,     1 ,     884 ,    1768 ,    264         ,
27 ,    925 ,     i ,    1 ,     1 ,     924 ,    1848 ,    74         ,
27 ,    965 ,     i ,    1 ,     1 ,     964 ,    1928 ,    78         ,
27 ,    1005 ,     i ,    1 ,     1 ,     1004 ,    2008 ,    81         ,
27 ,    1045 ,     i ,    1 ,     1 ,     1044 ,    2088 ,    84         ,
27 ,    1085 ,     i ,    1 ,     1 ,     1084 ,    2168 ,    88         ,
27 ,    1125 ,     i ,    1 ,     1 ,     1124 ,    2248 ,    90         ,
27 ,    1165 ,     i ,    1 ,     1 ,     1164 ,    2328 ,    93         ,
27 ,    1205 ,     i ,    1 ,     1 ,     1204 ,    2408 ,    95         ,
27 ,    1245 ,     i ,    1 ,     1 ,     1244 ,    2488 ,    100         ,
27 ,    1285 ,     i ,    1 ,     1 ,     1284 ,    2568 ,    100         ,
27 ,    1325 ,     i ,    1 ,     1 ,     1324 ,    2648 ,    105         ,
27 ,    1365 ,     i ,    1 ,     1 ,     1364 ,    2728 ,    271         ,
27 ,    1405 ,     i ,    1 ,     1 ,     1404 ,    2808 ,    110         ,
27 ,    1445 ,     i ,    1 ,     1 ,     1444 ,    2888 ,    111         ,
27 ,    1485 ,     i ,    1 ,     1 ,     1484 ,    2968 ,    118         ,
27 ,    1525 ,     i ,    1 ,     1 ,     1524 ,    3048 ,    119         ,
27 ,    1565 ,     i ,    1 ,     1 ,     1564 ,    3128 ,    122         ,
27 ,    1605 ,     i ,    1 ,     1 ,     1604 ,    3208 ,    127         ,
27 ,    1645 ,     i ,    1 ,     1 ,     1644 ,    3288 ,    127         ,
27 ,    1685 ,     i ,    1 ,     1 ,     1684 ,    3368 ,    132         ,
27 ,    1725 ,     i ,    1 ,     1 ,     1724 ,    3448 ,    137         ,
27 ,    1765 ,     i ,    1 ,     1 ,     1764 ,    3528 ,    278         ,
27 ,    1805 ,     i ,    1 ,     1 ,     1804 ,    3608 ,    144         ,
27 ,    1845 ,     i ,    1 ,     1 ,     1844 ,    3688 ,    149         ,
27 ,    1885 ,     i ,    1 ,     1 ,     1884 ,    3768 ,    153         ,
27 ,    1925 ,     i ,    1 ,     1 ,     1924 ,    3848 ,    156         ,
27 ,    1965 ,     i ,    1 ,     1 ,     1964 ,    3928 ,    157         ,
27 ,    2005 ,     i ,    1 ,     1 ,     2004 ,    4008 ,    162         ,
27 ,    2045 ,     i ,    1 ,     1 ,     2044 ,    4088 ,    163         ,
27 ,    2085 ,     i ,    1 ,     1 ,     2084 ,    4168 ,    306         ,
27 ,    2125 ,     i ,    1 ,     1 ,     2124 ,    4248 ,    168         ,
27 ,    2165 ,     i ,    1 ,     1 ,     2164 ,    4328 ,    168         ,
27 ,    2205 ,     i ,    1 ,     1 ,     2204 ,    4408 ,    173         ,
27 ,    2245 ,     i ,    1 ,     1 ,     2244 ,    4488 ,    176         ,
27 ,    2285 ,     i ,    1 ,     1 ,     2284 ,    4568 ,    178         ,
27 ,    2325 ,     i ,    1 ,     1 ,     2324 ,    4648 ,    182         ,
27 ,    2365 ,     i ,    1 ,     1 ,     2364 ,    4728 ,    183         ,
27 ,    2405 ,     i ,    1 ,     1 ,     2404 ,    4808 ,    188         ,
27 ,    2445 ,     i ,    1 ,     1 ,     2444 ,    4888 ,    188         ,
27 ,    2485 ,     i ,    1 ,     1 ,     2484 ,    4968 ,    195         ,
27 ,    2525 ,     i ,    1 ,     1 ,     2524 ,    5048 ,    197         ,
27 ,    2565 ,     i ,    1 ,     1 ,     2564 ,    5128 ,    206         ,
27 ,    2605 ,     i ,    1 ,     1 ,     2604 ,    5208 ,    204         ,
27 ,    2645 ,     i ,    1 ,     1 ,     2644 ,    5288 ,    206         ,
27 ,    2685 ,     i ,    1 ,     1 ,     2684 ,    5368 ,    211         ,
27 ,    2725 ,     i ,    1 ,     1 ,     2724 ,    5448 ,    214         ,
27 ,    2765 ,     i ,    1 ,     1 ,     2764 ,    5528 ,    219         ,
27 ,    2805 ,     i ,    1 ,     1 ,     2804 ,    5608 ,    218         ,
27 ,    2845 ,     i ,    1 ,     1 ,     2844 ,    5688 ,    224         ,
27 ,    2885 ,     i ,    1 ,     1 ,     2884 ,    5768 ,    226         ,
27 ,    2925 ,     i ,    1 ,     1 ,     2924 ,    5848 ,    228         ,
27 ,    2965 ,     i ,    1 ,     1 ,     2964 ,    5928 ,    233         ,
27 ,    3005 ,     i ,    1 ,     1 ,     3004 ,    6008 ,    234         ,
27 ,    3045 ,     i ,    1 ,     1 ,     3044 ,    6088 ,    238         ,
27 ,    3085 ,     i ,    1 ,     1 ,     3084 ,    6168 ,    242         ,
27 ,    3125 ,     i ,    1 ,     1 ,     3124 ,    6248 ,    242         ,
27 ,    3165 ,     i ,    1 ,     1 ,     3164 ,    6328 ,    248         ,
27 ,    3205 ,     i ,    1 ,     1 ,     3204 ,    6408 ,    253         ,
27 ,    3245 ,     i ,    1 ,     1 ,     3244 ,    6488 ,    252         ,
27 ,    3285 ,     i ,    1 ,     1 ,     3284 ,    6568 ,    259         ,
27 ,    3325 ,     i ,    1 ,     1 ,     3324 ,    6648 ,    263         ,
27 ,    3365 ,     i ,    1 ,     1 ,     3364 ,    6728 ,    261         ,
27 ,    3405 ,     i ,    1 ,     1 ,     3404 ,    6808 ,    268         ,
27 ,    3445 ,     i ,    1 ,     1 ,     3444 ,    6888 ,    271         ,
27 ,    3485 ,     i ,    1 ,     1 ,     3484 ,    6968 ,    275         ,
27 ,    3525 ,     i ,    1 ,     1 ,     3524 ,    7048 ,    276         ,
27 ,    3565 ,     i ,    1 ,     1 ,     3564 ,    7128 ,    282         ,
27 ,    3605 ,     i ,    1 ,     1 ,     3604 ,    7208 ,    285         ,
27 ,    3645 ,     i ,    1 ,     1 ,     3644 ,    7288 ,    284         ,
27 ,    3685 ,     i ,    1 ,     1 ,     3684 ,    7368 ,    288         ,
27 ,    3725 ,     i ,    1 ,     1 ,     3724 ,    7448 ,    289         ,
27 ,    3765 ,     i ,    1 ,     1 ,     3764 ,    7528 ,    293         ,
27 ,    3805 ,     i ,    1 ,     1 ,     3804 ,    7608 ,    297         ,
27 ,    3845 ,     i ,    1 ,     1 ,     3844 ,    7688 ,    300         ,
27 ,    3885 ,     i ,    1 ,     1 ,     3884 ,    7768 ,    307         ,
27 ,    3925 ,     i ,    1 ,     1 ,     3924 ,    7848 ,    305         ,
27 ,    3965 ,     i ,    1 ,     1 ,     3964 ,    7928 ,    312         ,
27 ,    4005 ,     i ,    1 ,     1 ,     4004 ,    8008 ,    314         ,
27 ,    4045 ,     i ,    1 ,     1 ,     4044 ,    8088 ,    317         ,
27 ,    4085 ,     i ,    1 ,     1 ,     4084 ,    8168 ,    320         ,
27 ,    4125 ,     i ,    1 ,     1 ,     4124 ,    8248 ,    322         ,
27 ,    4165 ,     i ,    1 ,     1 ,     4164 ,    8328 ,    325         ,
27 ,    4205 ,     i ,    1 ,     1 ,     4204 ,    8408 ,    327         ,
27 ,    4245 ,     i ,    1 ,     1 ,     4244 ,    8488 ,    330         ,
27 ,    4285 ,     i ,    1 ,     1 ,     4284 ,    8568 ,    336         ,
27 ,    4325 ,     i ,    1 ,     1 ,     4324 ,    8648 ,    334         ,
27 ,    4365 ,     i ,    1 ,     1 ,     4364 ,    8728 ,    347         ,
27 ,    4405 ,     i ,    1 ,     1 ,     4404 ,    8808 ,    343         ,
27 ,    4445 ,     i ,    1 ,     1 ,     4444 ,    8888 ,    348         ,
27 ,    4485 ,     i ,    1 ,     1 ,     4484 ,    8968 ,    354         ,
27 ,    4525 ,     i ,    1 ,     1 ,     4524 ,    9048 ,    360         ,
27 ,    4565 ,     i ,    1 ,     1 ,     4564 ,    9128 ,    361         ,
27 ,    4605 ,     i ,    1 ,     1 ,     4604 ,    9208 ,    362         ,
27 ,    4645 ,     i ,    1 ,     1 ,     4644 ,    9288 ,    361         ,
27 ,    4685 ,     i ,    1 ,     1 ,     4684 ,    9368 ,    364         ,
27 ,    4725 ,     i ,    1 ,     1 ,     4724 ,    9448 ,    684         ,
27 ,    4765 ,     i ,    1 ,     1 ,     4764 ,    9528 ,    372         ,
27 ,    4805 ,     i ,    1 ,     1 ,     4804 ,    9608 ,    372         ,
27 ,    4845 ,     i ,    1 ,     1 ,     4844 ,    9688 ,    377         ,
27 ,    4885 ,     i ,    1 ,     1 ,     4884 ,    9768 ,    386         ,
27 ,    4925 ,     i ,    1 ,     1 ,     4924 ,    9848 ,    383         ,
27 ,    4965 ,     i ,    1 ,     1 ,     4964 ,    9928 ,    387         ,
27 ,    5 ,     i ,    2 ,     1 ,     14 ,    18 ,    2         ,
27 ,    45 ,     i ,    2 ,     1 ,     1034 ,    1078 ,    61         ,
27 ,    85 ,     i ,    2 ,     1 ,     3654 ,    3738 ,    195         ,
27 ,    125 ,     i ,    2 ,     1 ,     7874 ,    7998 ,    17113         ,
27 ,    165 ,     i ,    2 ,     1 ,     13694 ,    13858 ,    712         ,
27 ,    205 ,     i ,    2 ,     1 ,     21114 ,    21318 ,    1096         ,
27 ,    245 ,     i ,    2 ,     1 ,     30134 ,    30378 ,    1554         ,
27 ,    285 ,     i ,    2 ,     1 ,     40754 ,    41038 ,    18948         ,
27 ,    325 ,     i ,    2 ,     1 ,     52974 ,    53298 ,    2866         ,
27 ,    365 ,     i ,    2 ,     1 ,     66794 ,    67158 ,    3501         ,
27 ,    405 ,     i ,    2 ,     1 ,     82214 ,    82618 ,    4217         ,
27 ,    445 ,     i ,    2 ,     1 ,     99234 ,    99678 ,    5088         ,
27 ,    485 ,     i ,    2 ,     1 ,     117854 ,    118338 ,    6242         ,
27 ,    525 ,     i ,    2 ,     1 ,     138074 ,    138598 ,    7229         ,
27 ,    565 ,     i ,    2 ,     1 ,     159894 ,    160458 ,    23900         ,
27 ,    605 ,     i ,    2 ,     1 ,     183314 ,    183918 ,    26794         ,
27 ,    645 ,     i ,    2 ,     1 ,     208334 ,    208978 ,    27088         ,
27 ,    685 ,     i ,    2 ,     1 ,     234954 ,    235638 ,    12201         ,
27 ,    725 ,     i ,    2 ,     1 ,     263174 ,    263898 ,    13832         ,
27 ,    765 ,     i ,    2 ,     1 ,     292994 ,    293758 ,    18848         ,
27 ,    805 ,     i ,    2 ,     1 ,     324414 ,    325218 ,    18696         ,
27 ,    845 ,     i ,    2 ,     1 ,     357434 ,    358278 ,    19035         ,
27 ,    885 ,     i ,    2 ,     1 ,     392054 ,    392938 ,    26539         ,
27 ,    925 ,     i ,    2 ,     1 ,     428274 ,    429198 ,    23077         ,
27 ,    965 ,     i ,    2 ,     1 ,     466094 ,    467058 ,    26269         ,
27 ,    1005 ,     i ,    2 ,     1 ,     505514 ,    506518 ,    27754         ,
27 ,    1045 ,     i ,    2 ,     1 ,     546534 ,    547578 ,    31210         ,
27 ,    1085 ,     i ,    2 ,     1 ,     589154 ,    590238 ,    35353         ,
27 ,    1125 ,     i ,    2 ,     1 ,     633374 ,    634498 ,    93547         ,
27 ,    1165 ,     i ,    2 ,     1 ,     679194 ,    680358 ,    37546         ,
27 ,    1205 ,     i ,    2 ,     1 ,     726614 ,    727818 ,    45705         ,
27 ,    1245 ,     i ,    2 ,     1 ,     775634 ,    776878 ,    43955         ,
27 ,    1285 ,     i ,    2 ,     1 ,     826254 ,    827538 ,    52676         ,
27 ,    1325 ,     i ,    2 ,     1 ,     878474 ,    879798 ,    50500         ,
27 ,    1365 ,     i ,    2 ,     1 ,     932294 ,    933658 ,    53192         ,
27 ,    1405 ,     i ,    2 ,     1 ,     987714 ,    989118 ,    55222         ,
27 ,    1445 ,     i ,    2 ,     1 ,     1044734 ,    1046178 ,    61507         ,
27 ,    1485 ,     i ,    2 ,     1 ,     1103354 ,    1104838 ,    96030         ,
27 ,    1525 ,     i ,    2 ,     1 ,     1163574 ,    1165098 ,    65280         ,
27 ,    1565 ,     i ,    2 ,     1 ,     1225394 ,    1226958 ,    68837         ,
27 ,    1605 ,     i ,    2 ,     1 ,     1288814 ,    1290418 ,    73251         ,
27 ,    1645 ,     i ,    2 ,     1 ,     1353834 ,    1355478 ,    74374         ,
27 ,    1685 ,     i ,    2 ,     1 ,     1420454 ,    1422138 ,    84429         ,
27 ,    1725 ,     i ,    2 ,     1 ,     1488674 ,    1490398 ,    144563         ,
27 ,    1765 ,     i ,    2 ,     1 ,     1558494 ,    1560258 ,    90588         ,
27 ,    1805 ,     i ,    2 ,     1 ,     1629914 ,    1631718 ,    91858         ,
27 ,    1845 ,     i ,    2 ,     1 ,     1702934 ,    1704778 ,    91818         ,
27 ,    1885 ,     i ,    2 ,     1 ,     1777554 ,    1779438 ,    103277         ,
27 ,    1925 ,     i ,    2 ,     1 ,     1853774 ,    1855698 ,    121706         ,
27 ,    1965 ,     i ,    2 ,     1 ,     1931594 ,    1933558 ,    104064         ,
27 ,    2005 ,     i ,    2 ,     1 ,     2011014 ,    2013018 ,    108216         ,
27 ,    2045 ,     i ,    2 ,     1 ,     2092034 ,    2094078 ,    193219         ,
27 ,    2085 ,     i ,    2 ,     1 ,     2174654 ,    2176738 ,    125411         ,
27 ,    2125 ,     i ,    2 ,     1 ,     2258874 ,    2260998 ,    131169         ,
27 ,    2165 ,     i ,    2 ,     1 ,     2344694 ,    2346858 ,    173696         ,
27 ,    2205 ,     i ,    2 ,     1 ,     2432114 ,    2434318 ,    147393         ,
27 ,    2245 ,     i ,    2 ,     1 ,     2521134 ,    2523378 ,    146537         ,
27 ,    2285 ,     i ,    2 ,     1 ,     2611754 ,    2614038 ,    202366         ,
27 ,    2325 ,     i ,    2 ,     1 ,     2703974 ,    2706298 ,    148468         ,
27 ,    2365 ,     i ,    2 ,     1 ,     2797794 ,    2800158 ,    157096         ,
27 ,    2405 ,     i ,    2 ,     1 ,     2893214 ,    2895618 ,    204073         ,
27 ,    2445 ,     i ,    2 ,     1 ,     2990234 ,    2992678 ,    167037         ,
27 ,    2485 ,     i ,    2 ,     1 ,     3088854 ,    3091338 ,    175760         ,
27 ,    2525 ,     i ,    2 ,     1 ,     3189074 ,    3191598 ,    237854         ,
27 ,    2565 ,     i ,    2 ,     1 ,     3290894 ,    3293458 ,    183393         ,
27 ,    2605 ,     i ,    2 ,     1 ,     3394314 ,    3396918 ,    225194         ,
27 ,    2645 ,     i ,    2 ,     1 ,     3499334 ,    3501978 ,    199240         ,
27 ,    2685 ,     i ,    2 ,     1 ,     3605954 ,    3608638 ,    204723         ,
27 ,    2725 ,     i ,    2 ,     1 ,     3714174 ,    3716898 ,    267520         ,
27 ,    2765 ,     i ,    2 ,     1 ,     3823994 ,    3826758 ,    220924         ,
27 ,    2805 ,     i ,    2 ,     1 ,     3935414 ,    3938218 ,    211267         ,
27 ,    2845 ,     i ,    2 ,     1 ,     4048434 ,    4051278 ,    223659         ,
27 ,    2885 ,     i ,    2 ,     1 ,     4163054 ,    4165938 ,    234890         ,
27 ,    2925 ,     i ,    2 ,     1 ,     4279274 ,    4282198 ,    227617         ,
27 ,    2965 ,     i ,    2 ,     1 ,     4397094 ,    4400058 ,    240282         ,
27 ,    3005 ,     i ,    2 ,     1 ,     4516514 ,    4519518 ,    247374         ,
27 ,    3045 ,     i ,    2 ,     1 ,     4637534 ,    4640578 ,    249843         ,
27 ,    3085 ,     i ,    2 ,     1 ,     4760154 ,    4763238 ,    316793         ,
27 ,    3125 ,     i ,    2 ,     1 ,     4884374 ,    4887498 ,    348013         ,
27 ,    3165 ,     i ,    2 ,     1 ,     5010194 ,    5013358 ,    339481         ,
27 ,    3205 ,     i ,    2 ,     1 ,     5137614 ,    5140818 ,    342282         ,
27 ,    3245 ,     i ,    2 ,     1 ,     5266634 ,    5269878 ,    339834         ,
27 ,    3285 ,     i ,    2 ,     1 ,     5397254 ,    5400538 ,    368779         ,
27 ,    3325 ,     i ,    2 ,     1 ,     5529474 ,    5532798 ,    330367         ,
27 ,    3365 ,     i ,    2 ,     1 ,     5663294 ,    5666658 ,    327928         ,
27 ,    3405 ,     i ,    2 ,     1 ,     5798714 ,    5802118 ,    338012         ,
27 ,    3445 ,     i ,    2 ,     1 ,     5935734 ,    5939178 ,    331158         ,
27 ,    3485 ,     i ,    2 ,     1 ,     6074354 ,    6077838 ,    331195         ,
27 ,    3525 ,     i ,    2 ,     1 ,     6214574 ,    6218098 ,    373402         ,
27 ,    3565 ,     i ,    2 ,     1 ,     6356394 ,    6359958 ,    342613         ,
27 ,    3605 ,     i ,    2 ,     1 ,     6499814 ,    6503418 ,    348281         ,
27 ,    3645 ,     i ,    2 ,     1 ,     6644834 ,    6648478 ,    370017         ,
27 ,    3685 ,     i ,    2 ,     1 ,     6791454 ,    6795138 ,    364427         ,
27 ,    3725 ,     i ,    2 ,     1 ,     6939674 ,    6943398 ,    373126         ,
27 ,    3765 ,     i ,    2 ,     1 ,     7089494 ,    7093258 ,    392492         ,
27 ,    3805 ,     i ,    2 ,     1 ,     7240914 ,    7244718 ,    385470         ,
27 ,    3845 ,     i ,    2 ,     1 ,     7393934 ,    7397778 ,    401721         ,
27 ,    3885 ,     i ,    2 ,     1 ,     7548554 ,    7552438 ,    397744         ,
27 ,    3925 ,     i ,    2 ,     1 ,     7704774 ,    7708698 ,    413657         ,
27 ,    3965 ,     i ,    2 ,     1 ,     7862594 ,    7866558 ,    421041         ,
27 ,    4005 ,     i ,    2 ,     1 ,     8022014 ,    8026018 ,    443281         ,
27 ,    4045 ,     i ,    2 ,     1 ,     8183034 ,    8187078 ,    437208         ,
27 ,    4085 ,     i ,    2 ,     1 ,     8345654 ,    8349738 ,    456729         ,
27 ,    4125 ,     i ,    2 ,     1 ,     8509874 ,    8513998 ,    465973         ,
27 ,    4165 ,     i ,    2 ,     1 ,     8675694 ,    8679858 ,    479840         ,
27 ,    4205 ,     i ,    2 ,     1 ,     8843114 ,    8847318 ,    480228         ,
27 ,    4245 ,     i ,    2 ,     1 ,     9012134 ,    9016378 ,    483656         ,
27 ,    4285 ,     i ,    2 ,     1 ,     9182754 ,    9187038 ,    500455         ,
27 ,    4325 ,     i ,    2 ,     1 ,     9354974 ,    9359298 ,    501245         ,
27 ,    4365 ,     i ,    2 ,     1 ,     9528794 ,    9533158 ,    509962         ,
27 ,    4405 ,     i ,    2 ,     1 ,     9704214 ,    9708618 ,    511885         ,
27 ,    4445 ,     i ,    2 ,     1 ,     9881234 ,    9885678 ,    535082         ,
27 ,    4485 ,     i ,    2 ,     1 ,     10059854 ,    10064338 ,    552919         ,
27 ,    4525 ,     i ,    2 ,     1 ,     10240074 ,    10244598 ,    548884         ,
27 ,    4565 ,     i ,    2 ,     1 ,     10421894 ,    10426458 ,    571293         ,
27 ,    4605 ,     i ,    2 ,     1 ,     10605314 ,    10609918 ,    587922         ,
27 ,    4645 ,     i ,    2 ,     1 ,     10790334 ,    10794978 ,    595196         ,
27 ,    4685 ,     i ,    2 ,     1 ,     10976954 ,    10981638 ,    588687         ,
27 ,    4725 ,     i ,    2 ,     1 ,     11165174 ,    11169898 ,    604616         ,
27 ,    4765 ,     i ,    2 ,     1 ,     11354994 ,    11359758 ,    620987         ,
27 ,    4805 ,     i ,    2 ,     1 ,     11546414 ,    11551218 ,    623295         ,
27 ,    4845 ,     i ,    2 ,     1 ,     11739434 ,    11744278 ,    718380         ,
27 ,    4885 ,     i ,    2 ,     1 ,     11934054 ,    11938938 ,    639597         ,
27 ,    4925 ,     i ,    2 ,     1 ,     12130274 ,    12135198 ,    664222         ,
27 ,    4965 ,     i ,    2 ,     1 ,     12328094 ,    12333058 ,    767338         ,
27 ,    5 ,     i ,    3 ,     1 ,     8 ,    12 ,    4         ,
27 ,    45 ,     i ,    3 ,     1 ,     287 ,    331 ,    25         ,
27 ,    85 ,     i ,    3 ,     1 ,     931 ,    1015 ,    61         ,
27 ,    125 ,     i ,    3 ,     1 ,     2043 ,    2167 ,    1481         ,
27 ,    165 ,     i ,    3 ,     1 ,     3162 ,    3326 ,    185         ,
27 ,    205 ,     i ,    3 ,     1 ,     5924 ,    6128 ,    330         ,
27 ,    245 ,     i ,    3 ,     1 ,     7008 ,    7252 ,    389         ,
27 ,    285 ,     i ,    3 ,     1 ,     10929 ,    11213 ,    594         ,
27 ,    325 ,     i ,    3 ,     1 ,     12280 ,    12604 ,    885         ,
27 ,    365 ,     i ,    3 ,     1 ,     16653 ,    17017 ,    893         ,
27 ,    405 ,     i ,    3 ,     1 ,     20136 ,    20540 ,    1073         ,
27 ,    445 ,     i ,    3 ,     1 ,     24562 ,    25006 ,    1307         ,
27 ,    485 ,     i ,    3 ,     1 ,     31554 ,    32038 ,    1668         ,
27 ,    525 ,     i ,    3 ,     1 ,     34973 ,    35497 ,    1843         ,
27 ,    565 ,     i ,    3 ,     1 ,     39229 ,    39793 ,    2066         ,
27 ,    605 ,     i ,    3 ,     1 ,     46968 ,    47572 ,    2462         ,
27 ,    645 ,     i ,    3 ,     1 ,     51928 ,    52572 ,    2717         ,
27 ,    685 ,     i ,    3 ,     1 ,     61975 ,    62659 ,    3240         ,
27 ,    725 ,     i ,    3 ,     1 ,     70078 ,    70802 ,    3797         ,
27 ,    765 ,     i ,    3 ,     1 ,     76579 ,    77343 ,    4178         ,
27 ,    805 ,     i ,    3 ,     1 ,     80071 ,    80875 ,    4172         ,
27 ,    845 ,     i ,    3 ,     1 ,     89081 ,    89925 ,    4623         ,
27 ,    885 ,     i ,    3 ,     1 ,     99677 ,    100561 ,    5175         ,
27 ,    925 ,     i ,    3 ,     1 ,     111332 ,    112256 ,    5766         ,
27 ,    965 ,     i ,    3 ,     1 ,     118206 ,    119170 ,    6272         ,
27 ,    1005 ,     i ,    3 ,     1 ,     125590 ,    126594 ,    6683         ,
27 ,    1045 ,     i ,    3 ,     1 ,     138590 ,    139634 ,    7329         ,
27 ,    1085 ,     i ,    3 ,     1 ,     144663 ,    145747 ,    7714         ,
27 ,    1125 ,     i ,    3 ,     1 ,     158933 ,    160057 ,    9328         ,
27 ,    1165 ,     i ,    3 ,     1 ,     173134 ,    174298 ,    11575         ,
27 ,    1205 ,     i ,    3 ,     1 ,     175332 ,    176536 ,    9499         ,
27 ,    1245 ,     i ,    3 ,     1 ,     181941 ,    183185 ,    10155         ,
27 ,    1285 ,     i ,    3 ,     1 ,     212445 ,    213729 ,    11322         ,
27 ,    1325 ,     i ,    3 ,     1 ,     223933 ,    225257 ,    13272         ,
27 ,    1365 ,     i ,    3 ,     1 ,     246948 ,    248312 ,    14382         ,
27 ,    1405 ,     i ,    3 ,     1 ,     255756 ,    257160 ,    13382         ,
27 ,    1445 ,     i ,    3 ,     1 ,     263586 ,    265030 ,    13897         ,
27 ,    1485 ,     i ,    3 ,     1 ,     296088 ,    297572 ,    15478         ,
27 ,    1525 ,     i ,    3 ,     1 ,     283458 ,    284982 ,    14885         ,
27 ,    1565 ,     i ,    3 ,     1 ,     313407 ,    314971 ,    17694         ,
27 ,    1605 ,     i ,    3 ,     1 ,     330339 ,    331943 ,    17273         ,
27 ,    1645 ,     i ,    3 ,     1 ,     331607 ,    333251 ,    18788         ,
27 ,    1685 ,     i ,    3 ,     1 ,     367097 ,    368781 ,    19527         ,
27 ,    1725 ,     i ,    3 ,     1 ,     363598 ,    365322 ,    18933         ,
27 ,    1765 ,     i ,    3 ,     1 ,     386557 ,    388321 ,    21448         ,
27 ,    1805 ,     i ,    3 ,     1 ,     401646 ,    403450 ,    20944         ,
27 ,    1845 ,     i ,    3 ,     1 ,     434417 ,    436261 ,    22569         ,
27 ,    1885 ,     i ,    3 ,     1 ,     439880 ,    441764 ,    24412         ,
27 ,    1925 ,     i ,    3 ,     1 ,     476899 ,    478823 ,    26183         ,
27 ,    1965 ,     i ,    3 ,     1 ,     478285 ,    480249 ,    32864         ,
27 ,    2005 ,     i ,    3 ,     1 ,     513843 ,    515847 ,    28049         ,
27 ,    2045 ,     i ,    3 ,     1 ,     532083 ,    534127 ,    29032         ,
27 ,    2085 ,     i ,    3 ,     1 ,     555074 ,    557158 ,    30382         ,
27 ,    2125 ,     i ,    3 ,     1 ,     564396 ,    566520 ,    29593         ,
27 ,    2165 ,     i ,    3 ,     1 ,     594580 ,    596744 ,    30911         ,
27 ,    2205 ,     i ,    3 ,     1 ,     618618 ,    620822 ,    32165         ,
27 ,    2245 ,     i ,    3 ,     1 ,     635726 ,    637970 ,    32962         ,
27 ,    2285 ,     i ,    3 ,     1 ,     664431 ,    666715 ,    35953         ,
27 ,    2325 ,     i ,    3 ,     1 ,     649602 ,    651926 ,    35326         ,
27 ,    2365 ,     i ,    3 ,     1 ,     711062 ,    713426 ,    38938         ,
27 ,    2405 ,     i ,    3 ,     1 ,     744015 ,    746419 ,    41566         ,
27 ,    2445 ,     i ,    3 ,     1 ,     726345 ,    728789 ,    39102         ,
27 ,    2485 ,     i ,    3 ,     1 ,     759235 ,    761719 ,    39491         ,
27 ,    2525 ,     i ,    3 ,     1 ,     817277 ,    819801 ,    44899         ,
27 ,    2565 ,     i ,    3 ,     1 ,     811015 ,    813579 ,    43391         ,
27 ,    2605 ,     i ,    3 ,     1 ,     854943 ,    857547 ,    47536         ,
27 ,    2645 ,     i ,    3 ,     1 ,     876588 ,    879232 ,    49886         ,
27 ,    2685 ,     i ,    3 ,     1 ,     939902 ,    942586 ,    51597         ,
27 ,    2725 ,     i ,    3 ,     1 ,     927073 ,    929797 ,    49681         ,
27 ,    2765 ,     i ,    3 ,     1 ,     964755 ,    967519 ,    52565         ,
27 ,    2805 ,     i ,    3 ,     1 ,     990684 ,    993488 ,    53494         ,
27 ,    2845 ,     i ,    3 ,     1 ,     1007764 ,    1010608 ,    56533         ,
27 ,    2885 ,     i ,    3 ,     1 ,     1056943 ,    1059827 ,    56201         ,
27 ,    2925 ,     i ,    3 ,     1 ,     1103756 ,    1106680 ,    58527         ,
27 ,    2965 ,     i ,    3 ,     1 ,     1107072 ,    1110036 ,    60839         ,
27 ,    3005 ,     i ,    3 ,     1 ,     1143892 ,    1146896 ,    62974         ,
27 ,    3045 ,     i ,    3 ,     1 ,     1141178 ,    1144222 ,    62247         ,
27 ,    3085 ,     i ,    3 ,     1 ,     1180619 ,    1183703 ,    62617         ,
27 ,    3125 ,     i ,    3 ,     1 ,     1262159 ,    1265283 ,    67632         ,
27 ,    3165 ,     i ,    3 ,     1 ,     1268971 ,    1272135 ,    66047         ,
27 ,    3205 ,     i ,    3 ,     1 ,     1292495 ,    1295699 ,    69589         ,
27 ,    3245 ,     i ,    3 ,     1 ,     1314387 ,    1317631 ,    68140         ,
27 ,    3285 ,     i ,    3 ,     1 ,     1353798 ,    1357082 ,    72074         ,
27 ,    3325 ,     i ,    3 ,     1 ,     1375305 ,    1378629 ,    73334         ,
27 ,    3365 ,     i ,    3 ,     1 ,     1452420 ,    1455784 ,    86299         ,
27 ,    3405 ,     i ,    3 ,     1 ,     1472137 ,    1475541 ,    79423         ,
27 ,    3445 ,     i ,    3 ,     1 ,     1465227 ,    1468671 ,    78083         ,
27 ,    3485 ,     i ,    3 ,     1 ,     1569387 ,    1572871 ,    84589         ,
27 ,    3525 ,     i ,    3 ,     1 ,     1565330 ,    1568854 ,    86845         ,
27 ,    3565 ,     i ,    3 ,     1 ,     1552143 ,    1555707 ,    80947         ,
27 ,    3605 ,     i ,    3 ,     1 ,     1655023 ,    1658627 ,    134608         ,
27 ,    3645 ,     i ,    3 ,     1 ,     1669935 ,    1673579 ,    117493         ,
27 ,    3685 ,     i ,    3 ,     1 ,     1724833 ,    1728517 ,    124102         ,
27 ,    3725 ,     i ,    3 ,     1 ,     1706085 ,    1709809 ,    114044         ,
27 ,    3765 ,     i ,    3 ,     1 ,     1752923 ,    1756687 ,    111009         ,
27 ,    3805 ,     i ,    3 ,     1 ,     1797993 ,    1801797 ,    133251         ,
27 ,    3845 ,     i ,    3 ,     1 ,     1929387 ,    1933231 ,    143596         ,
27 ,    3885 ,     i ,    3 ,     1 ,     1898164 ,    1902048 ,    116220         ,
27 ,    3925 ,     i ,    3 ,     1 ,     1931705 ,    1935629 ,    121289         ,
27 ,    3965 ,     i ,    3 ,     1 ,     1979629 ,    1983593 ,    122573         ,
27 ,    4005 ,     i ,    3 ,     1 ,     2096721 ,    2100725 ,    153425         ,
27 ,    4045 ,     i ,    3 ,     1 ,     1983319 ,    1987363 ,    122365         ,
27 ,    4085 ,     i ,    3 ,     1 ,     2133453 ,    2137537 ,    345275         ,
27 ,    4125 ,     i ,    3 ,     1 ,     2159183 ,    2163307 ,    172939         ,
27 ,    4165 ,     i ,    3 ,     1 ,     2170110 ,    2174274 ,    335790         ,
27 ,    4205 ,     i ,    3 ,     1 ,     2176340 ,    2180544 ,    191230         ,
27 ,    4245 ,     i ,    3 ,     1 ,     2295360 ,    2299604 ,    139592         ,
27 ,    4285 ,     i ,    3 ,     1 ,     2267183 ,    2271467 ,    127085         ,
27 ,    4325 ,     i ,    3 ,     1 ,     2395623 ,    2399947 ,    132293         ,
27 ,    4365 ,     i ,    3 ,     1 ,     2340574 ,    2344938 ,    125725         ,
27 ,    4405 ,     i ,    3 ,     1 ,     2447195 ,    2451599 ,    135079         ,
27 ,    4445 ,     i ,    3 ,     1 ,     2411684 ,    2416128 ,    130746         ,
27 ,    4485 ,     i ,    3 ,     1 ,     2510068 ,    2514552 ,    136663         ,
27 ,    4525 ,     i ,    3 ,     1 ,     2626080 ,    2630604 ,    145655         ,
27 ,    4565 ,     i ,    3 ,     1 ,     2686016 ,    2690580 ,    143230         ,
27 ,    4605 ,     i ,    3 ,     1 ,     2655374 ,    2659978 ,    147880         ,
27 ,    4645 ,     i ,    3 ,     1 ,     2644329 ,    2648973 ,    156951         ,
27 ,    4685 ,     i ,    3 ,     1 ,     2804193 ,    2808877 ,    155029         ,
27 ,    4725 ,     i ,    3 ,     1 ,     2874394 ,    2879118 ,    165296         ,
27 ,    4765 ,     i ,    3 ,     1 ,     2897986 ,    2902750 ,    179789         ,
27 ,    4805 ,     i ,    3 ,     1 ,     2868678 ,    2873482 ,    284170         ,
27 ,    4845 ,     i ,    3 ,     1 ,     2939142 ,    2943986 ,    279760         ,
27 ,    4885 ,     i ,    3 ,     1 ,     2888247 ,    2893131 ,    199609         ,
27 ,    4925 ,     i ,    3 ,     1 ,     3134741 ,    3139665 ,    286120         ,
27 ,    4965 ,     i ,    3 ,     1 ,     3173275 ,    3178239 ,    210690         ,
27 ,    5 ,     i ,    4 ,     1 ,     9 ,    13 ,    4         ,
27 ,    45 ,     i ,    4 ,     1 ,     409 ,    453 ,    31         ,
27 ,    85 ,     i ,    4 ,     1 ,     1810 ,    1894 ,    163         ,
27 ,    125 ,     i ,    4 ,     1 ,     3158 ,    3282 ,    180         ,
27 ,    165 ,     i ,    4 ,     1 ,     5882 ,    6046 ,    323         ,
27 ,    205 ,     i ,    4 ,     1 ,     9338 ,    9542 ,    504         ,
27 ,    245 ,     i ,    4 ,     1 ,     12915 ,    13159 ,    689         ,
27 ,    285 ,     i ,    4 ,     1 ,     16199 ,    16483 ,    862         ,
27 ,    325 ,     i ,    4 ,     1 ,     21034 ,    21358 ,    1112         ,
27 ,    365 ,     i ,    4 ,     1 ,     25562 ,    25926 ,    2690         ,
27 ,    405 ,     i ,    4 ,     1 ,     31278 ,    31682 ,    2358         ,
27 ,    445 ,     i ,    4 ,     1 ,     41434 ,    41878 ,    7295         ,
27 ,    485 ,     i ,    4 ,     1 ,     47065 ,    47549 ,    2452         ,
27 ,    525 ,     i ,    4 ,     1 ,     56591 ,    57115 ,    3031         ,
27 ,    565 ,     i ,    4 ,     1 ,     62566 ,    63130 ,    3253         ,
27 ,    605 ,     i ,    4 ,     1 ,     71328 ,    71932 ,    3700         ,
27 ,    645 ,     i ,    4 ,     1 ,     84354 ,    84998 ,    4538         ,
27 ,    685 ,     i ,    4 ,     1 ,     95019 ,    95703 ,    5012         ,
27 ,    725 ,     i ,    4 ,     1 ,     108460 ,    109184 ,    5775         ,
27 ,    765 ,     i ,    4 ,     1 ,     120670 ,    121434 ,    6326         ,
27 ,    805 ,     i ,    4 ,     1 ,     129239 ,    130043 ,    11004         ,
27 ,    845 ,     i ,    4 ,     1 ,     140304 ,    141148 ,    7811         ,
27 ,    885 ,     i ,    4 ,     1 ,     161232 ,    162116 ,    8852         ,
27 ,    925 ,     i ,    4 ,     1 ,     174585 ,    175509 ,    9645         ,
27 ,    965 ,     i ,    4 ,     1 ,     182072 ,    183036 ,    9479         ,
27 ,    1005 ,     i ,    4 ,     1 ,     206688 ,    207692 ,    12705         ,
27 ,    1045 ,     i ,    4 ,     1 ,     220259 ,    221303 ,    14370         ,
27 ,    1085 ,     i ,    4 ,     1 ,     233077 ,    234161 ,    12077         ,
27 ,    1125 ,     i ,    4 ,     1 ,     268820 ,    269944 ,    15497         ,
27 ,    1165 ,     i ,    4 ,     1 ,     266021 ,    267185 ,    15109         ,
27 ,    1205 ,     i ,    4 ,     1 ,     301464 ,    302668 ,    19681         ,
27 ,    1245 ,     i ,    4 ,     1 ,     299220 ,    300464 ,    15763         ,
27 ,    1285 ,     i ,    4 ,     1 ,     349895 ,    351179 ,    21627         ,
27 ,    1325 ,     i ,    4 ,     1 ,     337884 ,    339208 ,    17512         ,
27 ,    1365 ,     i ,    4 ,     1 ,     366653 ,    368017 ,    18978         ,
27 ,    1405 ,     i ,    4 ,     1 ,     407335 ,    408739 ,    24295         ,
27 ,    1445 ,     i ,    4 ,     1 ,     418959 ,    420403 ,    25752         ,
27 ,    1485 ,     i ,    4 ,     1 ,     441240 ,    442724 ,    22897         ,
27 ,    1525 ,     i ,    4 ,     1 ,     459306 ,    460830 ,    23818         ,
27 ,    1565 ,     i ,    4 ,     1 ,     495516 ,    497080 ,    28941         ,
27 ,    1605 ,     i ,    4 ,     1 ,     520136 ,    521740 ,    31200         ,
27 ,    1645 ,     i ,    4 ,     1 ,     530796 ,    532440 ,    30905         ,
27 ,    1685 ,     i ,    4 ,     1 ,     564970 ,    566654 ,    31104         ,
27 ,    1725 ,     i ,    4 ,     1 ,     594527 ,    596251 ,    32129         ,
27 ,    1765 ,     i ,    4 ,     1 ,     626836 ,    628600 ,    34578         ,
27 ,    1805 ,     i ,    4 ,     1 ,     644013 ,    645817 ,    34500         ,
27 ,    1845 ,     i ,    4 ,     1 ,     697694 ,    699538 ,    37455         ,
27 ,    1885 ,     i ,    4 ,     1 ,     716188 ,    718072 ,    38532         ,
27 ,    1925 ,     i ,    4 ,     1 ,     750837 ,    752761 ,    40344         ,
27 ,    1965 ,     i ,    4 ,     1 ,     763131 ,    765095 ,    40800         ,
27 ,    2005 ,     i ,    4 ,     1 ,     790977 ,    792981 ,    42330         ,
27 ,    2045 ,     i ,    4 ,     1 ,     831545 ,    833589 ,    44587         ,
27 ,    2085 ,     i ,    4 ,     1 ,     877265 ,    879349 ,    47712         ,
27 ,    2125 ,     i ,    4 ,     1 ,     914785 ,    916909 ,    57319         ,
27 ,    2165 ,     i ,    4 ,     1 ,     967385 ,    969549 ,    51322         ,
27 ,    2205 ,     i ,    4 ,     1 ,     982546 ,    984750 ,    53912         ,
27 ,    2245 ,     i ,    4 ,     1 ,     1009795 ,    1012039 ,    53565         ,
27 ,    2285 ,     i ,    4 ,     1 ,     1044086 ,    1046370 ,    57666         ,
27 ,    2325 ,     i ,    4 ,     1 ,     1095217 ,    1097541 ,    59910         ,
27 ,    2365 ,     i ,    4 ,     1 ,     1170515 ,    1172879 ,    62699         ,
27 ,    2405 ,     i ,    4 ,     1 ,     1153513 ,    1155917 ,    62338         ,
27 ,    2445 ,     i ,    4 ,     1 ,     1145329 ,    1147773 ,    61928         ,
27 ,    2485 ,     i ,    4 ,     1 ,     1263747 ,    1266231 ,    69338         ,
27 ,    2525 ,     i ,    4 ,     1 ,     1260109 ,    1262633 ,    71408         ,
27 ,    2565 ,     i ,    4 ,     1 ,     1301063 ,    1303627 ,    70260         ,
27 ,    2605 ,     i ,    4 ,     1 ,     1366437 ,    1369041 ,    73179         ,
27 ,    2645 ,     i ,    4 ,     1 ,     1403568 ,    1406212 ,    76199         ,
27 ,    2685 ,     i ,    4 ,     1 ,     1452926 ,    1455610 ,    81779         ,
27 ,    2725 ,     i ,    4 ,     1 ,     1512070 ,    1514794 ,    81181         ,
27 ,    2765 ,     i ,    4 ,     1 ,     1492895 ,    1495659 ,    80039         ,
27 ,    2805 ,     i ,    4 ,     1 ,     1589019 ,    1591823 ,    87444         ,
27 ,    2845 ,     i ,    4 ,     1 ,     1617768 ,    1620612 ,    86912         ,
27 ,    2885 ,     i ,    4 ,     1 ,     1681491 ,    1684375 ,    93230         ,
27 ,    2925 ,     i ,    4 ,     1 ,     1687342 ,    1690266 ,    90046         ,
27 ,    2965 ,     i ,    4 ,     1 ,     1715984 ,    1718948 ,    93212         ,
27 ,    3005 ,     i ,    4 ,     1 ,     1769625 ,    1772629 ,    97339         ,
27 ,    3045 ,     i ,    4 ,     1 ,     1850126 ,    1853170 ,    99619         ,
27 ,    3085 ,     i ,    4 ,     1 ,     1890228 ,    1893312 ,    106732         ,
27 ,    3125 ,     i ,    4 ,     1 ,     2002559 ,    2005683 ,    107637         ,
27 ,    3165 ,     i ,    4 ,     1 ,     2011491 ,    2014655 ,    108014         ,
27 ,    3205 ,     i ,    4 ,     1 ,     2017973 ,    2021177 ,    111302         ,
27 ,    3245 ,     i ,    4 ,     1 ,     2123538 ,    2126782 ,    120020         ,
27 ,    3285 ,     i ,    4 ,     1 ,     2165230 ,    2168514 ,    118387         ,
27 ,    3325 ,     i ,    4 ,     1 ,     2246225 ,    2249549 ,    122607         ,
27 ,    3365 ,     i ,    4 ,     1 ,     2279090 ,    2282454 ,    126769         ,
27 ,    3405 ,     i ,    4 ,     1 ,     2341076 ,    2344480 ,    150983         ,
27 ,    3445 ,     i ,    4 ,     1 ,     2325749 ,    2329193 ,    228457         ,
27 ,    3485 ,     i ,    4 ,     1 ,     2449170 ,    2452654 ,    199708         ,
27 ,    3525 ,     i ,    4 ,     1 ,     2476899 ,    2480423 ,    166438         ,
27 ,    3565 ,     i ,    4 ,     1 ,     2580067 ,    2583631 ,    248812         ,
27 ,    3605 ,     i ,    4 ,     1 ,     2603956 ,    2607560 ,    152434         ,
27 ,    3645 ,     i ,    4 ,     1 ,     2649854 ,    2653498 ,    234916         ,
27 ,    3685 ,     i ,    4 ,     1 ,     2732637 ,    2736321 ,    249568         ,
27 ,    3725 ,     i ,    4 ,     1 ,     2811572 ,    2815296 ,    286324         ,
27 ,    3765 ,     i ,    4 ,     1 ,     2844721 ,    2848485 ,    402074         ,
27 ,    3805 ,     i ,    4 ,     1 ,     2833949 ,    2837753 ,    172631         ,
27 ,    3845 ,     i ,    4 ,     1 ,     2935306 ,    2939150 ,    201331         ,
27 ,    3885 ,     i ,    4 ,     1 ,     3096549 ,    3100433 ,    168312         ,
27 ,    3925 ,     i ,    4 ,     1 ,     3033560 ,    3037484 ,    162476         ,
27 ,    3965 ,     i ,    4 ,     1 ,     3125815 ,    3129779 ,    171732         ,
27 ,    4005 ,     i ,    4 ,     1 ,     3227316 ,    3231320 ,    175030         ,
27 ,    4045 ,     i ,    4 ,     1 ,     3266608 ,    3270652 ,    172933         ,
27 ,    4085 ,     i ,    4 ,     1 ,     3351587 ,    3355671 ,    183344         ,
27 ,    4125 ,     i ,    4 ,     1 ,     3366053 ,    3370177 ,    183198         ,
27 ,    4165 ,     i ,    4 ,     1 ,     3521721 ,    3525885 ,    211019         ,
27 ,    4205 ,     i ,    4 ,     1 ,     3538369 ,    3542573 ,    194891         ,
27 ,    4245 ,     i ,    4 ,     1 ,     3569885 ,    3574129 ,    194982         ,
27 ,    4285 ,     i ,    4 ,     1 ,     3628036 ,    3632320 ,    312839         ,
27 ,    4325 ,     i ,    4 ,     1 ,     3800174 ,    3804498 ,    345985         ,
27 ,    4365 ,     i ,    4 ,     1 ,     3815342 ,    3819706 ,    215987         ,
27 ,    4405 ,     i ,    4 ,     1 ,     3883670 ,    3888074 ,    214450         ,
27 ,    4445 ,     i ,    4 ,     1 ,     3958133 ,    3962577 ,    216270         ,
27 ,    4485 ,     i ,    4 ,     1 ,     3974412 ,    3978896 ,    219706         ,
27 ,    4525 ,     i ,    4 ,     1 ,     4089217 ,    4093741 ,    224277         ,
27 ,    4565 ,     i ,    4 ,     1 ,     4165469 ,    4170033 ,    226267         ,
27 ,    4605 ,     i ,    4 ,     1 ,     4247410 ,    4252014 ,    230112         ,
27 ,    4645 ,     i ,    4 ,     1 ,     4222687 ,    4227331 ,    235518         ,
27 ,    4685 ,     i ,    4 ,     1 ,     4363619 ,    4368303 ,    245209         ,
27 ,    4725 ,     i ,    4 ,     1 ,     4510857 ,    4515581 ,    250269         ,
27 ,    4765 ,     i ,    4 ,     1 ,     4503200 ,    4507964 ,    252049         ,
27 ,    4805 ,     i ,    4 ,     1 ,     4620581 ,    4625385 ,    253134         ,
27 ,    4845 ,     i ,    4 ,     1 ,     4691400 ,    4696244 ,    252070         ,
27 ,    4885 ,     i ,    4 ,     1 ,     4758706 ,    4763590 ,    267728         ,
27 ,    4925 ,     i ,    4 ,     1 ,     4855982 ,    4860906 ,    275659         ,
27 ,    4965 ,     i ,    4 ,     1 ,     4905342 ,    4910306 ,    285593         ,


