SEED ,  SIZE ,  ALG ,  TYPE ,  CALLS ,  CMP ,     MOVE ,    TIME              ,
27 ,    5 ,     m ,    0 ,     13 ,     6 ,    0 ,    7         ,
27 ,    45 ,     m ,    0 ,     133 ,     189 ,    0 ,    48         ,
27 ,    85 ,     m ,    0 ,     253 ,     443 ,    0 ,    377         ,
27 ,    125 ,     m ,    0 ,     373 ,     716 ,    0 ,    136         ,
27 ,    165 ,     m ,    0 ,     493 ,     1004 ,    0 ,    184         ,
27 ,    205 ,     m ,    0 ,     613 ,     1316 ,    0 ,    236         ,
27 ,    245 ,     m ,    0 ,     733 ,     1627 ,    0 ,    2138         ,
27 ,    285 ,     m ,    0 ,     853 ,     1967 ,    0 ,    340         ,
27 ,    325 ,     m ,    0 ,     973 ,     2303 ,    0 ,    389         ,
27 ,    365 ,     m ,    0 ,     1093 ,     2636 ,    0 ,    440         ,
27 ,    405 ,     m ,    0 ,     1213 ,     3000 ,    0 ,    498         ,
27 ,    445 ,     m ,    0 ,     1333 ,     3355 ,    0 ,    552         ,
27 ,    485 ,     m ,    0 ,     1453 ,     3713 ,    0 ,    609         ,
27 ,    525 ,     m ,    0 ,     1573 ,     4050 ,    0 ,    666         ,
27 ,    565 ,     m ,    0 ,     1693 ,     4451 ,    0 ,    726         ,
27 ,    605 ,     m ,    0 ,     1813 ,     4830 ,    0 ,    889         ,
27 ,    645 ,     m ,    0 ,     1933 ,     5208 ,    0 ,    835         ,
27 ,    685 ,     m ,    0 ,     2053 ,     5586 ,    0 ,    891         ,
27 ,    725 ,     m ,    0 ,     2173 ,     5980 ,    0 ,    937         ,
27 ,    765 ,     m ,    0 ,     2293 ,     6373 ,    0 ,    985         ,
27 ,    805 ,     m ,    0 ,     2413 ,     6762 ,    0 ,    1066         ,
27 ,    845 ,     m ,    0 ,     2533 ,     7170 ,    0 ,    1239         ,
27 ,    885 ,     m ,    0 ,     2653 ,     7573 ,    0 ,    1180         ,
27 ,    925 ,     m ,    0 ,     2773 ,     7918 ,    0 ,    1239         ,
27 ,    965 ,     m ,    0 ,     2893 ,     8338 ,    0 ,    1295         ,
27 ,    1005 ,     m ,    0 ,     3013 ,     8758 ,    0 ,    1361         ,
27 ,    1045 ,     m ,    0 ,     3133 ,     9155 ,    0 ,    1406         ,
27 ,    1085 ,     m ,    0 ,     3253 ,     9562 ,    0 ,    1475         ,
27 ,    1125 ,     m ,    0 ,     3373 ,     9998 ,    0 ,    1540         ,
27 ,    1165 ,     m ,    0 ,     3493 ,     10406 ,    0 ,    1589         ,
27 ,    1205 ,     m ,    0 ,     3613 ,     10810 ,    0 ,    1772         ,
27 ,    1245 ,     m ,    0 ,     3733 ,     11230 ,    0 ,    1703         ,
27 ,    1285 ,     m ,    0 ,     3853 ,     11659 ,    0 ,    1774         ,
27 ,    1325 ,     m ,    0 ,     3973 ,     12104 ,    0 ,    1829         ,
27 ,    1365 ,     m ,    0 ,     4093 ,     12547 ,    0 ,    2033         ,
27 ,    1405 ,     m ,    0 ,     4213 ,     12936 ,    0 ,    1955         ,
27 ,    1445 ,     m ,    0 ,     4333 ,     13374 ,    0 ,    2010         ,
27 ,    1485 ,     m ,    0 ,     4453 ,     13759 ,    0 ,    2201         ,
27 ,    1525 ,     m ,    0 ,     4573 ,     14224 ,    0 ,    2143         ,
27 ,    1565 ,     m ,    0 ,     4693 ,     14596 ,    0 ,    2200         ,
27 ,    1605 ,     m ,    0 ,     4813 ,     15104 ,    0 ,    2384         ,
27 ,    1645 ,     m ,    0 ,     4933 ,     15537 ,    0 ,    2330         ,
27 ,    1685 ,     m ,    0 ,     5053 ,     15963 ,    0 ,    2407         ,
27 ,    1725 ,     m ,    0 ,     5173 ,     16392 ,    0 ,    2581         ,
27 ,    1765 ,     m ,    0 ,     5293 ,     16834 ,    0 ,    2534         ,
27 ,    1805 ,     m ,    0 ,     5413 ,     17272 ,    0 ,    2577         ,
27 ,    1845 ,     m ,    0 ,     5533 ,     17703 ,    0 ,    2756         ,
27 ,    1885 ,     m ,    0 ,     5653 ,     18146 ,    0 ,    2710         ,
27 ,    1925 ,     m ,    0 ,     5773 ,     18576 ,    0 ,    2769         ,
27 ,    1965 ,     m ,    0 ,     5893 ,     19015 ,    0 ,    5576         ,
27 ,    2005 ,     m ,    0 ,     6013 ,     19454 ,    0 ,    2924         ,
27 ,    2045 ,     m ,    0 ,     6133 ,     19908 ,    0 ,    3105         ,
27 ,    2085 ,     m ,    0 ,     6253 ,     20373 ,    0 ,    3042         ,
27 ,    2125 ,     m ,    0 ,     6373 ,     20816 ,    0 ,    3482         ,
27 ,    2165 ,     m ,    0 ,     6493 ,     21254 ,    0 ,    3334         ,
27 ,    2205 ,     m ,    0 ,     6613 ,     21707 ,    0 ,    3616         ,
27 ,    2245 ,     m ,    0 ,     6733 ,     22176 ,    0 ,    3377         ,
27 ,    2285 ,     m ,    0 ,     6853 ,     22661 ,    0 ,    3428         ,
27 ,    2325 ,     m ,    0 ,     6973 ,     23110 ,    0 ,    3489         ,
27 ,    2365 ,     m ,    0 ,     7093 ,     23573 ,    0 ,    3580         ,
27 ,    2405 ,     m ,    0 ,     7213 ,     24022 ,    0 ,    3813         ,
27 ,    2445 ,     m ,    0 ,     7333 ,     24494 ,    0 ,    3598         ,
27 ,    2485 ,     m ,    0 ,     7453 ,     24902 ,    0 ,    4008         ,
27 ,    2525 ,     m ,    0 ,     7573 ,     25433 ,    0 ,    3824         ,
27 ,    2565 ,     m ,    0 ,     7693 ,     25836 ,    0 ,    4005         ,
27 ,    2605 ,     m ,    0 ,     7813 ,     26308 ,    0 ,    3962         ,
27 ,    2645 ,     m ,    0 ,     7933 ,     26800 ,    0 ,    4178         ,
27 ,    2685 ,     m ,    0 ,     8053 ,     27312 ,    0 ,    4088         ,
27 ,    2725 ,     m ,    0 ,     8173 ,     27723 ,    0 ,    4308         ,
27 ,    2765 ,     m ,    0 ,     8293 ,     28207 ,    0 ,    4218         ,
27 ,    2805 ,     m ,    0 ,     8413 ,     28660 ,    0 ,    4309         ,
27 ,    2845 ,     m ,    0 ,     8533 ,     29127 ,    0 ,    6334         ,
27 ,    2885 ,     m ,    0 ,     8653 ,     29543 ,    0 ,    4432         ,
27 ,    2925 ,     m ,    0 ,     8773 ,     30027 ,    0 ,    4865         ,
27 ,    2965 ,     m ,    0 ,     8893 ,     30553 ,    0 ,    4800         ,
27 ,    3005 ,     m ,    0 ,     9013 ,     31015 ,    0 ,    4769         ,
27 ,    3045 ,     m ,    0 ,     9133 ,     31466 ,    0 ,    5154         ,
27 ,    3085 ,     m ,    0 ,     9253 ,     31925 ,    0 ,    4743         ,
27 ,    3125 ,     m ,    0 ,     9373 ,     32416 ,    0 ,    4978         ,
27 ,    3165 ,     m ,    0 ,     9493 ,     32857 ,    0 ,    5038         ,
27 ,    3205 ,     m ,    0 ,     9613 ,     33354 ,    0 ,    4996         ,
27 ,    3245 ,     m ,    0 ,     9733 ,     33846 ,    0 ,    5368         ,
27 ,    3285 ,     m ,    0 ,     9853 ,     34302 ,    0 ,    5391         ,
27 ,    3325 ,     m ,    0 ,     9973 ,     34713 ,    0 ,    5376         ,
27 ,    3365 ,     m ,    0 ,     10093 ,     35284 ,    0 ,    5425         ,
27 ,    3405 ,     m ,    0 ,     10213 ,     35696 ,    0 ,    5706         ,
27 ,    3445 ,     m ,    0 ,     10333 ,     36210 ,    0 ,    5429         ,
27 ,    3485 ,     m ,    0 ,     10453 ,     36702 ,    0 ,    5634         ,
27 ,    3525 ,     m ,    0 ,     10573 ,     37190 ,    0 ,    5662         ,
27 ,    3565 ,     m ,    0 ,     10693 ,     37644 ,    0 ,    5853         ,
27 ,    3605 ,     m ,    0 ,     10813 ,     38124 ,    0 ,    6072         ,
27 ,    3645 ,     m ,    0 ,     10933 ,     38565 ,    0 ,    5877         ,
27 ,    3685 ,     m ,    0 ,     11053 ,     39051 ,    0 ,    5818         ,
27 ,    3725 ,     m ,    0 ,     11173 ,     39537 ,    0 ,    5924         ,
27 ,    3765 ,     m ,    0 ,     11293 ,     39997 ,    0 ,    6134         ,
27 ,    3805 ,     m ,    0 ,     11413 ,     40517 ,    0 ,    6160         ,
27 ,    3845 ,     m ,    0 ,     11533 ,     40994 ,    0 ,    6342         ,
27 ,    3885 ,     m ,    0 ,     11653 ,     41424 ,    0 ,    6422         ,
27 ,    3925 ,     m ,    0 ,     11773 ,     41934 ,    0 ,    6387         ,
27 ,    3965 ,     m ,    0 ,     11893 ,     42422 ,    0 ,    6424         ,
27 ,    4005 ,     m ,    0 ,     12013 ,     42875 ,    0 ,    6513         ,
27 ,    4045 ,     m ,    0 ,     12133 ,     43388 ,    0 ,    6726         ,
27 ,    4085 ,     m ,    0 ,     12253 ,     43876 ,    0 ,    7012         ,
27 ,    4125 ,     m ,    0 ,     12373 ,     44285 ,    0 ,    6770         ,
27 ,    4165 ,     m ,    0 ,     12493 ,     44799 ,    0 ,    6637         ,
27 ,    4205 ,     m ,    0 ,     12613 ,     45254 ,    0 ,    6823         ,
27 ,    4245 ,     m ,    0 ,     12733 ,     45810 ,    0 ,    6613         ,
27 ,    4285 ,     m ,    0 ,     12853 ,     46324 ,    0 ,    6762         ,
27 ,    4325 ,     m ,    0 ,     12973 ,     46762 ,    0 ,    7054         ,
27 ,    4365 ,     m ,    0 ,     13093 ,     47295 ,    0 ,    7174         ,
27 ,    4405 ,     m ,    0 ,     13213 ,     47775 ,    0 ,    7234         ,
27 ,    4445 ,     m ,    0 ,     13333 ,     48288 ,    0 ,    7137         ,
27 ,    4485 ,     m ,    0 ,     13453 ,     48775 ,    0 ,    7144         ,
27 ,    4525 ,     m ,    0 ,     13573 ,     49324 ,    0 ,    7161         ,
27 ,    4565 ,     m ,    0 ,     13693 ,     49821 ,    0 ,    7330         ,
27 ,    4605 ,     m ,    0 ,     13813 ,     50266 ,    0 ,    7365         ,
27 ,    4645 ,     m ,    0 ,     13933 ,     50822 ,    0 ,    7431         ,
27 ,    4685 ,     m ,    0 ,     14053 ,     51244 ,    0 ,    7516         ,
27 ,    4725 ,     m ,    0 ,     14173 ,     51718 ,    0 ,    7589         ,
27 ,    4765 ,     m ,    0 ,     14293 ,     52237 ,    0 ,    7648         ,
27 ,    4805 ,     m ,    0 ,     14413 ,     52711 ,    0 ,    7872         ,
27 ,    4845 ,     m ,    0 ,     14533 ,     53288 ,    0 ,    7812         ,
27 ,    4885 ,     m ,    0 ,     14653 ,     53756 ,    0 ,    7738         ,
27 ,    4925 ,     m ,    0 ,     14773 ,     54279 ,    0 ,    7775         ,
27 ,    4965 ,     m ,    0 ,     14893 ,     54795 ,    0 ,    7888         ,
27 ,    5 ,     m ,    1 ,     13 ,     7 ,    0 ,    3         ,
27 ,    45 ,     m ,    1 ,     133 ,     136 ,    0 ,    33         ,
27 ,    85 ,     m ,    1 ,     253 ,     297 ,    0 ,    65         ,
27 ,    125 ,     m ,    1 ,     373 ,     443 ,    0 ,    89         ,
27 ,    165 ,     m ,    1 ,     493 ,     654 ,    0 ,    120         ,
27 ,    205 ,     m ,    1 ,     613 ,     837 ,    0 ,    151         ,
27 ,    245 ,     m ,    1 ,     733 ,     996 ,    0 ,    190         ,
27 ,    285 ,     m ,    1 ,     853 ,     1218 ,    0 ,    218         ,
27 ,    325 ,     m ,    1 ,     973 ,     1443 ,    0 ,    245         ,
27 ,    365 ,     m ,    1 ,     1093 ,     1653 ,    0 ,    281         ,
27 ,    405 ,     m ,    1 ,     1213 ,     1854 ,    0 ,    314         ,
27 ,    445 ,     m ,    1 ,     1333 ,     2040 ,    0 ,    353         ,
27 ,    485 ,     m ,    1 ,     1453 ,     2217 ,    0 ,    378         ,
27 ,    525 ,     m ,    1 ,     1573 ,     2412 ,    0 ,    413         ,
27 ,    565 ,     m ,    1 ,     1693 ,     2691 ,    0 ,    446         ,
27 ,    605 ,     m ,    1 ,     1813 ,     2946 ,    0 ,    491         ,
27 ,    645 ,     m ,    1 ,     1933 ,     3176 ,    0 ,    517         ,
27 ,    685 ,     m ,    1 ,     2053 ,     3426 ,    0 ,    553         ,
27 ,    725 ,     m ,    1 ,     2173 ,     3646 ,    0 ,    586         ,
27 ,    765 ,     m ,    1 ,     2293 ,     3832 ,    0 ,    618         ,
27 ,    805 ,     m ,    1 ,     2413 ,     4083 ,    0 ,    661         ,
27 ,    845 ,     m ,    1 ,     2533 ,     4306 ,    0 ,    798         ,
27 ,    885 ,     m ,    1 ,     2653 ,     4505 ,    0 ,    730         ,
27 ,    925 ,     m ,    1 ,     2773 ,     4709 ,    0 ,    767         ,
27 ,    965 ,     m ,    1 ,     2893 ,     4894 ,    0 ,    813         ,
27 ,    1005 ,     m ,    1 ,     3013 ,     5064 ,    0 ,    836         ,
27 ,    1045 ,     m ,    1 ,     3133 ,     5309 ,    0 ,    870         ,
27 ,    1085 ,     m ,    1 ,     3253 ,     5615 ,    0 ,    913         ,
27 ,    1125 ,     m ,    1 ,     3373 ,     5912 ,    0 ,    956         ,
27 ,    1165 ,     m ,    1 ,     3493 ,     6188 ,    0 ,    1000         ,
27 ,    1205 ,     m ,    1 ,     3613 ,     6467 ,    0 ,    1025         ,
27 ,    1245 ,     m ,    1 ,     3733 ,     6722 ,    0 ,    1068         ,
27 ,    1285 ,     m ,    1 ,     3853 ,     6957 ,    0 ,    1099         ,
27 ,    1325 ,     m ,    1 ,     3973 ,     7247 ,    0 ,    1249         ,
27 ,    1365 ,     m ,    1 ,     4093 ,     7507 ,    0 ,    1183         ,
27 ,    1405 ,     m ,    1 ,     4213 ,     7733 ,    0 ,    1206         ,
27 ,    1445 ,     m ,    1 ,     4333 ,     7987 ,    0 ,    1254         ,
27 ,    1485 ,     m ,    1 ,     4453 ,     8210 ,    0 ,    1280         ,
27 ,    1525 ,     m ,    1 ,     4573 ,     8409 ,    0 ,    1422         ,
27 ,    1565 ,     m ,    1 ,     4693 ,     8671 ,    0 ,    1360         ,
27 ,    1605 ,     m ,    1 ,     4813 ,     8936 ,    0 ,    1393         ,
27 ,    1645 ,     m ,    1 ,     4933 ,     9186 ,    0 ,    1426         ,
27 ,    1685 ,     m ,    1 ,     5053 ,     9427 ,    0 ,    1470         ,
27 ,    1725 ,     m ,    1 ,     5173 ,     9653 ,    0 ,    1508         ,
27 ,    1765 ,     m ,    1 ,     5293 ,     9870 ,    0 ,    1539         ,
27 ,    1805 ,     m ,    1 ,     5413 ,     10079 ,    0 ,    1576         ,
27 ,    1845 ,     m ,    1 ,     5533 ,     10318 ,    0 ,    1616         ,
27 ,    1885 ,     m ,    1 ,     5653 ,     10533 ,    0 ,    1751         ,
27 ,    1925 ,     m ,    1 ,     5773 ,     10723 ,    0 ,    1704         ,
27 ,    1965 ,     m ,    1 ,     5893 ,     10933 ,    0 ,    1721         ,
27 ,    2005 ,     m ,    1 ,     6013 ,     11113 ,    0 ,    1753         ,
27 ,    2045 ,     m ,    1 ,     6133 ,     11259 ,    0 ,    1904         ,
27 ,    2085 ,     m ,    1 ,     6253 ,     11618 ,    0 ,    1841         ,
27 ,    2125 ,     m ,    1 ,     6373 ,     11961 ,    0 ,    1882         ,
27 ,    2165 ,     m ,    1 ,     6493 ,     12280 ,    0 ,    2035         ,
27 ,    2205 ,     m ,    1 ,     6613 ,     12604 ,    0 ,    1960         ,
27 ,    2245 ,     m ,    1 ,     6733 ,     12909 ,    0 ,    1994         ,
27 ,    2285 ,     m ,    1 ,     6853 ,     13199 ,    0 ,    2044         ,
27 ,    2325 ,     m ,    1 ,     6973 ,     13501 ,    0 ,    2278         ,
27 ,    2365 ,     m ,    1 ,     7093 ,     13807 ,    0 ,    2127         ,
27 ,    2405 ,     m ,    1 ,     7213 ,     14104 ,    0 ,    2175         ,
27 ,    2445 ,     m ,    1 ,     7333 ,     14380 ,    0 ,    2352         ,
27 ,    2485 ,     m ,    1 ,     7453 ,     14659 ,    0 ,    2248         ,
27 ,    2525 ,     m ,    1 ,     7573 ,     14914 ,    0 ,    2281         ,
27 ,    2565 ,     m ,    1 ,     7693 ,     15154 ,    0 ,    2431         ,
27 ,    2605 ,     m ,    1 ,     7813 ,     15484 ,    0 ,    2372         ,
27 ,    2645 ,     m ,    1 ,     7933 ,     15784 ,    0 ,    2402         ,
27 ,    2685 ,     m ,    1 ,     8053 ,     16050 ,    0 ,    2592         ,
27 ,    2725 ,     m ,    1 ,     8173 ,     16344 ,    0 ,    2484         ,
27 ,    2765 ,     m ,    1 ,     8293 ,     16607 ,    0 ,    2525         ,
27 ,    2805 ,     m ,    1 ,     8413 ,     16846 ,    0 ,    2914         ,
27 ,    2845 ,     m ,    1 ,     8533 ,     17119 ,    0 ,    2600         ,
27 ,    2885 ,     m ,    1 ,     8653 ,     17384 ,    0 ,    2621         ,
27 ,    2925 ,     m ,    1 ,     8773 ,     17634 ,    0 ,    2795         ,
27 ,    2965 ,     m ,    1 ,     8893 ,     17875 ,    0 ,    2709         ,
27 ,    3005 ,     m ,    1 ,     9013 ,     18101 ,    0 ,    2735         ,
27 ,    3045 ,     m ,    1 ,     9133 ,     18318 ,    0 ,    2895         ,
27 ,    3085 ,     m ,    1 ,     9253 ,     18553 ,    0 ,    2827         ,
27 ,    3125 ,     m ,    1 ,     9373 ,     18872 ,    0 ,    2977         ,
27 ,    3165 ,     m ,    1 ,     9493 ,     19167 ,    0 ,    2908         ,
27 ,    3205 ,     m ,    1 ,     9613 ,     19437 ,    0 ,    2961         ,
27 ,    3245 ,     m ,    1 ,     9733 ,     19727 ,    0 ,    3102         ,
27 ,    3285 ,     m ,    1 ,     9853 ,     19987 ,    0 ,    3022         ,
27 ,    3325 ,     m ,    1 ,     9973 ,     20213 ,    0 ,    3069         ,
27 ,    3365 ,     m ,    1 ,     10093 ,     20504 ,    0 ,    3104         ,
27 ,    3405 ,     m ,    1 ,     10213 ,     20767 ,    0 ,    3155         ,
27 ,    3445 ,     m ,    1 ,     10333 ,     21006 ,    0 ,    3297         ,
27 ,    3485 ,     m ,    1 ,     10453 ,     21250 ,    0 ,    3209         ,
27 ,    3525 ,     m ,    1 ,     10573 ,     21475 ,    0 ,    3378         ,
27 ,    3565 ,     m ,    1 ,     10693 ,     21685 ,    0 ,    3310         ,
27 ,    3605 ,     m ,    1 ,     10813 ,     21928 ,    0 ,    3329         ,
27 ,    3645 ,     m ,    1 ,     10933 ,     22194 ,    0 ,    3382         ,
27 ,    3685 ,     m ,    1 ,     11053 ,     22451 ,    0 ,    3421         ,
27 ,    3725 ,     m ,    1 ,     11173 ,     22687 ,    0 ,    3571         ,
27 ,    3765 ,     m ,    1 ,     11293 ,     22926 ,    0 ,    3517         ,
27 ,    3805 ,     m ,    1 ,     11413 ,     23141 ,    0 ,    3639         ,
27 ,    3845 ,     m ,    1 ,     11533 ,     23336 ,    0 ,    3570         ,
27 ,    3885 ,     m ,    1 ,     11653 ,     23586 ,    0 ,    3784         ,
27 ,    3925 ,     m ,    1 ,     11773 ,     23806 ,    0 ,    3638         ,
27 ,    3965 ,     m ,    1 ,     11893 ,     23992 ,    0 ,    3795         ,
27 ,    4005 ,     m ,    1 ,     12013 ,     24206 ,    0 ,    3716         ,
27 ,    4045 ,     m ,    1 ,     12133 ,     24389 ,    0 ,    3761         ,
27 ,    4085 ,     m ,    1 ,     12253 ,     24548 ,    0 ,    3801         ,
27 ,    4125 ,     m ,    1 ,     12373 ,     24886 ,    0 ,    3832         ,
27 ,    4165 ,     m ,    1 ,     12493 ,     25271 ,    0 ,    3902         ,
27 ,    4205 ,     m ,    1 ,     12613 ,     25641 ,    0 ,    3939         ,
27 ,    4245 ,     m ,    1 ,     12733 ,     26002 ,    0 ,    3987         ,
27 ,    4285 ,     m ,    1 ,     12853 ,     26348 ,    0 ,    4004         ,
27 ,    4325 ,     m ,    1 ,     12973 ,     26685 ,    0 ,    4081         ,
27 ,    4365 ,     m ,    1 ,     13093 ,     27014 ,    0 ,    4205         ,
27 ,    4405 ,     m ,    1 ,     13213 ,     27373 ,    0 ,    4152         ,
27 ,    4445 ,     m ,    1 ,     13333 ,     27708 ,    0 ,    4288         ,
27 ,    4485 ,     m ,    1 ,     13453 ,     28018 ,    0 ,    4206         ,
27 ,    4525 ,     m ,    1 ,     13573 ,     28348 ,    0 ,    4369         ,
27 ,    4565 ,     m ,    1 ,     13693 ,     28648 ,    0 ,    4289         ,
27 ,    4605 ,     m ,    1 ,     13813 ,     28914 ,    0 ,    4452         ,
27 ,    4645 ,     m ,    1 ,     13933 ,     29282 ,    0 ,    4371         ,
27 ,    4685 ,     m ,    1 ,     14053 ,     29625 ,    0 ,    4551         ,
27 ,    4725 ,     m ,    1 ,     14173 ,     29944 ,    0 ,    4485         ,
27 ,    4765 ,     m ,    1 ,     14293 ,     30268 ,    0 ,    4672         ,
27 ,    4805 ,     m ,    1 ,     14413 ,     30573 ,    0 ,    4570         ,
27 ,    4845 ,     m ,    1 ,     14533 ,     30863 ,    0 ,    4624         ,
27 ,    4885 ,     m ,    1 ,     14653 ,     31165 ,    0 ,    4757         ,
27 ,    4925 ,     m ,    1 ,     14773 ,     31471 ,    0 ,    4700         ,
27 ,    4965 ,     m ,    1 ,     14893 ,     31768 ,    0 ,    4836         ,
27 ,    5 ,     m ,    2 ,     13 ,     5 ,    0 ,    4         ,
27 ,    45 ,     m ,    2 ,     133 ,     115 ,    0 ,    32         ,
27 ,    85 ,     m ,    2 ,     253 ,     255 ,    0 ,    57         ,
27 ,    125 ,     m ,    2 ,     373 ,     429 ,    0 ,    89         ,
27 ,    165 ,     m ,    2 ,     493 ,     575 ,    0 ,    117         ,
27 ,    205 ,     m ,    2 ,     613 ,     752 ,    0 ,    148         ,
27 ,    245 ,     m ,    2 ,     733 ,     953 ,    0 ,    180         ,
27 ,    285 ,     m ,    2 ,     853 ,     1120 ,    0 ,    218         ,
27 ,    325 ,     m ,    2 ,     973 ,     1295 ,    0 ,    242         ,
27 ,    365 ,     m ,    2 ,     1093 ,     1485 ,    0 ,    282         ,
27 ,    405 ,     m ,    2 ,     1213 ,     1684 ,    0 ,    309         ,
27 ,    445 ,     m ,    2 ,     1333 ,     1898 ,    0 ,    343         ,
27 ,    485 ,     m ,    2 ,     1453 ,     2121 ,    0 ,    390         ,
27 ,    525 ,     m ,    2 ,     1573 ,     2339 ,    0 ,    408         ,
27 ,    565 ,     m ,    2 ,     1693 ,     2500 ,    0 ,    442         ,
27 ,    605 ,     m ,    2 ,     1813 ,     2685 ,    0 ,    477         ,
27 ,    645 ,     m ,    2 ,     1933 ,     2895 ,    0 ,    522         ,
27 ,    685 ,     m ,    2 ,     2053 ,     3085 ,    0 ,    550         ,
27 ,    725 ,     m ,    2 ,     2173 ,     3305 ,    0 ,    582         ,
27 ,    765 ,     m ,    2 ,     2293 ,     3559 ,    0 ,    614         ,
27 ,    805 ,     m ,    2 ,     2413 ,     3748 ,    0 ,    653         ,
27 ,    845 ,     m ,    2 ,     2533 ,     3965 ,    0 ,    704         ,
27 ,    885 ,     m ,    2 ,     2653 ,     4206 ,    0 ,    727         ,
27 ,    925 ,     m ,    2 ,     2773 ,     4442 ,    0 ,    761         ,
27 ,    965 ,     m ,    2 ,     2893 ,     4697 ,    0 ,    794         ,
27 ,    1005 ,     m ,    2 ,     3013 ,     4967 ,    0 ,    831         ,
27 ,    1045 ,     m ,    2 ,     3133 ,     5183 ,    0 ,    876         ,
27 ,    1085 ,     m ,    2 ,     3253 ,     5357 ,    0 ,    902         ,
27 ,    1125 ,     m ,    2 ,     3373 ,     5540 ,    0 ,    940         ,
27 ,    1165 ,     m ,    2 ,     3493 ,     5744 ,    0 ,    978         ,
27 ,    1205 ,     m ,    2 ,     3613 ,     5945 ,    0 ,    1018         ,
27 ,    1245 ,     m ,    2 ,     3733 ,     6170 ,    0 ,    1044         ,
27 ,    1285 ,     m ,    2 ,     3853 ,     6415 ,    0 ,    1079         ,
27 ,    1325 ,     m ,    2 ,     3973 ,     6605 ,    0 ,    1125         ,
27 ,    1365 ,     m ,    2 ,     4093 ,     6825 ,    0 ,    1162         ,
27 ,    1405 ,     m ,    2 ,     4213 ,     7079 ,    0 ,    1190         ,
27 ,    1445 ,     m ,    2 ,     4333 ,     7305 ,    0 ,    1458         ,
27 ,    1485 ,     m ,    2 ,     4453 ,     7562 ,    0 ,    1278         ,
27 ,    1525 ,     m ,    2 ,     4573 ,     7843 ,    0 ,    1298         ,
27 ,    1565 ,     m ,    2 ,     4693 ,     8061 ,    0 ,    1340         ,
27 ,    1605 ,     m ,    2 ,     4813 ,     8276 ,    0 ,    1378         ,
27 ,    1645 ,     m ,    2 ,     4933 ,     8506 ,    0 ,    1413         ,
27 ,    1685 ,     m ,    2 ,     5053 ,     8745 ,    0 ,    1456         ,
27 ,    1725 ,     m ,    2 ,     5173 ,     8999 ,    0 ,    1491         ,
27 ,    1765 ,     m ,    2 ,     5293 ,     9262 ,    0 ,    1533         ,
27 ,    1805 ,     m ,    2 ,     5413 ,     9533 ,    0 ,    1680         ,
27 ,    1845 ,     m ,    2 ,     5533 ,     9774 ,    0 ,    1614         ,
27 ,    1885 ,     m ,    2 ,     5653 ,     10039 ,    0 ,    1640         ,
27 ,    1925 ,     m ,    2 ,     5773 ,     10329 ,    0 ,    1693         ,
27 ,    1965 ,     m ,    2 ,     5893 ,     10599 ,    0 ,    1829         ,
27 ,    2005 ,     m ,    2 ,     6013 ,     10899 ,    0 ,    1751         ,
27 ,    2045 ,     m ,    2 ,     6133 ,     11233 ,    0 ,    1789         ,
27 ,    2085 ,     m ,    2 ,     6253 ,     11391 ,    0 ,    1853         ,
27 ,    2125 ,     m ,    2 ,     6373 ,     11568 ,    0 ,    1983         ,
27 ,    2165 ,     m ,    2 ,     6493 ,     11769 ,    0 ,    1920         ,
27 ,    2205 ,     m ,    2 ,     6613 ,     11965 ,    0 ,    1956         ,
27 ,    2245 ,     m ,    2 ,     6733 ,     12180 ,    0 ,    2109         ,
27 ,    2285 ,     m ,    2 ,     6853 ,     12410 ,    0 ,    2019         ,
27 ,    2325 ,     m ,    2 ,     6973 ,     12628 ,    0 ,    2067         ,
27 ,    2365 ,     m ,    2 ,     7093 ,     12842 ,    0 ,    2095         ,
27 ,    2405 ,     m ,    2 ,     7213 ,     13065 ,    0 ,    2144         ,
27 ,    2445 ,     m ,    2 ,     7333 ,     13309 ,    0 ,    2203         ,
27 ,    2485 ,     m ,    2 ,     7453 ,     13550 ,    0 ,    2224         ,
27 ,    2525 ,     m ,    2 ,     7573 ,     13815 ,    0 ,    2353         ,
27 ,    2565 ,     m ,    2 ,     7693 ,     14095 ,    0 ,    2302         ,
27 ,    2605 ,     m ,    2 ,     7813 ,     14285 ,    0 ,    2345         ,
27 ,    2645 ,     m ,    2 ,     7933 ,     14505 ,    0 ,    2493         ,
27 ,    2685 ,     m ,    2 ,     8053 ,     14759 ,    0 ,    2409         ,
27 ,    2725 ,     m ,    2 ,     8173 ,     14985 ,    0 ,    2466         ,
27 ,    2765 ,     m ,    2 ,     8293 ,     15242 ,    0 ,    2596         ,
27 ,    2805 ,     m ,    2 ,     8413 ,     15523 ,    0 ,    2521         ,
27 ,    2845 ,     m ,    2 ,     8533 ,     15770 ,    0 ,    2569         ,
27 ,    2885 ,     m ,    2 ,     8653 ,     16025 ,    0 ,    2719         ,
27 ,    2925 ,     m ,    2 ,     8773 ,     16295 ,    0 ,    2639         ,
27 ,    2965 ,     m ,    2 ,     8893 ,     16574 ,    0 ,    2683         ,
27 ,    3005 ,     m ,    2 ,     9013 ,     16868 ,    0 ,    2711         ,
27 ,    3045 ,     m ,    2 ,     9133 ,     17171 ,    0 ,    2771         ,
27 ,    3085 ,     m ,    2 ,     9253 ,     17456 ,    0 ,    2902         ,
27 ,    3125 ,     m ,    2 ,     9373 ,     17657 ,    0 ,    2839         ,
27 ,    3165 ,     m ,    2 ,     9493 ,     17882 ,    0 ,    2878         ,
27 ,    3205 ,     m ,    2 ,     9613 ,     18132 ,    0 ,    3035         ,
27 ,    3245 ,     m ,    2 ,     9733 ,     18362 ,    0 ,    2971         ,
27 ,    3285 ,     m ,    2 ,     9853 ,     18622 ,    0 ,    2987         ,
27 ,    3325 ,     m ,    2 ,     9973 ,     18916 ,    0 ,    3019         ,
27 ,    3365 ,     m ,    2 ,     10093 ,     19145 ,    0 ,    3078         ,
27 ,    3405 ,     m ,    2 ,     10213 ,     19402 ,    0 ,    3298         ,
27 ,    3445 ,     m ,    2 ,     10333 ,     19683 ,    0 ,    3148         ,
27 ,    3485 ,     m ,    2 ,     10453 ,     19959 ,    0 ,    3520         ,
27 ,    3525 ,     m ,    2 ,     10573 ,     20254 ,    0 ,    3225         ,
27 ,    3565 ,     m ,    2 ,     10693 ,     20564 ,    0 ,    3271         ,
27 ,    3605 ,     m ,    2 ,     10813 ,     20841 ,    0 ,    3330         ,
27 ,    3645 ,     m ,    2 ,     10933 ,     21095 ,    0 ,    3378         ,
27 ,    3685 ,     m ,    2 ,     11053 ,     21358 ,    0 ,    3517         ,
27 ,    3725 ,     m ,    2 ,     11173 ,     21642 ,    0 ,    3455         ,
27 ,    3765 ,     m ,    2 ,     11293 ,     21923 ,    0 ,    3599         ,
27 ,    3805 ,     m ,    2 ,     11413 ,     22228 ,    0 ,    3515         ,
27 ,    3845 ,     m ,    2 ,     11533 ,     22553 ,    0 ,    3689         ,
27 ,    3885 ,     m ,    2 ,     11653 ,     22823 ,    0 ,    3597         ,
27 ,    3925 ,     m ,    2 ,     11773 ,     23123 ,    0 ,    3763         ,
27 ,    3965 ,     m ,    2 ,     11893 ,     23457 ,    0 ,    3675         ,
27 ,    4005 ,     m ,    2 ,     12013 ,     23763 ,    0 ,    3707         ,
27 ,    4045 ,     m ,    2 ,     12133 ,     24100 ,    0 ,    3771         ,
27 ,    4085 ,     m ,    2 ,     12253 ,     24461 ,    0 ,    3785         ,
27 ,    4125 ,     m ,    2 ,     12373 ,     24672 ,    0 ,    3841         ,
27 ,    4165 ,     m ,    2 ,     12493 ,     24847 ,    0 ,    3894         ,
27 ,    4205 ,     m ,    2 ,     12613 ,     25037 ,    0 ,    3931         ,
27 ,    4245 ,     m ,    2 ,     12733 ,     25236 ,    0 ,    3980         ,
27 ,    4285 ,     m ,    2 ,     12853 ,     25450 ,    0 ,    3987         ,
27 ,    4325 ,     m ,    2 ,     12973 ,     25673 ,    0 ,    4039         ,
27 ,    4365 ,     m ,    2 ,     13093 ,     25904 ,    0 ,    4078         ,
27 ,    4405 ,     m ,    2 ,     13213 ,     26105 ,    0 ,    4245         ,
27 ,    4445 ,     m ,    2 ,     13333 ,     26330 ,    0 ,    4160         ,
27 ,    4485 ,     m ,    2 ,     13453 ,     26580 ,    0 ,    4316         ,
27 ,    4525 ,     m ,    2 ,     13573 ,     26810 ,    0 ,    4241         ,
27 ,    4565 ,     m ,    2 ,     13693 ,     27070 ,    0 ,    4410         ,
27 ,    4605 ,     m ,    2 ,     13813 ,     27364 ,    0 ,    4304         ,
27 ,    4645 ,     m ,    2 ,     13933 ,     27556 ,    0 ,    4480         ,
27 ,    4685 ,     m ,    2 ,     14053 ,     27773 ,    0 ,    4406         ,
27 ,    4725 ,     m ,    2 ,     14173 ,     28014 ,    0 ,    4674         ,
27 ,    4765 ,     m ,    2 ,     14293 ,     28250 ,    0 ,    4491         ,
27 ,    4805 ,     m ,    2 ,     14413 ,     28505 ,    0 ,    4727         ,
27 ,    4845 ,     m ,    2 ,     14533 ,     28775 ,    0 ,    4681         ,
27 ,    4885 ,     m ,    2 ,     14653 ,     29033 ,    0 ,    4634         ,
27 ,    4925 ,     m ,    2 ,     14773 ,     29287 ,    0 ,    4771         ,
27 ,    4965 ,     m ,    2 ,     14893 ,     29550 ,    0 ,    4703         ,
27 ,    5 ,     m ,    3 ,     13 ,     7 ,    0 ,    6         ,
27 ,    45 ,     m ,    3 ,     133 ,     184 ,    0 ,    46         ,
27 ,    85 ,     m ,    3 ,     253 ,     365 ,    0 ,    76         ,
27 ,    125 ,     m ,    3 ,     373 ,     613 ,    0 ,    121         ,
27 ,    165 ,     m ,    3 ,     493 ,     860 ,    0 ,    155         ,
27 ,    205 ,     m ,    3 ,     613 ,     1118 ,    0 ,    194         ,
27 ,    245 ,     m ,    3 ,     733 ,     1369 ,    0 ,    226         ,
27 ,    285 ,     m ,    3 ,     853 ,     1615 ,    0 ,    263         ,
27 ,    325 ,     m ,    3 ,     973 ,     1970 ,    0 ,    305         ,
27 ,    365 ,     m ,    3 ,     1093 ,     2304 ,    0 ,    343         ,
27 ,    405 ,     m ,    3 ,     1213 ,     2544 ,    0 ,    382         ,
27 ,    445 ,     m ,    3 ,     1333 ,     2762 ,    0 ,    422         ,
27 ,    485 ,     m ,    3 ,     1453 ,     3090 ,    0 ,    459         ,
27 ,    525 ,     m ,    3 ,     1573 ,     3360 ,    0 ,    505         ,
27 ,    565 ,     m ,    3 ,     1693 ,     3704 ,    0 ,    546         ,
27 ,    605 ,     m ,    3 ,     1813 ,     4079 ,    0 ,    588         ,
27 ,    645 ,     m ,    3 ,     1933 ,     4239 ,    0 ,    618         ,
27 ,    685 ,     m ,    3 ,     2053 ,     4686 ,    0 ,    664         ,
27 ,    725 ,     m ,    3 ,     2173 ,     4956 ,    0 ,    707         ,
27 ,    765 ,     m ,    3 ,     2293 ,     5303 ,    0 ,    832         ,
27 ,    805 ,     m ,    3 ,     2413 ,     5605 ,    0 ,    792         ,
27 ,    845 ,     m ,    3 ,     2533 ,     5959 ,    0 ,    830         ,
27 ,    885 ,     m ,    3 ,     2653 ,     6181 ,    0 ,    865         ,
27 ,    925 ,     m ,    3 ,     2773 ,     6617 ,    0 ,    920         ,
27 ,    965 ,     m ,    3 ,     2893 ,     6752 ,    0 ,    951         ,
27 ,    1005 ,     m ,    3 ,     3013 ,     7002 ,    0 ,    987         ,
27 ,    1045 ,     m ,    3 ,     3133 ,     7500 ,    0 ,    1042         ,
27 ,    1085 ,     m ,    3 ,     3253 ,     7884 ,    0 ,    1086         ,
27 ,    1125 ,     m ,    3 ,     3373 ,     8200 ,    0 ,    1126         ,
27 ,    1165 ,     m ,    3 ,     3493 ,     8536 ,    0 ,    1170         ,
27 ,    1205 ,     m ,    3 ,     3613 ,     8995 ,    0 ,    1209         ,
27 ,    1245 ,     m ,    3 ,     3733 ,     9244 ,    0 ,    1530         ,
27 ,    1285 ,     m ,    3 ,     3853 ,     9586 ,    0 ,    1267         ,
27 ,    1325 ,     m ,    3 ,     3973 ,     9943 ,    0 ,    1347         ,
27 ,    1365 ,     m ,    3 ,     4093 ,     10407 ,    0 ,    1477         ,
27 ,    1405 ,     m ,    3 ,     4213 ,     10621 ,    0 ,    1408         ,
27 ,    1445 ,     m ,    3 ,     4333 ,     11011 ,    0 ,    1451         ,
27 ,    1485 ,     m ,    3 ,     4453 ,     11339 ,    0 ,    1495         ,
27 ,    1525 ,     m ,    3 ,     4573 ,     11638 ,    0 ,    1527         ,
27 ,    1565 ,     m ,    3 ,     4693 ,     12138 ,    0 ,    1585         ,
27 ,    1605 ,     m ,    3 ,     4813 ,     12338 ,    0 ,    1732         ,
27 ,    1645 ,     m ,    3 ,     4933 ,     12684 ,    0 ,    1673         ,
27 ,    1685 ,     m ,    3 ,     5053 ,     13131 ,    0 ,    1726         ,
27 ,    1725 ,     m ,    3 ,     5173 ,     13112 ,    0 ,    1775         ,
27 ,    1765 ,     m ,    3 ,     5293 ,     13740 ,    0 ,    1905         ,
27 ,    1805 ,     m ,    3 ,     5413 ,     13998 ,    0 ,    1836         ,
27 ,    1845 ,     m ,    3 ,     5533 ,     14417 ,    0 ,    1884         ,
27 ,    1885 ,     m ,    3 ,     5653 ,     14795 ,    0 ,    1941         ,
27 ,    1925 ,     m ,    3 ,     5773 ,     15194 ,    0 ,    1980         ,
27 ,    1965 ,     m ,    3 ,     5893 ,     15387 ,    0 ,    2174         ,
27 ,    2005 ,     m ,    3 ,     6013 ,     15695 ,    0 ,    2177         ,
27 ,    2045 ,     m ,    3 ,     6133 ,     16120 ,    0 ,    2391         ,
27 ,    2085 ,     m ,    3 ,     6253 ,     16471 ,    0 ,    2215         ,
27 ,    2125 ,     m ,    3 ,     6373 ,     16843 ,    0 ,    2267         ,
27 ,    2165 ,     m ,    3 ,     6493 ,     17289 ,    0 ,    2422         ,
27 ,    2205 ,     m ,    3 ,     6613 ,     17662 ,    0 ,    2315         ,
27 ,    2245 ,     m ,    3 ,     6733 ,     18034 ,    0 ,    2506         ,
27 ,    2285 ,     m ,    3 ,     6853 ,     18539 ,    0 ,    2584         ,
27 ,    2325 ,     m ,    3 ,     6973 ,     18808 ,    0 ,    2409         ,
27 ,    2365 ,     m ,    3 ,     7093 ,     19091 ,    0 ,    2680         ,
27 ,    2405 ,     m ,    3 ,     7213 ,     19603 ,    0 ,    2510         ,
27 ,    2445 ,     m ,    3 ,     7333 ,     19928 ,    0 ,    2551         ,
27 ,    2485 ,     m ,    3 ,     7453 ,     20473 ,    0 ,    2667         ,
27 ,    2525 ,     m ,    3 ,     7573 ,     20686 ,    0 ,    2639         ,
27 ,    2565 ,     m ,    3 ,     7693 ,     21117 ,    0 ,    2827         ,
27 ,    2605 ,     m ,    3 ,     7813 ,     21559 ,    0 ,    2892         ,
27 ,    2645 ,     m ,    3 ,     7933 ,     21845 ,    0 ,    3160         ,
27 ,    2685 ,     m ,    3 ,     8053 ,     22301 ,    0 ,    2843         ,
27 ,    2725 ,     m ,    3 ,     8173 ,     22632 ,    0 ,    2867         ,
27 ,    2765 ,     m ,    3 ,     8293 ,     23196 ,    0 ,    2989         ,
27 ,    2805 ,     m ,    3 ,     8413 ,     23454 ,    0 ,    3038         ,
27 ,    2845 ,     m ,    3 ,     8533 ,     23850 ,    0 ,    3012         ,
27 ,    2885 ,     m ,    3 ,     8653 ,     24214 ,    0 ,    3225         ,
27 ,    2925 ,     m ,    3 ,     8773 ,     24588 ,    0 ,    3165         ,
27 ,    2965 ,     m ,    3 ,     8893 ,     24994 ,    0 ,    3216         ,
27 ,    3005 ,     m ,    3 ,     9013 ,     25332 ,    0 ,    3260         ,
27 ,    3045 ,     m ,    3 ,     9133 ,     25752 ,    0 ,    3397         ,
27 ,    3085 ,     m ,    3 ,     9253 ,     25719 ,    0 ,    3316         ,
27 ,    3125 ,     m ,    3 ,     9373 ,     26300 ,    0 ,    3415         ,
27 ,    3165 ,     m ,    3 ,     9493 ,     26467 ,    0 ,    3680         ,
27 ,    3205 ,     m ,    3 ,     9613 ,     26842 ,    0 ,    3614         ,
27 ,    3245 ,     m ,    3 ,     9733 ,     27535 ,    0 ,    3476         ,
27 ,    3285 ,     m ,    3 ,     9853 ,     28156 ,    0 ,    3808         ,
27 ,    3325 ,     m ,    3 ,     9973 ,     28366 ,    0 ,    3624         ,
27 ,    3365 ,     m ,    3 ,     10093 ,     28478 ,    0 ,    3692         ,
27 ,    3405 ,     m ,    3 ,     10213 ,     29057 ,    0 ,    3857         ,
27 ,    3445 ,     m ,    3 ,     10333 ,     29574 ,    0 ,    3787         ,
27 ,    3485 ,     m ,    3 ,     10453 ,     29548 ,    0 ,    3937         ,
27 ,    3525 ,     m ,    3 ,     10573 ,     30105 ,    0 ,    3887         ,
27 ,    3565 ,     m ,    3 ,     10693 ,     30653 ,    0 ,    3916         ,
27 ,    3605 ,     m ,    3 ,     10813 ,     30877 ,    0 ,    4051         ,
27 ,    3645 ,     m ,    3 ,     10933 ,     31069 ,    0 ,    4118         ,
27 ,    3685 ,     m ,    3 ,     11053 ,     31495 ,    0 ,    4084         ,
27 ,    3725 ,     m ,    3 ,     11173 ,     32121 ,    0 ,    4282         ,
27 ,    3765 ,     m ,    3 ,     11293 ,     32210 ,    0 ,    4063         ,
27 ,    3805 ,     m ,    3 ,     11413 ,     32396 ,    0 ,    4196         ,
27 ,    3845 ,     m ,    3 ,     11533 ,     33001 ,    0 ,    4363         ,
27 ,    3885 ,     m ,    3 ,     11653 ,     33093 ,    0 ,    4385         ,
27 ,    3925 ,     m ,    3 ,     11773 ,     33774 ,    0 ,    4344         ,
27 ,    3965 ,     m ,    3 ,     11893 ,     34308 ,    0 ,    4384         ,
27 ,    4005 ,     m ,    3 ,     12013 ,     34502 ,    0 ,    4512         ,
27 ,    4045 ,     m ,    3 ,     12133 ,     34793 ,    0 ,    4389         ,
27 ,    4085 ,     m ,    3 ,     12253 ,     35116 ,    0 ,    4664         ,
27 ,    4125 ,     m ,    3 ,     12373 ,     35567 ,    0 ,    4566         ,
27 ,    4165 ,     m ,    3 ,     12493 ,     36034 ,    0 ,    4544         ,
27 ,    4205 ,     m ,    3 ,     12613 ,     36616 ,    0 ,    4859         ,
27 ,    4245 ,     m ,    3 ,     12733 ,     36599 ,    0 ,    4736         ,
27 ,    4285 ,     m ,    3 ,     12853 ,     37118 ,    0 ,    5042         ,
27 ,    4325 ,     m ,    3 ,     12973 ,     37817 ,    0 ,    4720         ,
27 ,    4365 ,     m ,    3 ,     13093 ,     38085 ,    0 ,    4808         ,
27 ,    4405 ,     m ,    3 ,     13213 ,     38700 ,    0 ,    5329         ,
27 ,    4445 ,     m ,    3 ,     13333 ,     39134 ,    0 ,    5120         ,
27 ,    4485 ,     m ,    3 ,     13453 ,     39272 ,    0 ,    5148         ,
27 ,    4525 ,     m ,    3 ,     13573 ,     40036 ,    0 ,    5106         ,
27 ,    4565 ,     m ,    3 ,     13693 ,     40293 ,    0 ,    5004         ,
27 ,    4605 ,     m ,    3 ,     13813 ,     40594 ,    0 ,    5370         ,
27 ,    4645 ,     m ,    3 ,     13933 ,     41183 ,    0 ,    5194         ,
27 ,    4685 ,     m ,    3 ,     14053 ,     42054 ,    0 ,    5556         ,
27 ,    4725 ,     m ,    3 ,     14173 ,     42098 ,    0 ,    5275         ,
27 ,    4765 ,     m ,    3 ,     14293 ,     42136 ,    0 ,    5754         ,
27 ,    4805 ,     m ,    3 ,     14413 ,     43064 ,    0 ,    5405         ,
27 ,    4845 ,     m ,    3 ,     14533 ,     43305 ,    0 ,    5569         ,
27 ,    4885 ,     m ,    3 ,     14653 ,     43780 ,    0 ,    5594         ,
27 ,    4925 ,     m ,    3 ,     14773 ,     43916 ,    0 ,    5662         ,
27 ,    4965 ,     m ,    3 ,     14893 ,     44455 ,    0 ,    7434         ,
27 ,    5 ,     m ,    4 ,     13 ,     8 ,    0 ,    5         ,
27 ,    45 ,     m ,    4 ,     133 ,     175 ,    0 ,    46         ,
27 ,    85 ,     m ,    4 ,     253 ,     415 ,    0 ,    85         ,
27 ,    125 ,     m ,    4 ,     373 ,     678 ,    0 ,    128         ,
27 ,    165 ,     m ,    4 ,     493 ,     982 ,    0 ,    167         ,
27 ,    205 ,     m ,    4 ,     613 ,     1274 ,    0 ,    214         ,
27 ,    245 ,     m ,    4 ,     733 ,     1590 ,    0 ,    264         ,
27 ,    285 ,     m ,    4 ,     853 ,     1892 ,    0 ,    300         ,
27 ,    325 ,     m ,    4 ,     973 ,     2190 ,    0 ,    338         ,
27 ,    365 ,     m ,    4 ,     1093 ,     2505 ,    0 ,    385         ,
27 ,    405 ,     m ,    4 ,     1213 ,     2816 ,    0 ,    426         ,
27 ,    445 ,     m ,    4 ,     1333 ,     3216 ,    0 ,    478         ,
27 ,    485 ,     m ,    4 ,     1453 ,     3547 ,    0 ,    522         ,
27 ,    525 ,     m ,    4 ,     1573 ,     3833 ,    0 ,    562         ,
27 ,    565 ,     m ,    4 ,     1693 ,     4208 ,    0 ,    617         ,
27 ,    605 ,     m ,    4 ,     1813 ,     4541 ,    0 ,    651         ,
27 ,    645 ,     m ,    4 ,     1933 ,     4914 ,    0 ,    696         ,
27 ,    685 ,     m ,    4 ,     2053 ,     5301 ,    0 ,    744         ,
27 ,    725 ,     m ,    4 ,     2173 ,     5671 ,    0 ,    787         ,
27 ,    765 ,     m ,    4 ,     2293 ,     5983 ,    0 ,    825         ,
27 ,    805 ,     m ,    4 ,     2413 ,     6368 ,    0 ,    888         ,
27 ,    845 ,     m ,    4 ,     2533 ,     6721 ,    0 ,    937         ,
27 ,    885 ,     m ,    4 ,     2653 ,     7191 ,    0 ,    982         ,
27 ,    925 ,     m ,    4 ,     2773 ,     7532 ,    0 ,    1032         ,
27 ,    965 ,     m ,    4 ,     2893 ,     7935 ,    0 ,    1072         ,
27 ,    1005 ,     m ,    4 ,     3013 ,     8162 ,    0 ,    1114         ,
27 ,    1045 ,     m ,    4 ,     3133 ,     8655 ,    0 ,    1170         ,
27 ,    1085 ,     m ,    4 ,     3253 ,     9021 ,    0 ,    1254         ,
27 ,    1125 ,     m ,    4 ,     3373 ,     9353 ,    0 ,    1304         ,
27 ,    1165 ,     m ,    4 ,     3493 ,     9834 ,    0 ,    1322         ,
27 ,    1205 ,     m ,    4 ,     3613 ,     10232 ,    0 ,    1361         ,
27 ,    1245 ,     m ,    4 ,     3733 ,     10683 ,    0 ,    1416         ,
27 ,    1285 ,     m ,    4 ,     3853 ,     11044 ,    0 ,    1446         ,
27 ,    1325 ,     m ,    4 ,     3973 ,     11433 ,    0 ,    1503         ,
27 ,    1365 ,     m ,    4 ,     4093 ,     11837 ,    0 ,    1582         ,
27 ,    1405 ,     m ,    4 ,     4213 ,     12168 ,    0 ,    1594         ,
27 ,    1445 ,     m ,    4 ,     4333 ,     12481 ,    0 ,    1638         ,
27 ,    1485 ,     m ,    4 ,     4453 ,     12923 ,    0 ,    1957         ,
27 ,    1525 ,     m ,    4 ,     4573 ,     13397 ,    0 ,    1729         ,
27 ,    1565 ,     m ,    4 ,     4693 ,     13804 ,    0 ,    1791         ,
27 ,    1605 ,     m ,    4 ,     4813 ,     14217 ,    0 ,    2003         ,
27 ,    1645 ,     m ,    4 ,     4933 ,     14582 ,    0 ,    2042         ,
27 ,    1685 ,     m ,    4 ,     5053 ,     15013 ,    0 ,    1998         ,
27 ,    1725 ,     m ,    4 ,     5173 ,     15443 ,    0 ,    2052         ,
27 ,    1765 ,     m ,    4 ,     5293 ,     15818 ,    0 ,    2081         ,
27 ,    1805 ,     m ,    4 ,     5413 ,     16194 ,    0 ,    2122         ,
27 ,    1845 ,     m ,    4 ,     5533 ,     16615 ,    0 ,    2193         ,
27 ,    1885 ,     m ,    4 ,     5653 ,     17009 ,    0 ,    2349         ,
27 ,    1925 ,     m ,    4 ,     5773 ,     17316 ,    0 ,    2381         ,
27 ,    1965 ,     m ,    4 ,     5893 ,     17826 ,    0 ,    2352         ,
27 ,    2005 ,     m ,    4 ,     6013 ,     18171 ,    0 ,    2538         ,
27 ,    2045 ,     m ,    4 ,     6133 ,     18595 ,    0 ,    2541         ,
27 ,    2085 ,     m ,    4 ,     6253 ,     19036 ,    0 ,    2616         ,
27 ,    2125 ,     m ,    4 ,     6373 ,     19450 ,    0 ,    2565         ,
27 ,    2165 ,     m ,    4 ,     6493 ,     19870 ,    0 ,    2993         ,
27 ,    2205 ,     m ,    4 ,     6613 ,     20314 ,    0 ,    2729         ,
27 ,    2245 ,     m ,    4 ,     6733 ,     20779 ,    0 ,    2768         ,
27 ,    2285 ,     m ,    4 ,     6853 ,     21142 ,    0 ,    2799         ,
27 ,    2325 ,     m ,    4 ,     6973 ,     21593 ,    0 ,    2743         ,
27 ,    2365 ,     m ,    4 ,     7093 ,     22067 ,    0 ,    2805         ,
27 ,    2405 ,     m ,    4 ,     7213 ,     22432 ,    0 ,    2849         ,
27 ,    2445 ,     m ,    4 ,     7333 ,     22977 ,    0 ,    2892         ,
27 ,    2485 ,     m ,    4 ,     7453 ,     23439 ,    0 ,    2928         ,
27 ,    2525 ,     m ,    4 ,     7573 ,     23781 ,    0 ,    2961         ,
27 ,    2565 ,     m ,    4 ,     7693 ,     24277 ,    0 ,    3017         ,
27 ,    2605 ,     m ,    4 ,     7813 ,     24780 ,    0 ,    3093         ,
27 ,    2645 ,     m ,    4 ,     7933 ,     25119 ,    0 ,    3249         ,
27 ,    2685 ,     m ,    4 ,     8053 ,     25687 ,    0 ,    3328         ,
27 ,    2725 ,     m ,    4 ,     8173 ,     26284 ,    0 ,    3258         ,
27 ,    2765 ,     m ,    4 ,     8293 ,     26583 ,    0 ,    3285         ,
27 ,    2805 ,     m ,    4 ,     8413 ,     26764 ,    0 ,    3434         ,
27 ,    2845 ,     m ,    4 ,     8533 ,     27440 ,    0 ,    3485         ,
27 ,    2885 ,     m ,    4 ,     8653 ,     27740 ,    0 ,    3451         ,
27 ,    2925 ,     m ,    4 ,     8773 ,     28240 ,    0 ,    3505         ,
27 ,    2965 ,     m ,    4 ,     8893 ,     28737 ,    0 ,    3521         ,
27 ,    3005 ,     m ,    4 ,     9013 ,     29015 ,    0 ,    3739         ,
27 ,    3045 ,     m ,    4 ,     9133 ,     29451 ,    0 ,    3629         ,
27 ,    3085 ,     m ,    4 ,     9253 ,     29843 ,    0 ,    3757         ,
27 ,    3125 ,     m ,    4 ,     9373 ,     30388 ,    0 ,    3727         ,
27 ,    3165 ,     m ,    4 ,     9493 ,     30781 ,    0 ,    3899         ,
27 ,    3205 ,     m ,    4 ,     9613 ,     31362 ,    0 ,    3850         ,
27 ,    3245 ,     m ,    4 ,     9733 ,     31611 ,    0 ,    3895         ,
27 ,    3285 ,     m ,    4 ,     9853 ,     32108 ,    0 ,    3968         ,
27 ,    3325 ,     m ,    4 ,     9973 ,     32663 ,    0 ,    4089         ,
27 ,    3365 ,     m ,    4 ,     10093 ,     33048 ,    0 ,    4069         ,
27 ,    3405 ,     m ,    4 ,     10213 ,     33434 ,    0 ,    4220         ,
27 ,    3445 ,     m ,    4 ,     10333 ,     33725 ,    0 ,    4188         ,
27 ,    3485 ,     m ,    4 ,     10453 ,     34588 ,    0 ,    4404         ,
27 ,    3525 ,     m ,    4 ,     10573 ,     34792 ,    0 ,    4246         ,
27 ,    3565 ,     m ,    4 ,     10693 ,     35321 ,    0 ,    4320         ,
27 ,    3605 ,     m ,    4 ,     10813 ,     35576 ,    0 ,    4443         ,
27 ,    3645 ,     m ,    4 ,     10933 ,     36088 ,    0 ,    4505         ,
27 ,    3685 ,     m ,    4 ,     11053 ,     36461 ,    0 ,    4478         ,
27 ,    3725 ,     m ,    4 ,     11173 ,     37123 ,    0 ,    4648         ,
27 ,    3765 ,     m ,    4 ,     11293 ,     37349 ,    0 ,    4705         ,
27 ,    3805 ,     m ,    4 ,     11413 ,     37777 ,    0 ,    4660         ,
27 ,    3845 ,     m ,    4 ,     11533 ,     38309 ,    0 ,    4677         ,
27 ,    3885 ,     m ,    4 ,     11653 ,     38506 ,    0 ,    4862         ,
27 ,    3925 ,     m ,    4 ,     11773 ,     39073 ,    0 ,    4880         ,
27 ,    3965 ,     m ,    4 ,     11893 ,     39451 ,    0 ,    4947         ,
27 ,    4005 ,     m ,    4 ,     12013 ,     40154 ,    0 ,    4921         ,
27 ,    4045 ,     m ,    4 ,     12133 ,     40393 ,    0 ,    4954         ,
27 ,    4085 ,     m ,    4 ,     12253 ,     40806 ,    0 ,    5043         ,
27 ,    4125 ,     m ,    4 ,     12373 ,     41459 ,    0 ,    5171         ,
27 ,    4165 ,     m ,    4 ,     12493 ,     41885 ,    0 ,    5223         ,
27 ,    4205 ,     m ,    4 ,     12613 ,     42052 ,    0 ,    5265         ,
27 ,    4245 ,     m ,    4 ,     12733 ,     42747 ,    0 ,    5440         ,
27 ,    4285 ,     m ,    4 ,     12853 ,     43394 ,    0 ,    5926         ,
27 ,    4325 ,     m ,    4 ,     12973 ,     43731 ,    0 ,    5461         ,
27 ,    4365 ,     m ,    4 ,     13093 ,     44238 ,    0 ,    5481         ,
27 ,    4405 ,     m ,    4 ,     13213 ,     44828 ,    0 ,    5553         ,
27 ,    4445 ,     m ,    4 ,     13333 ,     45504 ,    0 ,    6207         ,
27 ,    4485 ,     m ,    4 ,     13453 ,     45521 ,    0 ,    5660         ,
27 ,    4525 ,     m ,    4 ,     13573 ,     46300 ,    0 ,    5722         ,
27 ,    4565 ,     m ,    4 ,     13693 ,     46329 ,    0 ,    5953         ,
27 ,    4605 ,     m ,    4 ,     13813 ,     47092 ,    0 ,    5827         ,
27 ,    4645 ,     m ,    4 ,     13933 ,     47318 ,    0 ,    5859         ,
27 ,    4685 ,     m ,    4 ,     14053 ,     48083 ,    0 ,    5801         ,
27 ,    4725 ,     m ,    4 ,     14173 ,     48361 ,    0 ,    5983         ,
27 ,    4765 ,     m ,    4 ,     14293 ,     48704 ,    0 ,    6005         ,
27 ,    4805 ,     m ,    4 ,     14413 ,     49458 ,    0 ,    6102         ,
27 ,    4845 ,     m ,    4 ,     14533 ,     49930 ,    0 ,    6114         ,
27 ,    4885 ,     m ,    4 ,     14653 ,     50470 ,    0 ,    6099         ,
27 ,    4925 ,     m ,    4 ,     14773 ,     50538 ,    0 ,    6097         ,
27 ,    4965 ,     m ,    4 ,     14893 ,     50986 ,    0 ,    6248         ,


