SEED ,  SIZE ,  ALG ,  TYPE ,  CALLS ,  CMP ,     MOVE ,    TIME              ,
27 ,    5 ,     q3 ,    0 ,     8 ,     14 ,    15 ,    6         ,
27 ,    45 ,     q3 ,    0 ,     82 ,     289 ,    228 ,    46         ,
27 ,    85 ,     q3 ,    0 ,     140 ,     627 ,    477 ,    87         ,
27 ,    125 ,     q3 ,    0 ,     220 ,     1087 ,    774 ,    140         ,
27 ,    165 ,     q3 ,    0 ,     284 ,     1466 ,    1095 ,    183         ,
27 ,    205 ,     q3 ,    0 ,     352 ,     1876 ,    1389 ,    223         ,
27 ,    245 ,     q3 ,    0 ,     414 ,     2281 ,    1707 ,    273         ,
27 ,    285 ,     q3 ,    0 ,     490 ,     2889 ,    1998 ,    313         ,
27 ,    325 ,     q3 ,    0 ,     562 ,     3287 ,    2295 ,    368         ,
27 ,    365 ,     q3 ,    0 ,     638 ,     3709 ,    2649 ,    423         ,
27 ,    405 ,     q3 ,    0 ,     702 ,     4186 ,    3006 ,    477         ,
27 ,    445 ,     q3 ,    0 ,     778 ,     4728 ,    3324 ,    525         ,
27 ,    485 ,     q3 ,    0 ,     850 ,     5250 ,    3690 ,    781         ,
27 ,    525 ,     q3 ,    0 ,     888 ,     5458 ,    4056 ,    628         ,
27 ,    565 ,     q3 ,    0 ,     984 ,     6138 ,    4365 ,    674         ,
27 ,    605 ,     q3 ,    0 ,     1038 ,     6470 ,    4797 ,    737         ,
27 ,    645 ,     q3 ,    0 ,     1146 ,     7859 ,    5025 ,    795         ,
27 ,    685 ,     q3 ,    0 ,     1194 ,     7655 ,    5403 ,    844         ,
27 ,    725 ,     q3 ,    0 ,     1248 ,     8232 ,    5787 ,    882         ,
27 ,    765 ,     q3 ,    0 ,     1320 ,     8738 ,    6156 ,    952         ,
27 ,    805 ,     q3 ,    0 ,     1426 ,     9250 ,    6726 ,    1014         ,
27 ,    845 ,     q3 ,    0 ,     1476 ,     9523 ,    6990 ,    1070         ,
27 ,    885 ,     q3 ,    0 ,     1562 ,     10515 ,    7236 ,    1137         ,
27 ,    925 ,     q3 ,    0 ,     1620 ,     10635 ,    7746 ,    1310         ,
27 ,    965 ,     q3 ,    0 ,     1654 ,     11762 ,    7968 ,    1231         ,
27 ,    1005 ,     q3 ,    0 ,     1732 ,     12142 ,    8322 ,    1285         ,
27 ,    1045 ,     q3 ,    0 ,     1806 ,     12594 ,    8814 ,    1355         ,
27 ,    1085 ,     q3 ,    0 ,     1876 ,     13443 ,    8991 ,    1396         ,
27 ,    1125 ,     q3 ,    0 ,     1942 ,     14276 ,    9393 ,    1586         ,
27 ,    1165 ,     q3 ,    0 ,     2040 ,     14061 ,    9792 ,    1521         ,
27 ,    1205 ,     q3 ,    0 ,     2084 ,     15175 ,    10137 ,    1575         ,
27 ,    1245 ,     q3 ,    0 ,     2164 ,     15398 ,    10686 ,    1649         ,
27 ,    1285 ,     q3 ,    0 ,     2268 ,     16260 ,    10980 ,    1895         ,
27 ,    1325 ,     q3 ,    0 ,     2332 ,     16715 ,    11412 ,    1757         ,
27 ,    1365 ,     q3 ,    0 ,     2386 ,     16948 ,    11811 ,    1811         ,
27 ,    1405 ,     q3 ,    0 ,     2456 ,     17437 ,    12201 ,    1878         ,
27 ,    1445 ,     q3 ,    0 ,     2526 ,     17540 ,    12636 ,    1928         ,
27 ,    1485 ,     q3 ,    0 ,     2586 ,     19238 ,    12930 ,    1994         ,
27 ,    1525 ,     q3 ,    0 ,     2674 ,     19088 ,    13377 ,    2054         ,
27 ,    1565 ,     q3 ,    0 ,     2772 ,     20844 ,    13713 ,    2227         ,
27 ,    1605 ,     q3 ,    0 ,     2796 ,     20904 ,    14016 ,    2173         ,
27 ,    1645 ,     q3 ,    0 ,     2858 ,     20984 ,    14577 ,    2213         ,
27 ,    1685 ,     q3 ,    0 ,     2978 ,     21708 ,    15054 ,    4637         ,
27 ,    1725 ,     q3 ,    0 ,     2996 ,     21647 ,    15333 ,    2360         ,
27 ,    1765 ,     q3 ,    0 ,     3062 ,     22176 ,    15870 ,    2400         ,
27 ,    1805 ,     q3 ,    0 ,     3176 ,     23608 ,    16215 ,    2497         ,
27 ,    1845 ,     q3 ,    0 ,     3182 ,     24185 ,    16461 ,    2515         ,
27 ,    1885 ,     q3 ,    0 ,     3264 ,     24318 ,    16947 ,    2708         ,
27 ,    1925 ,     q3 ,    0 ,     3356 ,     25913 ,    17133 ,    2628         ,
27 ,    1965 ,     q3 ,    0 ,     3436 ,     26664 ,    17583 ,    2693         ,
27 ,    2005 ,     q3 ,    0 ,     3482 ,     26888 ,    17988 ,    4882         ,
27 ,    2045 ,     q3 ,    0 ,     3584 ,     27340 ,    18570 ,    2981         ,
27 ,    2085 ,     q3 ,    0 ,     3664 ,     29850 ,    18441 ,    2852         ,
27 ,    2125 ,     q3 ,    0 ,     3712 ,     28184 ,    19365 ,    2972         ,
27 ,    2165 ,     q3 ,    0 ,     3812 ,     28589 ,    19809 ,    3172         ,
27 ,    2205 ,     q3 ,    0 ,     3808 ,     30524 ,    19851 ,    3036         ,
27 ,    2245 ,     q3 ,    0 ,     3932 ,     29369 ,    20448 ,    3237         ,
27 ,    2285 ,     q3 ,    0 ,     3942 ,     30862 ,    20778 ,    3188         ,
27 ,    2325 ,     q3 ,    0 ,     4134 ,     32776 ,    21120 ,    3334         ,
27 ,    2365 ,     q3 ,    0 ,     4106 ,     31796 ,    21723 ,    3414         ,
27 ,    2405 ,     q3 ,    0 ,     4240 ,     33744 ,    21936 ,    3436         ,
27 ,    2445 ,     q3 ,    0 ,     4240 ,     34219 ,    22140 ,    3557         ,
27 ,    2485 ,     q3 ,    0 ,     4414 ,     33184 ,    23205 ,    3535         ,
27 ,    2525 ,     q3 ,    0 ,     4402 ,     36236 ,    23097 ,    3879         ,
27 ,    2565 ,     q3 ,    0 ,     4484 ,     36602 ,    23679 ,    3658         ,
27 ,    2605 ,     q3 ,    0 ,     4512 ,     35331 ,    24231 ,    3840         ,
27 ,    2645 ,     q3 ,    0 ,     4602 ,     37940 ,    24357 ,    20728         ,
27 ,    2685 ,     q3 ,    0 ,     4718 ,     36277 ,    25017 ,    3917         ,
27 ,    2725 ,     q3 ,    0 ,     4760 ,     37379 ,    25506 ,    3862         ,
27 ,    2765 ,     q3 ,    0 ,     4908 ,     38453 ,    26085 ,    4154         ,
27 ,    2805 ,     q3 ,    0 ,     4894 ,     39540 ,    26316 ,    21013         ,
27 ,    2845 ,     q3 ,    0 ,     4996 ,     37764 ,    26955 ,    4090         ,
27 ,    2885 ,     q3 ,    0 ,     5016 ,     40447 ,    27330 ,    4296         ,
27 ,    2925 ,     q3 ,    0 ,     5006 ,     41168 ,    27306 ,    4180         ,
27 ,    2965 ,     q3 ,    0 ,     5196 ,     40382 ,    28098 ,    4419         ,
27 ,    3005 ,     q3 ,    0 ,     5248 ,     42098 ,    28521 ,    4310         ,
27 ,    3045 ,     q3 ,    0 ,     5274 ,     41996 ,    28905 ,    4616         ,
27 ,    3085 ,     q3 ,    0 ,     5354 ,     43003 ,    29103 ,    4420         ,
27 ,    3125 ,     q3 ,    0 ,     5500 ,     46357 ,    29472 ,    4717         ,
27 ,    3165 ,     q3 ,    0 ,     5550 ,     43527 ,    30288 ,    4586         ,
27 ,    3205 ,     q3 ,    0 ,     5634 ,     45753 ,    30420 ,    4617         ,
27 ,    3245 ,     q3 ,    0 ,     5670 ,     46577 ,    31026 ,    4867         ,
27 ,    3285 ,     q3 ,    0 ,     5802 ,     46712 ,    31251 ,    4776         ,
27 ,    3325 ,     q3 ,    0 ,     5800 ,     47826 ,    31488 ,    6569         ,
27 ,    3365 ,     q3 ,    0 ,     5876 ,     49985 ,    31815 ,    5094         ,
27 ,    3405 ,     q3 ,    0 ,     5944 ,     47625 ,    32553 ,    4968         ,
27 ,    3445 ,     q3 ,    0 ,     6022 ,     49920 ,    32766 ,    4981         ,
27 ,    3485 ,     q3 ,    0 ,     6034 ,     49443 ,    33195 ,    5177         ,
27 ,    3525 ,     q3 ,    0 ,     6244 ,     50486 ,    33774 ,    5105         ,
27 ,    3565 ,     q3 ,    0 ,     6190 ,     52807 ,    33867 ,    7173         ,
27 ,    3605 ,     q3 ,    0 ,     6336 ,     49948 ,    35214 ,    5421         ,
27 ,    3645 ,     q3 ,    0 ,     6342 ,     51790 ,    35160 ,    7739         ,
27 ,    3685 ,     q3 ,    0 ,     6474 ,     52082 ,    35676 ,    5412         ,
27 ,    3725 ,     q3 ,    0 ,     6482 ,     54645 ,    35604 ,    5420         ,
27 ,    3765 ,     q3 ,    0 ,     6550 ,     55503 ,    36090 ,    5628         ,
27 ,    3805 ,     q3 ,    0 ,     6626 ,     54692 ,    36687 ,    5796         ,
27 ,    3845 ,     q3 ,    0 ,     6696 ,     55052 ,    36978 ,    5597         ,
27 ,    3885 ,     q3 ,    0 ,     6788 ,     54252 ,    37734 ,    7458         ,
27 ,    3925 ,     q3 ,    0 ,     6896 ,     56359 ,    37929 ,    5941         ,
27 ,    3965 ,     q3 ,    0 ,     6992 ,     55818 ,    38619 ,    6067         ,
27 ,    4005 ,     q3 ,    0 ,     6934 ,     56705 ,    39138 ,    6214         ,
27 ,    4045 ,     q3 ,    0 ,     7120 ,     58467 ,    39414 ,    6096         ,
27 ,    4085 ,     q3 ,    0 ,     7148 ,     58566 ,    39978 ,    6196         ,
27 ,    4125 ,     q3 ,    0 ,     7164 ,     58237 ,    40368 ,    6223         ,
27 ,    4165 ,     q3 ,    0 ,     7324 ,     60766 ,    40755 ,    6184         ,
27 ,    4205 ,     q3 ,    0 ,     7372 ,     63184 ,    40758 ,    6350         ,
27 ,    4245 ,     q3 ,    0 ,     7492 ,     63808 ,    41448 ,    24199         ,
27 ,    4285 ,     q3 ,    0 ,     7498 ,     63630 ,    41805 ,    6511         ,
27 ,    4325 ,     q3 ,    0 ,     7544 ,     69546 ,    41496 ,    23592         ,
27 ,    4365 ,     q3 ,    0 ,     7638 ,     66536 ,    42744 ,    6732         ,
27 ,    4405 ,     q3 ,    0 ,     7708 ,     64243 ,    43326 ,    6670         ,
27 ,    4445 ,     q3 ,    0 ,     7810 ,     62952 ,    44061 ,    6682         ,
27 ,    4485 ,     q3 ,    0 ,     7816 ,     63798 ,    44703 ,    6754         ,
27 ,    4525 ,     q3 ,    0 ,     7966 ,     68772 ,    44328 ,    6934         ,
27 ,    4565 ,     q3 ,    0 ,     8002 ,     66596 ,    45105 ,    7897         ,
27 ,    4605 ,     q3 ,    0 ,     8052 ,     66142 ,    45813 ,    7346         ,
27 ,    4645 ,     q3 ,    0 ,     8110 ,     66725 ,    46266 ,    7156         ,
27 ,    4685 ,     q3 ,    0 ,     8188 ,     71855 ,    46032 ,    7039         ,
27 ,    4725 ,     q3 ,    0 ,     8220 ,     70808 ,    46500 ,    7317         ,
27 ,    4765 ,     q3 ,    0 ,     8402 ,     73521 ,    46659 ,    10899         ,
27 ,    4805 ,     q3 ,    0 ,     8354 ,     70021 ,    47751 ,    7195         ,
27 ,    4845 ,     q3 ,    0 ,     8466 ,     70989 ,    48048 ,    7377         ,
27 ,    4885 ,     q3 ,    0 ,     8470 ,     70033 ,    49023 ,    11754         ,
27 ,    4925 ,     q3 ,    0 ,     8596 ,     74245 ,    48861 ,    7420         ,
27 ,    4965 ,     q3 ,    0 ,     8666 ,     72688 ,    49377 ,    7465         ,
27 ,    5 ,     q3 ,    1 ,     6 ,     12 ,    9 ,    2         ,
27 ,    45 ,     q3 ,    1 ,     58 ,     226 ,    87 ,    22         ,
27 ,    85 ,     q3 ,    1 ,     106 ,     496 ,    159 ,    63         ,
27 ,    125 ,     q3 ,    1 ,     126 ,     756 ,    189 ,    48         ,
27 ,    165 ,     q3 ,    1 ,     202 ,     1110 ,    303 ,    65         ,
27 ,    205 ,     q3 ,    1 ,     254 ,     1442 ,    381 ,    80         ,
27 ,    245 ,     q3 ,    1 ,     254 ,     1722 ,    381 ,    89         ,
27 ,    285 ,     q3 ,    1 ,     314 ,     2092 ,    471 ,    107         ,
27 ,    325 ,     q3 ,    1 ,     394 ,     2492 ,    591 ,    128         ,
27 ,    365 ,     q3 ,    1 ,     474 ,     2892 ,    711 ,    150         ,
27 ,    405 ,     q3 ,    1 ,     510 ,     3248 ,    765 ,    166         ,
27 ,    445 ,     q3 ,    1 ,     510 ,     3568 ,    765 ,    175         ,
27 ,    485 ,     q3 ,    1 ,     510 ,     3888 ,    765 ,    352         ,
27 ,    525 ,     q3 ,    1 ,     538 ,     4250 ,    807 ,    203         ,
27 ,    565 ,     q3 ,    1 ,     618 ,     4690 ,    927 ,    221         ,
27 ,    605 ,     q3 ,    1 ,     698 ,     5130 ,    1047 ,    244         ,
27 ,    645 ,     q3 ,    1 ,     778 ,     5570 ,    1167 ,    271         ,
27 ,    685 ,     q3 ,    1 ,     858 ,     6010 ,    1287 ,    295         ,
27 ,    725 ,     q3 ,    1 ,     938 ,     6450 ,    1407 ,    314         ,
27 ,    765 ,     q3 ,    1 ,     1018 ,     6890 ,    1527 ,    336         ,
27 ,    805 ,     q3 ,    1 ,     1022 ,     7254 ,    1533 ,    348         ,
27 ,    845 ,     q3 ,    1 ,     1022 ,     7614 ,    1533 ,    355         ,
27 ,    885 ,     q3 ,    1 ,     1022 ,     7974 ,    1533 ,    364         ,
27 ,    925 ,     q3 ,    1 ,     1022 ,     8334 ,    1533 ,    378         ,
27 ,    965 ,     q3 ,    1 ,     1022 ,     8694 ,    1533 ,    385         ,
27 ,    1005 ,     q3 ,    1 ,     1022 ,     9054 ,    1533 ,    398         ,
27 ,    1045 ,     q3 ,    1 ,     1066 ,     9480 ,    1599 ,    418         ,
27 ,    1085 ,     q3 ,    1 ,     1146 ,     9960 ,    1719 ,    441         ,
27 ,    1125 ,     q3 ,    1 ,     1226 ,     10440 ,    1839 ,    467         ,
27 ,    1165 ,     q3 ,    1 ,     1306 ,     10920 ,    1959 ,    492         ,
27 ,    1205 ,     q3 ,    1 ,     1386 ,     11400 ,    2079 ,    512         ,
27 ,    1245 ,     q3 ,    1 ,     1466 ,     11880 ,    2199 ,    537         ,
27 ,    1285 ,     q3 ,    1 ,     1546 ,     12360 ,    2319 ,    558         ,
27 ,    1325 ,     q3 ,    1 ,     1626 ,     12840 ,    2439 ,    591         ,
27 ,    1365 ,     q3 ,    1 ,     1706 ,     13320 ,    2559 ,    618         ,
27 ,    1405 ,     q3 ,    1 ,     1786 ,     13800 ,    2679 ,    775         ,
27 ,    1445 ,     q3 ,    1 ,     1866 ,     14280 ,    2799 ,    1026         ,
27 ,    1485 ,     q3 ,    1 ,     1946 ,     14760 ,    2919 ,    676         ,
27 ,    1525 ,     q3 ,    1 ,     2026 ,     15240 ,    3039 ,    703         ,
27 ,    1565 ,     q3 ,    1 ,     2046 ,     15660 ,    3069 ,    733         ,
27 ,    1605 ,     q3 ,    1 ,     2046 ,     16060 ,    3069 ,    1168         ,
27 ,    1645 ,     q3 ,    1 ,     2046 ,     16460 ,    3069 ,    752         ,
27 ,    1685 ,     q3 ,    1 ,     2046 ,     16860 ,    3069 ,    761         ,
27 ,    1725 ,     q3 ,    1 ,     2046 ,     17260 ,    3069 ,    768         ,
27 ,    1765 ,     q3 ,    1 ,     2046 ,     17660 ,    3069 ,    780         ,
27 ,    1805 ,     q3 ,    1 ,     2046 ,     18060 ,    3069 ,    1070         ,
27 ,    1845 ,     q3 ,    1 ,     2046 ,     18460 ,    3069 ,    805         ,
27 ,    1885 ,     q3 ,    1 ,     2046 ,     18860 ,    3069 ,    820         ,
27 ,    1925 ,     q3 ,    1 ,     2046 ,     19260 ,    3069 ,    824         ,
27 ,    1965 ,     q3 ,    1 ,     2046 ,     19660 ,    3069 ,    836         ,
27 ,    2005 ,     q3 ,    1 ,     2046 ,     20060 ,    3069 ,    850         ,
27 ,    2045 ,     q3 ,    1 ,     2046 ,     20460 ,    3069 ,    1005         ,
27 ,    2085 ,     q3 ,    1 ,     2122 ,     20974 ,    3183 ,    892         ,
27 ,    2125 ,     q3 ,    1 ,     2202 ,     21494 ,    3303 ,    915         ,
27 ,    2165 ,     q3 ,    1 ,     2282 ,     22014 ,    3423 ,    935         ,
27 ,    2205 ,     q3 ,    1 ,     2362 ,     22534 ,    3543 ,    961         ,
27 ,    2245 ,     q3 ,    1 ,     2442 ,     23054 ,    3663 ,    980         ,
27 ,    2285 ,     q3 ,    1 ,     2522 ,     23574 ,    3783 ,    1283         ,
27 ,    2325 ,     q3 ,    1 ,     2602 ,     24094 ,    3903 ,    2763         ,
27 ,    2365 ,     q3 ,    1 ,     2682 ,     24614 ,    4023 ,    1070         ,
27 ,    2405 ,     q3 ,    1 ,     2762 ,     25134 ,    4143 ,    1093         ,
27 ,    2445 ,     q3 ,    1 ,     2842 ,     25654 ,    4263 ,    1530         ,
27 ,    2485 ,     q3 ,    1 ,     2922 ,     26174 ,    4383 ,    1139         ,
27 ,    2525 ,     q3 ,    1 ,     3002 ,     26694 ,    4503 ,    1158         ,
27 ,    2565 ,     q3 ,    1 ,     3082 ,     27214 ,    4623 ,    1185         ,
27 ,    2605 ,     q3 ,    1 ,     3162 ,     27734 ,    4743 ,    1218         ,
27 ,    2645 ,     q3 ,    1 ,     3242 ,     28254 ,    4863 ,    1253         ,
27 ,    2685 ,     q3 ,    1 ,     3322 ,     28774 ,    4983 ,    1272         ,
27 ,    2725 ,     q3 ,    1 ,     3402 ,     29294 ,    5103 ,    1310         ,
27 ,    2765 ,     q3 ,    1 ,     3482 ,     29814 ,    5223 ,    1330         ,
27 ,    2805 ,     q3 ,    1 ,     3562 ,     30334 ,    5343 ,    1489         ,
27 ,    2845 ,     q3 ,    1 ,     3642 ,     30854 ,    5463 ,    1372         ,
27 ,    2885 ,     q3 ,    1 ,     3722 ,     31374 ,    5583 ,    1393         ,
27 ,    2925 ,     q3 ,    1 ,     3802 ,     31894 ,    5703 ,    1416         ,
27 ,    2965 ,     q3 ,    1 ,     3882 ,     32414 ,    5823 ,    1439         ,
27 ,    3005 ,     q3 ,    1 ,     3962 ,     32934 ,    5943 ,    3261         ,
27 ,    3045 ,     q3 ,    1 ,     4042 ,     33454 ,    6063 ,    1488         ,
27 ,    3085 ,     q3 ,    1 ,     4094 ,     33946 ,    6141 ,    1509         ,
27 ,    3125 ,     q3 ,    1 ,     4094 ,     34386 ,    6141 ,    1645         ,
27 ,    3165 ,     q3 ,    1 ,     4094 ,     34826 ,    6141 ,    1551         ,
27 ,    3205 ,     q3 ,    1 ,     4094 ,     35266 ,    6141 ,    1562         ,
27 ,    3245 ,     q3 ,    1 ,     4094 ,     35706 ,    6141 ,    1569         ,
27 ,    3285 ,     q3 ,    1 ,     4094 ,     36146 ,    6141 ,    1702         ,
27 ,    3325 ,     q3 ,    1 ,     4094 ,     36586 ,    6141 ,    1584         ,
27 ,    3365 ,     q3 ,    1 ,     4094 ,     37026 ,    6141 ,    1600         ,
27 ,    3405 ,     q3 ,    1 ,     4094 ,     37466 ,    6141 ,    1616         ,
27 ,    3445 ,     q3 ,    1 ,     4094 ,     37906 ,    6141 ,    1741         ,
27 ,    3485 ,     q3 ,    1 ,     4094 ,     38346 ,    6141 ,    1639         ,
27 ,    3525 ,     q3 ,    1 ,     4094 ,     38786 ,    6141 ,    1651         ,
27 ,    3565 ,     q3 ,    1 ,     4094 ,     39226 ,    6141 ,    1658         ,
27 ,    3605 ,     q3 ,    1 ,     4094 ,     39666 ,    6141 ,    1811         ,
27 ,    3645 ,     q3 ,    1 ,     4094 ,     40106 ,    6141 ,    1705         ,
27 ,    3685 ,     q3 ,    1 ,     4094 ,     40546 ,    6141 ,    1722         ,
27 ,    3725 ,     q3 ,    1 ,     4094 ,     40986 ,    6141 ,    1724         ,
27 ,    3765 ,     q3 ,    1 ,     4094 ,     41426 ,    6141 ,    1859         ,
27 ,    3805 ,     q3 ,    1 ,     4094 ,     41866 ,    6141 ,    1740         ,
27 ,    3845 ,     q3 ,    1 ,     4094 ,     42306 ,    6141 ,    1749         ,
27 ,    3885 ,     q3 ,    1 ,     4094 ,     42746 ,    6141 ,    1768         ,
27 ,    3925 ,     q3 ,    1 ,     4094 ,     43186 ,    6141 ,    1983         ,
27 ,    3965 ,     q3 ,    1 ,     4094 ,     43626 ,    6141 ,    3437         ,
27 ,    4005 ,     q3 ,    1 ,     4094 ,     44066 ,    6141 ,    1811         ,
27 ,    4045 ,     q3 ,    1 ,     4094 ,     44506 ,    6141 ,    3241         ,
27 ,    4085 ,     q3 ,    1 ,     4094 ,     44946 ,    6141 ,    3115         ,
27 ,    4125 ,     q3 ,    1 ,     4154 ,     45476 ,    6231 ,    2431         ,
27 ,    4165 ,     q3 ,    1 ,     4234 ,     46036 ,    6351 ,    2646         ,
27 ,    4205 ,     q3 ,    1 ,     4314 ,     46596 ,    6471 ,    3015         ,
27 ,    4245 ,     q3 ,    1 ,     4394 ,     47156 ,    6591 ,    2010         ,
27 ,    4285 ,     q3 ,    1 ,     4474 ,     47716 ,    6711 ,    3091         ,
27 ,    4325 ,     q3 ,    1 ,     4554 ,     48276 ,    6831 ,    1992         ,
27 ,    4365 ,     q3 ,    1 ,     4634 ,     48836 ,    6951 ,    2306         ,
27 ,    4405 ,     q3 ,    1 ,     4714 ,     49396 ,    7071 ,    2040         ,
27 ,    4445 ,     q3 ,    1 ,     4794 ,     49956 ,    7191 ,    19500         ,
27 ,    4485 ,     q3 ,    1 ,     4874 ,     50516 ,    7311 ,    2086         ,
27 ,    4525 ,     q3 ,    1 ,     4954 ,     51076 ,    7431 ,    2243         ,
27 ,    4565 ,     q3 ,    1 ,     5034 ,     51636 ,    7551 ,    2153         ,
27 ,    4605 ,     q3 ,    1 ,     5114 ,     52196 ,    7671 ,    2298         ,
27 ,    4645 ,     q3 ,    1 ,     5194 ,     52756 ,    7791 ,    2606         ,
27 ,    4685 ,     q3 ,    1 ,     5274 ,     53316 ,    7911 ,    2462         ,
27 ,    4725 ,     q3 ,    1 ,     5354 ,     53876 ,    8031 ,    2273         ,
27 ,    4765 ,     q3 ,    1 ,     5434 ,     54436 ,    8151 ,    2298         ,
27 ,    4805 ,     q3 ,    1 ,     5514 ,     54996 ,    8271 ,    19299         ,
27 ,    4845 ,     q3 ,    1 ,     5594 ,     55556 ,    8391 ,    85266         ,
27 ,    4885 ,     q3 ,    1 ,     5674 ,     56116 ,    8511 ,    2498         ,
27 ,    4925 ,     q3 ,    1 ,     5754 ,     56676 ,    8631 ,    2393         ,
27 ,    4965 ,     q3 ,    1 ,     5834 ,     57236 ,    8751 ,    2538         ,
27 ,    5 ,     q3 ,    2 ,     6 ,     12 ,    15 ,    4         ,
27 ,    45 ,     q3 ,    2 ,     58 ,     226 ,    153 ,    22         ,
27 ,    85 ,     q3 ,    2 ,     106 ,     496 ,    285 ,    36         ,
27 ,    125 ,     q3 ,    2 ,     126 ,     756 ,    375 ,    50         ,
27 ,    165 ,     q3 ,    2 ,     202 ,     1110 ,    549 ,    70         ,
27 ,    205 ,     q3 ,    2 ,     254 ,     1442 ,    687 ,    88         ,
27 ,    245 ,     q3 ,    2 ,     254 ,     1722 ,    747 ,    153         ,
27 ,    285 ,     q3 ,    2 ,     314 ,     2092 ,    897 ,    123         ,
27 ,    325 ,     q3 ,    2 ,     394 ,     2492 ,    1077 ,    143         ,
27 ,    365 ,     q3 ,    2 ,     474 ,     2892 ,    1257 ,    164         ,
27 ,    405 ,     q3 ,    2 ,     510 ,     3248 ,    1371 ,    179         ,
27 ,    445 ,     q3 ,    2 ,     510 ,     3568 ,    1431 ,    192         ,
27 ,    485 ,     q3 ,    2 ,     510 ,     3888 ,    1491 ,    202         ,
27 ,    525 ,     q3 ,    2 ,     538 ,     4250 ,    1593 ,    225         ,
27 ,    565 ,     q3 ,    2 ,     618 ,     4690 ,    1773 ,    240         ,
27 ,    605 ,     q3 ,    2 ,     698 ,     5130 ,    1953 ,    265         ,
27 ,    645 ,     q3 ,    2 ,     778 ,     5570 ,    2133 ,    290         ,
27 ,    685 ,     q3 ,    2 ,     858 ,     6010 ,    2313 ,    314         ,
27 ,    725 ,     q3 ,    2 ,     938 ,     6450 ,    2493 ,    1771         ,
27 ,    765 ,     q3 ,    2 ,     1018 ,     6890 ,    2673 ,    359         ,
27 ,    805 ,     q3 ,    2 ,     1022 ,     7254 ,    2739 ,    376         ,
27 ,    845 ,     q3 ,    2 ,     1022 ,     7614 ,    2799 ,    388         ,
27 ,    885 ,     q3 ,    2 ,     1022 ,     7974 ,    2859 ,    395         ,
27 ,    925 ,     q3 ,    2 ,     1022 ,     8334 ,    2919 ,    408         ,
27 ,    965 ,     q3 ,    2 ,     1022 ,     8694 ,    2979 ,    420         ,
27 ,    1005 ,     q3 ,    2 ,     1022 ,     9054 ,    3039 ,    432         ,
27 ,    1045 ,     q3 ,    2 ,     1066 ,     9480 ,    3165 ,    455         ,
27 ,    1085 ,     q3 ,    2 ,     1146 ,     9960 ,    3345 ,    476         ,
27 ,    1125 ,     q3 ,    2 ,     1226 ,     10440 ,    3525 ,    500         ,
27 ,    1165 ,     q3 ,    2 ,     1306 ,     10920 ,    3705 ,    531         ,
27 ,    1205 ,     q3 ,    2 ,     1386 ,     11400 ,    3885 ,    554         ,
27 ,    1245 ,     q3 ,    2 ,     1466 ,     11880 ,    4065 ,    577         ,
27 ,    1285 ,     q3 ,    2 ,     1546 ,     12360 ,    4245 ,    598         ,
27 ,    1325 ,     q3 ,    2 ,     1626 ,     12840 ,    4425 ,    632         ,
27 ,    1365 ,     q3 ,    2 ,     1706 ,     13320 ,    4605 ,    661         ,
27 ,    1405 ,     q3 ,    2 ,     1786 ,     13800 ,    4785 ,    691         ,
27 ,    1445 ,     q3 ,    2 ,     1866 ,     14280 ,    4965 ,    701         ,
27 ,    1485 ,     q3 ,    2 ,     1946 ,     14760 ,    5145 ,    727         ,
27 ,    1525 ,     q3 ,    2 ,     2026 ,     15240 ,    5325 ,    753         ,
27 ,    1565 ,     q3 ,    2 ,     2046 ,     15660 ,    5415 ,    775         ,
27 ,    1605 ,     q3 ,    2 ,     2046 ,     16060 ,    5475 ,    793         ,
27 ,    1645 ,     q3 ,    2 ,     2046 ,     16460 ,    5535 ,    909         ,
27 ,    1685 ,     q3 ,    2 ,     2046 ,     16860 ,    5595 ,    811         ,
27 ,    1725 ,     q3 ,    2 ,     2046 ,     17260 ,    5655 ,    818         ,
27 ,    1765 ,     q3 ,    2 ,     2046 ,     17660 ,    5715 ,    839         ,
27 ,    1805 ,     q3 ,    2 ,     2046 ,     18060 ,    5775 ,    852         ,
27 ,    1845 ,     q3 ,    2 ,     2046 ,     18460 ,    5835 ,    868         ,
27 ,    1885 ,     q3 ,    2 ,     2046 ,     18860 ,    5895 ,    995         ,
27 ,    1925 ,     q3 ,    2 ,     2046 ,     19260 ,    5955 ,    890         ,
27 ,    1965 ,     q3 ,    2 ,     2046 ,     19660 ,    6015 ,    903         ,
27 ,    2005 ,     q3 ,    2 ,     2046 ,     20060 ,    6075 ,    915         ,
27 ,    2045 ,     q3 ,    2 ,     2046 ,     20460 ,    6135 ,    930         ,
27 ,    2085 ,     q3 ,    2 ,     2122 ,     20974 ,    6309 ,    3073         ,
27 ,    2125 ,     q3 ,    2 ,     2202 ,     21494 ,    6489 ,    996         ,
27 ,    2165 ,     q3 ,    2 ,     2282 ,     22014 ,    6669 ,    1010         ,
27 ,    2205 ,     q3 ,    2 ,     2362 ,     22534 ,    6849 ,    1033         ,
27 ,    2245 ,     q3 ,    2 ,     2442 ,     23054 ,    7029 ,    1262         ,
27 ,    2285 ,     q3 ,    2 ,     2522 ,     23574 ,    7209 ,    1093         ,
27 ,    2325 ,     q3 ,    2 ,     2602 ,     24094 ,    7389 ,    1120         ,
27 ,    2365 ,     q3 ,    2 ,     2682 ,     24614 ,    7569 ,    1144         ,
27 ,    2405 ,     q3 ,    2 ,     2762 ,     25134 ,    7749 ,    1190         ,
27 ,    2445 ,     q3 ,    2 ,     2842 ,     25654 ,    7929 ,    2058         ,
27 ,    2485 ,     q3 ,    2 ,     2922 ,     26174 ,    8109 ,    2912         ,
27 ,    2525 ,     q3 ,    2 ,     3002 ,     26694 ,    8289 ,    1243         ,
27 ,    2565 ,     q3 ,    2 ,     3082 ,     27214 ,    8469 ,    1268         ,
27 ,    2605 ,     q3 ,    2 ,     3162 ,     27734 ,    8649 ,    1305         ,
27 ,    2645 ,     q3 ,    2 ,     3242 ,     28254 ,    8829 ,    1339         ,
27 ,    2685 ,     q3 ,    2 ,     3322 ,     28774 ,    9009 ,    3054         ,
27 ,    2725 ,     q3 ,    2 ,     3402 ,     29294 ,    9189 ,    1399         ,
27 ,    2765 ,     q3 ,    2 ,     3482 ,     29814 ,    9369 ,    1424         ,
27 ,    2805 ,     q3 ,    2 ,     3562 ,     30334 ,    9549 ,    1448         ,
27 ,    2845 ,     q3 ,    2 ,     3642 ,     30854 ,    9729 ,    1467         ,
27 ,    2885 ,     q3 ,    2 ,     3722 ,     31374 ,    9909 ,    1484         ,
27 ,    2925 ,     q3 ,    2 ,     3802 ,     31894 ,    10089 ,    1510         ,
27 ,    2965 ,     q3 ,    2 ,     3882 ,     32414 ,    10269 ,    1535         ,
27 ,    3005 ,     q3 ,    2 ,     3962 ,     32934 ,    10449 ,    1567         ,
27 ,    3045 ,     q3 ,    2 ,     4042 ,     33454 ,    10629 ,    1592         ,
27 ,    3085 ,     q3 ,    2 ,     4094 ,     33946 ,    10767 ,    1610         ,
27 ,    3125 ,     q3 ,    2 ,     4094 ,     34386 ,    10827 ,    1628         ,
27 ,    3165 ,     q3 ,    2 ,     4094 ,     34826 ,    10887 ,    1658         ,
27 ,    3205 ,     q3 ,    2 ,     4094 ,     35266 ,    10947 ,    1672         ,
27 ,    3245 ,     q3 ,    2 ,     4094 ,     35706 ,    11007 ,    1677         ,
27 ,    3285 ,     q3 ,    2 ,     4094 ,     36146 ,    11067 ,    1685         ,
27 ,    3325 ,     q3 ,    2 ,     4094 ,     36586 ,    11127 ,    1700         ,
27 ,    3365 ,     q3 ,    2 ,     4094 ,     37026 ,    11187 ,    1718         ,
27 ,    3405 ,     q3 ,    2 ,     4094 ,     37466 ,    11247 ,    1726         ,
27 ,    3445 ,     q3 ,    2 ,     4094 ,     37906 ,    11307 ,    1743         ,
27 ,    3485 ,     q3 ,    2 ,     4094 ,     38346 ,    11367 ,    1752         ,
27 ,    3525 ,     q3 ,    2 ,     4094 ,     38786 ,    11427 ,    1771         ,
27 ,    3565 ,     q3 ,    2 ,     4094 ,     39226 ,    11487 ,    1892         ,
27 ,    3605 ,     q3 ,    2 ,     4094 ,     39666 ,    11547 ,    1804         ,
27 ,    3645 ,     q3 ,    2 ,     4094 ,     40106 ,    11607 ,    1826         ,
27 ,    3685 ,     q3 ,    2 ,     4094 ,     40546 ,    11667 ,    1842         ,
27 ,    3725 ,     q3 ,    2 ,     4094 ,     40986 ,    11727 ,    1965         ,
27 ,    3765 ,     q3 ,    2 ,     4094 ,     41426 ,    11787 ,    1862         ,
27 ,    3805 ,     q3 ,    2 ,     4094 ,     41866 ,    11847 ,    1873         ,
27 ,    3845 ,     q3 ,    2 ,     4094 ,     42306 ,    11907 ,    3606         ,
27 ,    3885 ,     q3 ,    2 ,     4094 ,     42746 ,    11967 ,    1893         ,
27 ,    3925 ,     q3 ,    2 ,     4094 ,     43186 ,    12027 ,    1909         ,
27 ,    3965 ,     q3 ,    2 ,     4094 ,     43626 ,    12087 ,    2034         ,
27 ,    4005 ,     q3 ,    2 ,     4094 ,     44066 ,    12147 ,    1944         ,
27 ,    4045 ,     q3 ,    2 ,     4094 ,     44506 ,    12207 ,    1960         ,
27 ,    4085 ,     q3 ,    2 ,     4094 ,     44946 ,    12267 ,    1971         ,
27 ,    4125 ,     q3 ,    2 ,     4154 ,     45476 ,    12417 ,    2006         ,
27 ,    4165 ,     q3 ,    2 ,     4234 ,     46036 ,    12597 ,    2028         ,
27 ,    4205 ,     q3 ,    2 ,     4314 ,     46596 ,    12777 ,    2062         ,
27 ,    4245 ,     q3 ,    2 ,     4394 ,     47156 ,    12957 ,    2212         ,
27 ,    4285 ,     q3 ,    2 ,     4474 ,     47716 ,    13137 ,    2117         ,
27 ,    4325 ,     q3 ,    2 ,     4554 ,     48276 ,    13317 ,    2135         ,
27 ,    4365 ,     q3 ,    2 ,     4634 ,     48836 ,    13497 ,    2270         ,
27 ,    4405 ,     q3 ,    2 ,     4714 ,     49396 ,    13677 ,    2191         ,
27 ,    4445 ,     q3 ,    2 ,     4794 ,     49956 ,    13857 ,    2212         ,
27 ,    4485 ,     q3 ,    2 ,     4874 ,     50516 ,    14037 ,    2355         ,
27 ,    4525 ,     q3 ,    2 ,     4954 ,     51076 ,    14217 ,    2284         ,
27 ,    4565 ,     q3 ,    2 ,     5034 ,     51636 ,    14397 ,    2307         ,
27 ,    4605 ,     q3 ,    2 ,     5114 ,     52196 ,    14577 ,    2668         ,
27 ,    4645 ,     q3 ,    2 ,     5194 ,     52756 ,    14757 ,    2375         ,
27 ,    4685 ,     q3 ,    2 ,     5274 ,     53316 ,    14937 ,    2400         ,
27 ,    4725 ,     q3 ,    2 ,     5354 ,     53876 ,    15117 ,    2460         ,
27 ,    4765 ,     q3 ,    2 ,     5434 ,     54436 ,    15297 ,    2508         ,
27 ,    4805 ,     q3 ,    2 ,     5514 ,     54996 ,    15477 ,    4216         ,
27 ,    4845 ,     q3 ,    2 ,     5594 ,     55556 ,    15657 ,    2501         ,
27 ,    4885 ,     q3 ,    2 ,     5674 ,     56116 ,    15837 ,    2527         ,
27 ,    4925 ,     q3 ,    2 ,     5754 ,     56676 ,    16017 ,    2566         ,
27 ,    4965 ,     q3 ,    2 ,     5834 ,     57236 ,    16197 ,    2693         ,
27 ,    5 ,     q3 ,    3 ,     6 ,     11 ,    15 ,    5         ,
27 ,    45 ,     q3 ,    3 ,     62 ,     231 ,    297 ,    31         ,
27 ,    85 ,     q3 ,    3 ,     112 ,     518 ,    663 ,    58         ,
27 ,    125 ,     q3 ,    3 ,     200 ,     839 ,    1137 ,    88         ,
27 ,    165 ,     q3 ,    3 ,     224 ,     1178 ,    1563 ,    113         ,
27 ,    205 ,     q3 ,    3 ,     302 ,     1502 ,    2064 ,    144         ,
27 ,    245 ,     q3 ,    3 ,     340 ,     1872 ,    2520 ,    169         ,
27 ,    285 ,     q3 ,    3 ,     418 ,     2190 ,    3000 ,    204         ,
27 ,    325 ,     q3 ,    3 ,     460 ,     2653 ,    3558 ,    238         ,
27 ,    365 ,     q3 ,    3 ,     466 ,     2943 ,    4017 ,    263         ,
27 ,    405 ,     q3 ,    3 ,     656 ,     3413 ,    4656 ,    318         ,
27 ,    445 ,     q3 ,    3 ,     738 ,     3806 ,    5241 ,    346         ,
27 ,    485 ,     q3 ,    3 ,     808 ,     4214 ,    5778 ,    381         ,
27 ,    525 ,     q3 ,    3 ,     806 ,     4589 ,    6360 ,    406         ,
27 ,    565 ,     q3 ,    3 ,     838 ,     4906 ,    6750 ,    434         ,
27 ,    605 ,     q3 ,    3 ,     874 ,     5380 ,    7449 ,    470         ,
27 ,    645 ,     q3 ,    3 ,     908 ,     5772 ,    7929 ,    505         ,
27 ,    685 ,     q3 ,    3 ,     886 ,     6166 ,    8475 ,    528         ,
27 ,    725 ,     q3 ,    3 ,     916 ,     6540 ,    9057 ,    559         ,
27 ,    765 ,     q3 ,    3 ,     1190 ,     7124 ,    9879 ,    617         ,
27 ,    805 ,     q3 ,    3 ,     1224 ,     7492 ,    10413 ,    748         ,
27 ,    845 ,     q3 ,    3 ,     1188 ,     8054 ,    10914 ,    667         ,
27 ,    885 ,     q3 ,    3 ,     1198 ,     8238 ,    11385 ,    694         ,
27 ,    925 ,     q3 ,    3 ,     1482 ,     8804 ,    12240 ,    763         ,
27 ,    965 ,     q3 ,    3 ,     1452 ,     9283 ,    12918 ,    790         ,
27 ,    1005 ,     q3 ,    3 ,     1490 ,     9665 ,    13374 ,    824         ,
27 ,    1045 ,     q3 ,    3 ,     1484 ,     10113 ,    13965 ,    947         ,
27 ,    1085 ,     q3 ,    3 ,     1618 ,     10444 ,    14481 ,    887         ,
27 ,    1125 ,     q3 ,    3 ,     1634 ,     10927 ,    15183 ,    1033         ,
27 ,    1165 ,     q3 ,    3 ,     1744 ,     11692 ,    16026 ,    968         ,
27 ,    1205 ,     q3 ,    3 ,     1680 ,     11920 ,    16617 ,    1002         ,
27 ,    1245 ,     q3 ,    3 ,     1784 ,     12410 ,    17052 ,    1022         ,
27 ,    1285 ,     q3 ,    3 ,     1810 ,     12915 ,    17844 ,    1058         ,
27 ,    1325 ,     q3 ,    3 ,     1856 ,     13384 ,    18543 ,    1096         ,
27 ,    1365 ,     q3 ,    3 ,     1712 ,     13708 ,    19029 ,    1117         ,
27 ,    1405 ,     q3 ,    3 ,     1832 ,     14120 ,    19725 ,    1169         ,
27 ,    1445 ,     q3 ,    3 ,     1922 ,     14589 ,    20268 ,    1206         ,
27 ,    1485 ,     q3 ,    3 ,     1832 ,     14897 ,    20772 ,    1226         ,
27 ,    1525 ,     q3 ,    3 ,     2464 ,     16094 ,    22125 ,    1336         ,
27 ,    1565 ,     q3 ,    3 ,     1938 ,     15896 ,    21915 ,    1294         ,
27 ,    1605 ,     q3 ,    3 ,     2414 ,     16479 ,    23139 ,    1378         ,
27 ,    1645 ,     q3 ,    3 ,     2456 ,     17043 ,    23706 ,    1417         ,
27 ,    1685 ,     q3 ,    3 ,     2450 ,     17496 ,    24453 ,    1462         ,
27 ,    1725 ,     q3 ,    3 ,     2372 ,     18258 ,    24819 ,    1446         ,
27 ,    1765 ,     q3 ,    3 ,     2356 ,     18202 ,    25497 ,    1494         ,
27 ,    1805 ,     q3 ,    3 ,     2966 ,     19057 ,    26634 ,    1605         ,
27 ,    1845 ,     q3 ,    3 ,     3220 ,     19527 ,    27441 ,    1646         ,
27 ,    1885 ,     q3 ,    3 ,     3264 ,     20017 ,    28023 ,    1690         ,
27 ,    1925 ,     q3 ,    3 ,     2916 ,     20279 ,    28302 ,    1676         ,
27 ,    1965 ,     q3 ,    3 ,     3222 ,     21075 ,    29523 ,    1780         ,
27 ,    2005 ,     q3 ,    3 ,     2958 ,     21566 ,    29820 ,    1848         ,
27 ,    2045 ,     q3 ,    3 ,     2900 ,     21597 ,    30330 ,    1767         ,
27 ,    2085 ,     q3 ,    3 ,     3426 ,     22736 ,    31443 ,    1861         ,
27 ,    2125 ,     q3 ,    3 ,     3176 ,     22645 ,    31710 ,    1868         ,
27 ,    2165 ,     q3 ,    3 ,     3620 ,     23629 ,    32712 ,    1943         ,
27 ,    2205 ,     q3 ,    3 ,     3368 ,     23639 ,    33075 ,    1953         ,
27 ,    2245 ,     q3 ,    3 ,     3230 ,     24054 ,    33780 ,    1989         ,
27 ,    2285 ,     q3 ,    3 ,     3250 ,     24273 ,    34092 ,    2110         ,
27 ,    2325 ,     q3 ,    3 ,     3574 ,     25550 ,    35484 ,    2171         ,
27 ,    2365 ,     q3 ,    3 ,     3560 ,     26061 ,    36075 ,    2104         ,
27 ,    2405 ,     q3 ,    3 ,     3498 ,     26273 ,    36753 ,    2149         ,
27 ,    2445 ,     q3 ,    3 ,     3560 ,     26844 ,    37173 ,    2158         ,
27 ,    2485 ,     q3 ,    3 ,     3240 ,     26852 ,    37692 ,    2178         ,
27 ,    2525 ,     q3 ,    3 ,     3690 ,     27671 ,    38721 ,    2259         ,
27 ,    2565 ,     q3 ,    3 ,     3274 ,     27550 ,    38793 ,    2236         ,
27 ,    2605 ,     q3 ,    3 ,     3374 ,     28239 ,    39504 ,    2306         ,
27 ,    2645 ,     q3 ,    3 ,     3692 ,     28800 ,    40293 ,    2448         ,
27 ,    2685 ,     q3 ,    3 ,     3242 ,     29246 ,    41097 ,    2457         ,
27 ,    2725 ,     q3 ,    3 ,     3626 ,     30057 ,    41736 ,    2746         ,
27 ,    2765 ,     q3 ,    3 ,     3672 ,     30699 ,    42420 ,    2509         ,
27 ,    2805 ,     q3 ,    3 ,     3738 ,     30988 ,    43554 ,    2669         ,
27 ,    2845 ,     q3 ,    3 ,     3410 ,     31467 ,    44031 ,    2513         ,
27 ,    2885 ,     q3 ,    3 ,     3676 ,     31995 ,    45123 ,    2575         ,
27 ,    2925 ,     q3 ,    3 ,     3664 ,     32383 ,    45522 ,    2604         ,
27 ,    2965 ,     q3 ,    3 ,     3682 ,     32754 ,    46053 ,    2634         ,
27 ,    3005 ,     q3 ,    3 ,     3738 ,     33058 ,    46350 ,    2656         ,
27 ,    3045 ,     q3 ,    3 ,     3734 ,     33463 ,    47079 ,    2824         ,
27 ,    3085 ,     q3 ,    3 ,     3748 ,     33928 ,    47571 ,    2817         ,
27 ,    3125 ,     q3 ,    3 ,     3732 ,     34517 ,    48570 ,    2791         ,
27 ,    3165 ,     q3 ,    3 ,     4848 ,     35998 ,    50640 ,    2937         ,
27 ,    3205 ,     q3 ,    3 ,     4910 ,     36760 ,    51192 ,    2963         ,
27 ,    3245 ,     q3 ,    3 ,     4770 ,     37186 ,    51879 ,    3185         ,
27 ,    3285 ,     q3 ,    3 ,     4880 ,     37864 ,    52092 ,    3014         ,
27 ,    3325 ,     q3 ,    3 ,     4756 ,     37992 ,    53445 ,    3057         ,
27 ,    3365 ,     q3 ,    3 ,     4940 ,     38288 ,    53664 ,    3109         ,
27 ,    3405 ,     q3 ,    3 ,     4834 ,     38498 ,    54147 ,    3211         ,
27 ,    3445 ,     q3 ,    3 ,     4902 ,     39226 ,    55095 ,    3151         ,
27 ,    3485 ,     q3 ,    3 ,     4774 ,     39234 ,    55122 ,    3186         ,
27 ,    3525 ,     q3 ,    3 ,     4768 ,     40603 ,    56436 ,    3303         ,
27 ,    3565 ,     q3 ,    3 ,     4808 ,     40350 ,    56928 ,    3233         ,
27 ,    3605 ,     q3 ,    3 ,     5800 ,     41647 ,    58413 ,    3398         ,
27 ,    3645 ,     q3 ,    3 ,     5930 ,     42296 ,    59499 ,    3465         ,
27 ,    3685 ,     q3 ,    3 ,     5854 ,     42532 ,    59928 ,    3457         ,
27 ,    3725 ,     q3 ,    3 ,     5914 ,     42778 ,    60363 ,    3595         ,
27 ,    3765 ,     q3 ,    3 ,     5956 ,     43273 ,    60942 ,    3526         ,
27 ,    3805 ,     q3 ,    3 ,     6436 ,     44452 ,    62778 ,    3772         ,
27 ,    3845 ,     q3 ,    3 ,     6438 ,     44726 ,    63282 ,    3685         ,
27 ,    3885 ,     q3 ,    3 ,     6476 ,     45498 ,    64002 ,    3723         ,
27 ,    3925 ,     q3 ,    3 ,     7078 ,     47228 ,    65898 ,    3816         ,
27 ,    3965 ,     q3 ,    3 ,     5386 ,     46506 ,    64122 ,    3626         ,
27 ,    4005 ,     q3 ,    3 ,     6452 ,     46570 ,    65820 ,    3792         ,
27 ,    4045 ,     q3 ,    3 ,     6472 ,     47003 ,    66468 ,    3841         ,
27 ,    4085 ,     q3 ,    3 ,     6536 ,     47849 ,    67383 ,    3894         ,
27 ,    4125 ,     q3 ,    3 ,     5936 ,     47838 ,    67323 ,    4281         ,
27 ,    4165 ,     q3 ,    3 ,     6546 ,     48620 ,    68565 ,    3966         ,
27 ,    4205 ,     q3 ,    3 ,     7136 ,     50176 ,    69861 ,    4038         ,
27 ,    4245 ,     q3 ,    3 ,     6546 ,     49626 ,    69954 ,    4126         ,
27 ,    4285 ,     q3 ,    3 ,     7214 ,     51004 ,    71160 ,    4099         ,
27 ,    4325 ,     q3 ,    3 ,     6350 ,     50575 ,    70959 ,    4185         ,
27 ,    4365 ,     q3 ,    3 ,     7080 ,     51770 ,    72009 ,    9703         ,
27 ,    4405 ,     q3 ,    3 ,     6544 ,     51457 ,    72153 ,    5855         ,
27 ,    4445 ,     q3 ,    3 ,     6858 ,     52523 ,    72969 ,    4534         ,
27 ,    4485 ,     q3 ,    3 ,     6740 ,     52719 ,    74379 ,    4255         ,
27 ,    4525 ,     q3 ,    3 ,     6538 ,     52949 ,    74667 ,    4270         ,
27 ,    4565 ,     q3 ,    3 ,     7124 ,     54222 ,    75399 ,    4481         ,
27 ,    4605 ,     q3 ,    3 ,     6548 ,     54648 ,    77064 ,    4394         ,
27 ,    4645 ,     q3 ,    3 ,     7260 ,     55841 ,    77925 ,    4427         ,
27 ,    4685 ,     q3 ,    3 ,     6546 ,     55363 ,    78069 ,    4608         ,
27 ,    4725 ,     q3 ,    3 ,     7250 ,     57036 ,    79533 ,    4516         ,
27 ,    4765 ,     q3 ,    3 ,     6536 ,     56380 ,    79620 ,    4532         ,
27 ,    4805 ,     q3 ,    3 ,     6564 ,     56893 ,    80484 ,    4545         ,
27 ,    4845 ,     q3 ,    3 ,     6548 ,     57123 ,    80676 ,    4576         ,
27 ,    4885 ,     q3 ,    3 ,     6536 ,     57710 ,    81465 ,    4692         ,
27 ,    4925 ,     q3 ,    3 ,     6984 ,     58783 ,    82800 ,    4894         ,
27 ,    4965 ,     q3 ,    3 ,     7252 ,     59517 ,    83010 ,    16172         ,
27 ,    5 ,     q3 ,    4 ,     8 ,     15 ,    12 ,    6         ,
27 ,    45 ,     q3 ,    4 ,     70 ,     280 ,    279 ,    39         ,
27 ,    85 ,     q3 ,    4 ,     138 ,     534 ,    648 ,    65         ,
27 ,    125 ,     q3 ,    4 ,     170 ,     861 ,    999 ,    96         ,
27 ,    165 ,     q3 ,    4 ,     244 ,     1186 ,    1401 ,    128         ,
27 ,    205 ,     q3 ,    4 ,     318 ,     1613 ,    1791 ,    163         ,
27 ,    245 ,     q3 ,    4 ,     356 ,     1914 ,    2313 ,    192         ,
27 ,    285 ,     q3 ,    4 ,     426 ,     2263 ,    2808 ,    228         ,
27 ,    325 ,     q3 ,    4 ,     460 ,     2695 ,    3240 ,    268         ,
27 ,    365 ,     q3 ,    4 ,     550 ,     3072 ,    3729 ,    306         ,
27 ,    405 ,     q3 ,    4 ,     586 ,     3497 ,    4224 ,    340         ,
27 ,    445 ,     q3 ,    4 ,     632 ,     3846 ,    4740 ,    365         ,
27 ,    485 ,     q3 ,    4 ,     730 ,     4246 ,    5232 ,    411         ,
27 ,    525 ,     q3 ,    4 ,     754 ,     4650 ,    5691 ,    441         ,
27 ,    565 ,     q3 ,    4 ,     838 ,     5088 ,    6303 ,    473         ,
27 ,    605 ,     q3 ,    4 ,     884 ,     5540 ,    6807 ,    516         ,
27 ,    645 ,     q3 ,    4 ,     944 ,     5914 ,    7347 ,    651         ,
27 ,    685 ,     q3 ,    4 ,     1000 ,     6388 ,    7866 ,    598         ,
27 ,    725 ,     q3 ,    4 ,     1016 ,     6856 ,    8376 ,    624         ,
27 ,    765 ,     q3 ,    4 ,     1102 ,     7113 ,    9066 ,    659         ,
27 ,    805 ,     q3 ,    4 ,     1126 ,     7562 ,    9516 ,    693         ,
27 ,    845 ,     q3 ,    4 ,     1294 ,     8171 ,    10059 ,    2550         ,
27 ,    885 ,     q3 ,    4 ,     1320 ,     8903 ,    10608 ,    764         ,
27 ,    925 ,     q3 ,    4 ,     1294 ,     8954 ,    11241 ,    807         ,
27 ,    965 ,     q3 ,    4 ,     1316 ,     9526 ,    11742 ,    830         ,
27 ,    1005 ,     q3 ,    4 ,     1374 ,     10482 ,    12114 ,    1034         ,
27 ,    1045 ,     q3 ,    4 ,     1440 ,     10241 ,    12954 ,    932         ,
27 ,    1085 ,     q3 ,    4 ,     1554 ,     10722 ,    13539 ,    1076         ,
27 ,    1125 ,     q3 ,    4 ,     1740 ,     11171 ,    14325 ,    1011         ,
27 ,    1165 ,     q3 ,    4 ,     1606 ,     11472 ,    14694 ,    1038         ,
27 ,    1205 ,     q3 ,    4 ,     1780 ,     12132 ,    15261 ,    1094         ,
27 ,    1245 ,     q3 ,    4 ,     1946 ,     12707 ,    15996 ,    1134         ,
27 ,    1285 ,     q3 ,    4 ,     1738 ,     13224 ,    16236 ,    1141         ,
27 ,    1325 ,     q3 ,    4 ,     1904 ,     13818 ,    17094 ,    1204         ,
27 ,    1365 ,     q3 ,    4 ,     2004 ,     14068 ,    17643 ,    1236         ,
27 ,    1405 ,     q3 ,    4 ,     2002 ,     14330 ,    18486 ,    1280         ,
27 ,    1445 ,     q3 ,    4 ,     2152 ,     15008 ,    18960 ,    1338         ,
27 ,    1485 ,     q3 ,    4 ,     2232 ,     15135 ,    19503 ,    1355         ,
27 ,    1525 ,     q3 ,    4 ,     2194 ,     15822 ,    20223 ,    1398         ,
27 ,    1565 ,     q3 ,    4 ,     2426 ,     16767 ,    20916 ,    3487         ,
27 ,    1605 ,     q3 ,    4 ,     2328 ,     17542 ,    21153 ,    1452         ,
27 ,    1645 ,     q3 ,    4 ,     2292 ,     17039 ,    21795 ,    1496         ,
27 ,    1685 ,     q3 ,    4 ,     2302 ,     17896 ,    22371 ,    1635         ,
27 ,    1725 ,     q3 ,    4 ,     2294 ,     18423 ,    22971 ,    1570         ,
27 ,    1765 ,     q3 ,    4 ,     2512 ,     18999 ,    23697 ,    3733         ,
27 ,    1805 ,     q3 ,    4 ,     2514 ,     19627 ,    24354 ,    1677         ,
27 ,    1845 ,     q3 ,    4 ,     2586 ,     19587 ,    25074 ,    1720         ,
27 ,    1885 ,     q3 ,    4 ,     2664 ,     20426 ,    25824 ,    1995         ,
27 ,    1925 ,     q3 ,    4 ,     2602 ,     20534 ,    26340 ,    1852         ,
27 ,    1965 ,     q3 ,    4 ,     2786 ,     21471 ,    26712 ,    3128         ,
27 ,    2005 ,     q3 ,    4 ,     2916 ,     22332 ,    27444 ,    2572         ,
27 ,    2045 ,     q3 ,    4 ,     2764 ,     22228 ,    28377 ,    2461         ,
27 ,    2085 ,     q3 ,    4 ,     2752 ,     22452 ,    28836 ,    2677         ,
27 ,    2125 ,     q3 ,    4 ,     3320 ,     23112 ,    29982 ,    2829         ,
27 ,    2165 ,     q3 ,    4 ,     3512 ,     23958 ,    30531 ,    3023         ,
27 ,    2205 ,     q3 ,    4 ,     3580 ,     24189 ,    31419 ,    3347         ,
27 ,    2245 ,     q3 ,    4 ,     3464 ,     24725 ,    31836 ,    2831         ,
27 ,    2285 ,     q3 ,    4 ,     3706 ,     25060 ,    32655 ,    2786         ,
27 ,    2325 ,     q3 ,    4 ,     3296 ,     26891 ,    32343 ,    3066         ,
27 ,    2365 ,     q3 ,    4 ,     3278 ,     26836 ,    33117 ,    2430         ,
27 ,    2405 ,     q3 ,    4 ,     3688 ,     26677 ,    34056 ,    5406         ,
27 ,    2445 ,     q3 ,    4 ,     3710 ,     27446 ,    34698 ,    2317         ,
27 ,    2485 ,     q3 ,    4 ,     3794 ,     27952 ,    35877 ,    2399         ,
27 ,    2525 ,     q3 ,    4 ,     3810 ,     29448 ,    36105 ,    2438         ,
27 ,    2565 ,     q3 ,    4 ,     4022 ,     28239 ,    37056 ,    2488         ,
27 ,    2605 ,     q3 ,    4 ,     3870 ,     28644 ,    37188 ,    2492         ,
27 ,    2645 ,     q3 ,    4 ,     3910 ,     29853 ,    38151 ,    2563         ,
27 ,    2685 ,     q3 ,    4 ,     3866 ,     30191 ,    38871 ,    2588         ,
27 ,    2725 ,     q3 ,    4 ,     3886 ,     30450 ,    39438 ,    5015         ,
27 ,    2765 ,     q3 ,    4 ,     3924 ,     30973 ,    40038 ,    2676         ,
27 ,    2805 ,     q3 ,    4 ,     4026 ,     31277 ,    40698 ,    2699         ,
27 ,    2845 ,     q3 ,    4 ,     4142 ,     31787 ,    41226 ,    2752         ,
27 ,    2885 ,     q3 ,    4 ,     4326 ,     32189 ,    42378 ,    2820         ,
27 ,    2925 ,     q3 ,    4 ,     4066 ,     34125 ,    42309 ,    2769         ,
27 ,    2965 ,     q3 ,    4 ,     4630 ,     35092 ,    43800 ,    2990         ,
27 ,    3005 ,     q3 ,    4 ,     4398 ,     34526 ,    44157 ,    2923         ,
27 ,    3045 ,     q3 ,    4 ,     4276 ,     36319 ,    44415 ,    2906         ,
27 ,    3085 ,     q3 ,    4 ,     4606 ,     36379 ,    45540 ,    3007         ,
27 ,    3125 ,     q3 ,    4 ,     4272 ,     35156 ,    46104 ,    3177         ,
27 ,    3165 ,     q3 ,    4 ,     4362 ,     35938 ,    46614 ,    3156         ,
27 ,    3205 ,     q3 ,    4 ,     4338 ,     36095 ,    47310 ,    5497         ,
27 ,    3245 ,     q3 ,    4 ,     4410 ,     37002 ,    48060 ,    5137         ,
27 ,    3285 ,     q3 ,    4 ,     5020 ,     39157 ,    48615 ,    3205         ,
27 ,    3325 ,     q3 ,    4 ,     4212 ,     37666 ,    48690 ,    25696         ,
27 ,    3365 ,     q3 ,    4 ,     4610 ,     38740 ,    50028 ,    3290         ,
27 ,    3405 ,     q3 ,    4 ,     4982 ,     39522 ,    51384 ,    5501         ,
27 ,    3445 ,     q3 ,    4 ,     5034 ,     40010 ,    51795 ,    3373         ,
27 ,    3485 ,     q3 ,    4 ,     5168 ,     40249 ,    52164 ,    3734         ,
27 ,    3525 ,     q3 ,    4 ,     4388 ,     40073 ,    52761 ,    3395         ,
27 ,    3565 ,     q3 ,    4 ,     5440 ,     41531 ,    54309 ,    3671         ,
27 ,    3605 ,     q3 ,    4 ,     5424 ,     42283 ,    54192 ,    3567         ,
27 ,    3645 ,     q3 ,    4 ,     5078 ,     42078 ,    55158 ,    3621         ,
27 ,    3685 ,     q3 ,    4 ,     5414 ,     44270 ,    55092 ,    5248         ,
27 ,    3725 ,     q3 ,    4 ,     5526 ,     43925 ,    56271 ,    3676         ,
27 ,    3765 ,     q3 ,    4 ,     5258 ,     43508 ,    57438 ,    3719         ,
27 ,    3805 ,     q3 ,    4 ,     5238 ,     44476 ,    57381 ,    6596         ,
27 ,    3845 ,     q3 ,    4 ,     5672 ,     45382 ,    58308 ,    3921         ,
27 ,    3885 ,     q3 ,    4 ,     5020 ,     46238 ,    58572 ,    3770         ,
27 ,    3925 ,     q3 ,    4 ,     5604 ,     45620 ,    59952 ,    5823         ,
27 ,    3965 ,     q3 ,    4 ,     5818 ,     46463 ,    61095 ,    3952         ,
27 ,    4005 ,     q3 ,    4 ,     5676 ,     48416 ,    60588 ,    4036         ,
27 ,    4045 ,     q3 ,    4 ,     5830 ,     47632 ,    61974 ,    4112         ,
27 ,    4085 ,     q3 ,    4 ,     5926 ,     50312 ,    62418 ,    4043         ,
27 ,    4125 ,     q3 ,    4 ,     5958 ,     49403 ,    63276 ,    9608         ,
27 ,    4165 ,     q3 ,    4 ,     6116 ,     49555 ,    64071 ,    4166         ,
27 ,    4205 ,     q3 ,    4 ,     5728 ,     51716 ,    63900 ,    4222         ,
27 ,    4245 ,     q3 ,    4 ,     6072 ,     51777 ,    65028 ,    4260         ,
27 ,    4285 ,     q3 ,    4 ,     6542 ,     51294 ,    66423 ,    4911         ,
27 ,    4325 ,     q3 ,    4 ,     5754 ,     51296 ,    66660 ,    4299         ,
27 ,    4365 ,     q3 ,    4 ,     5792 ,     52589 ,    67491 ,    4397         ,
27 ,    4405 ,     q3 ,    4 ,     6826 ,     52724 ,    68700 ,    4435         ,
27 ,    4445 ,     q3 ,    4 ,     6456 ,     54300 ,    68499 ,    4412         ,
27 ,    4485 ,     q3 ,    4 ,     5648 ,     53602 ,    68862 ,    4398         ,
27 ,    4525 ,     q3 ,    4 ,     6868 ,     54363 ,    71112 ,    4833         ,
27 ,    4565 ,     q3 ,    4 ,     6330 ,     57297 ,    70305 ,    4778         ,
27 ,    4605 ,     q3 ,    4 ,     6618 ,     54782 ,    71736 ,    4767         ,
27 ,    4645 ,     q3 ,    4 ,     6738 ,     55714 ,    72237 ,    4668         ,
27 ,    4685 ,     q3 ,    4 ,     6456 ,     55861 ,    72654 ,    4681         ,
27 ,    4725 ,     q3 ,    4 ,     7158 ,     57316 ,    74088 ,    4804         ,
27 ,    4765 ,     q3 ,    4 ,     6758 ,     57319 ,    74199 ,    4775         ,
27 ,    4805 ,     q3 ,    4 ,     7354 ,     58669 ,    75417 ,    4951         ,
27 ,    4845 ,     q3 ,    4 ,     7414 ,     59741 ,    75960 ,    6531         ,
27 ,    4885 ,     q3 ,    4 ,     7832 ,     58572 ,    77592 ,    5104         ,
27 ,    4925 ,     q3 ,    4 ,     7326 ,     59529 ,    77772 ,    6657         ,
27 ,    4965 ,     q3 ,    4 ,     7294 ,     59094 ,    77985 ,    5195         ,


