SEED ,  SIZE ,  ALG ,  TYPE ,  CALLS ,  CMP ,     MOVE ,    TIME              ,
27 ,    5 ,     q3i ,    0 ,     4 ,     10 ,    14 ,    4         ,
27 ,    45 ,     q3i ,    0 ,     4 ,     351 ,    377 ,    29         ,
27 ,    85 ,     q3i ,    0 ,     7 ,     851 ,    884 ,    61         ,
27 ,    125 ,     q3i ,    0 ,     10 ,     1466 ,    1461 ,    103         ,
27 ,    165 ,     q3i ,    0 ,     13 ,     2131 ,    2121 ,    148         ,
27 ,    205 ,     q3i ,    0 ,     16 ,     2544 ,    2539 ,    180         ,
27 ,    245 ,     q3i ,    0 ,     25 ,     2912 ,    2840 ,    216         ,
27 ,    285 ,     q3i ,    0 ,     34 ,     3634 ,    3280 ,    261         ,
27 ,    325 ,     q3i ,    0 ,     34 ,     4234 ,    3977 ,    307         ,
27 ,    365 ,     q3i ,    0 ,     31 ,     4850 ,    4701 ,    347         ,
27 ,    405 ,     q3i ,    0 ,     43 ,     5096 ,    4833 ,    383         ,
27 ,    445 ,     q3i ,    0 ,     43 ,     6028 ,    5678 ,    435         ,
27 ,    485 ,     q3i ,    0 ,     46 ,     6943 ,    6498 ,    491         ,
27 ,    525 ,     q3i ,    0 ,     52 ,     6866 ,    6607 ,    516         ,
27 ,    565 ,     q3i ,    0 ,     49 ,     7772 ,    7301 ,    571         ,
27 ,    605 ,     q3i ,    0 ,     58 ,     8599 ,    8148 ,    625         ,
27 ,    645 ,     q3i ,    0 ,     75 ,     9472 ,    8070 ,    661         ,
27 ,    685 ,     q3i ,    0 ,     73 ,     9412 ,    8647 ,    696         ,
27 ,    725 ,     q3i ,    0 ,     67 ,     11186 ,    10372 ,    791         ,
27 ,    765 ,     q3i ,    0 ,     73 ,     11593 ,    10659 ,    836         ,
27 ,    805 ,     q3i ,    0 ,     82 ,     11675 ,    10751 ,    867         ,
27 ,    845 ,     q3i ,    0 ,     88 ,     12157 ,    11541 ,    920         ,
27 ,    885 ,     q3i ,    0 ,     88 ,     12515 ,    11282 ,    930         ,
27 ,    925 ,     q3i ,    0 ,     94 ,     13630 ,    12732 ,    30913         ,
27 ,    965 ,     q3i ,    0 ,     109 ,     14526 ,    12772 ,    1059         ,
27 ,    1005 ,     q3i ,    0 ,     97 ,     15650 ,    14039 ,    1355         ,
27 ,    1045 ,     q3i ,    0 ,     106 ,     16187 ,    14573 ,    1172         ,
27 ,    1085 ,     q3i ,    0 ,     97 ,     17084 ,    15209 ,    1211         ,
27 ,    1125 ,     q3i ,    0 ,     115 ,     17954 ,    15454 ,    1259         ,
27 ,    1165 ,     q3i ,    0 ,     106 ,     18129 ,    16525 ,    1332         ,
27 ,    1205 ,     q3i ,    0 ,     103 ,     19671 ,    17499 ,    1443         ,
27 ,    1245 ,     q3i ,    0 ,     127 ,     19151 ,    17239 ,    20856         ,
27 ,    1285 ,     q3i ,    0 ,     145 ,     19994 ,    17501 ,    1461         ,
27 ,    1325 ,     q3i ,    0 ,     136 ,     20839 ,    18541 ,    1514         ,
27 ,    1365 ,     q3i ,    0 ,     160 ,     20654 ,    18279 ,    16933         ,
27 ,    1405 ,     q3i ,    0 ,     132 ,     22271 ,    20375 ,    14960         ,
27 ,    1445 ,     q3i ,    0 ,     144 ,     22104 ,    20340 ,    1779         ,
27 ,    1485 ,     q3i ,    0 ,     145 ,     24463 ,    21537 ,    1737         ,
27 ,    1525 ,     q3i ,    0 ,     151 ,     23863 ,    21585 ,    1769         ,
27 ,    1565 ,     q3i ,    0 ,     151 ,     26545 ,    23007 ,    1838         ,
27 ,    1605 ,     q3i ,    0 ,     157 ,     26152 ,    22895 ,    2013         ,
27 ,    1645 ,     q3i ,    0 ,     166 ,     26237 ,    23478 ,    1927         ,
27 ,    1685 ,     q3i ,    0 ,     190 ,     26707 ,    23870 ,    1975         ,
27 ,    1725 ,     q3i ,    0 ,     175 ,     26876 ,    24429 ,    2027         ,
27 ,    1765 ,     q3i ,    0 ,     181 ,     27509 ,    25287 ,    2085         ,
27 ,    1805 ,     q3i ,    0 ,     199 ,     28892 ,    25386 ,    2144         ,
27 ,    1845 ,     q3i ,    0 ,     184 ,     30176 ,    26511 ,    2188         ,
27 ,    1885 ,     q3i ,    0 ,     190 ,     30906 ,    27662 ,    2281         ,
27 ,    1925 ,     q3i ,    0 ,     196 ,     32672 ,    28096 ,    2418         ,
27 ,    1965 ,     q3i ,    0 ,     214 ,     32583 ,    27741 ,    2319         ,
27 ,    2005 ,     q3i ,    0 ,     199 ,     33633 ,    29027 ,    2430         ,
27 ,    2045 ,     q3i ,    0 ,     210 ,     33659 ,    29487 ,    2577         ,
27 ,    2085 ,     q3i ,    0 ,     214 ,     36587 ,    30101 ,    2484         ,
27 ,    2125 ,     q3i ,    0 ,     223 ,     34250 ,    30247 ,    35761         ,
27 ,    2165 ,     q3i ,    0 ,     214 ,     35795 ,    31925 ,    2635         ,
27 ,    2205 ,     q3i ,    0 ,     220 ,     37838 ,    32218 ,    3259         ,
27 ,    2245 ,     q3i ,    0 ,     220 ,     37075 ,    33287 ,    2881         ,
27 ,    2285 ,     q3i ,    0 ,     237 ,     37573 ,    32793 ,    2763         ,
27 ,    2325 ,     q3i ,    0 ,     250 ,     39277 ,    32990 ,    2858         ,
27 ,    2365 ,     q3i ,    0 ,     232 ,     39689 ,    34909 ,    3010         ,
27 ,    2405 ,     q3i ,    0 ,     259 ,     40519 ,    33811 ,    2957         ,
27 ,    2445 ,     q3i ,    0 ,     247 ,     41457 ,    34958 ,    20385         ,
27 ,    2485 ,     q3i ,    0 ,     247 ,     41620 ,    37260 ,    3116         ,
27 ,    2525 ,     q3i ,    0 ,     271 ,     43819 ,    36250 ,    3127         ,
27 ,    2565 ,     q3i ,    0 ,     259 ,     44614 ,    37450 ,    3314         ,
27 ,    2605 ,     q3i ,    0 ,     259 ,     44132 ,    38986 ,    3273         ,
27 ,    2645 ,     q3i ,    0 ,     274 ,     45747 ,    37911 ,    5192         ,
27 ,    2685 ,     q3i ,    0 ,     268 ,     44468 ,    39298 ,    3299         ,
27 ,    2725 ,     q3i ,    0 ,     287 ,     45497 ,    39594 ,    3447         ,
27 ,    2765 ,     q3i ,    0 ,     298 ,     47698 ,    41594 ,    3497         ,
27 ,    2805 ,     q3i ,    0 ,     301 ,     48595 ,    41524 ,    3638         ,
27 ,    2845 ,     q3i ,    0 ,     283 ,     47672 ,    43007 ,    3594         ,
27 ,    2885 ,     q3i ,    0 ,     301 ,     49169 ,    42576 ,    3730         ,
27 ,    2925 ,     q3i ,    0 ,     300 ,     50679 ,    43639 ,    5660         ,
27 ,    2965 ,     q3i ,    0 ,     301 ,     49966 ,    44279 ,    3840         ,
27 ,    3005 ,     q3i ,    0 ,     295 ,     52470 ,    45507 ,    3793         ,
27 ,    3045 ,     q3i ,    0 ,     312 ,     51554 ,    45417 ,    4002         ,
27 ,    3085 ,     q3i ,    0 ,     295 ,     53322 ,    46488 ,    3900         ,
27 ,    3125 ,     q3i ,    0 ,     304 ,     57196 ,    47283 ,    4363         ,
27 ,    3165 ,     q3i ,    0 ,     311 ,     54835 ,    48615 ,    4042         ,
27 ,    3205 ,     q3i ,    0 ,     343 ,     55332 ,    47042 ,    4109         ,
27 ,    3245 ,     q3i ,    0 ,     325 ,     56698 ,    48549 ,    4162         ,
27 ,    3285 ,     q3i ,    0 ,     328 ,     56704 ,    49159 ,    7388         ,
27 ,    3325 ,     q3i ,    0 ,     340 ,     58182 ,    49286 ,    4190         ,
27 ,    3365 ,     q3i ,    0 ,     349 ,     60585 ,    50026 ,    4953         ,
27 ,    3405 ,     q3i ,    0 ,     328 ,     58490 ,    51210 ,    6012         ,
27 ,    3445 ,     q3i ,    0 ,     370 ,     59989 ,    50533 ,    4341         ,
27 ,    3485 ,     q3i ,    0 ,     357 ,     60879 ,    52341 ,    6030         ,
27 ,    3525 ,     q3i ,    0 ,     352 ,     62685 ,    53878 ,    4597         ,
27 ,    3565 ,     q3i ,    0 ,     363 ,     64883 ,    54180 ,    4641         ,
27 ,    3605 ,     q3i ,    0 ,     363 ,     61751 ,    55042 ,    4896         ,
27 ,    3645 ,     q3i ,    0 ,     370 ,     63869 ,    55527 ,    4739         ,
27 ,    3685 ,     q3i ,    0 ,     382 ,     63859 ,    55813 ,    4861         ,
27 ,    3725 ,     q3i ,    0 ,     400 ,     64829 ,    54011 ,    4685         ,
27 ,    3765 ,     q3i ,    0 ,     394 ,     66133 ,    55322 ,    4793         ,
27 ,    3805 ,     q3i ,    0 ,     391 ,     67439 ,    58002 ,    5065         ,
27 ,    3845 ,     q3i ,    0 ,     391 ,     66817 ,    57317 ,    5016         ,
27 ,    3885 ,     q3i ,    0 ,     406 ,     66122 ,    58579 ,    4993         ,
27 ,    3925 ,     q3i ,    0 ,     388 ,     69331 ,    59724 ,    5184         ,
27 ,    3965 ,     q3i ,    0 ,     423 ,     67499 ,    59174 ,    5099         ,
27 ,    4005 ,     q3i ,    0 ,     388 ,     70555 ,    62195 ,    6899         ,
27 ,    4045 ,     q3i ,    0 ,     378 ,     71671 ,    62145 ,    5596         ,
27 ,    4085 ,     q3i ,    0 ,     418 ,     71560 ,    62136 ,    5349         ,
27 ,    4125 ,     q3i ,    0 ,     430 ,     71248 ,    62520 ,    5374         ,
27 ,    4165 ,     q3i ,    0 ,     418 ,     72909 ,    62259 ,    5474         ,
27 ,    4205 ,     q3i ,    0 ,     421 ,     76523 ,    63509 ,    5453         ,
27 ,    4245 ,     q3i ,    0 ,     426 ,     77208 ,    64632 ,    5615         ,
27 ,    4285 ,     q3i ,    0 ,     435 ,     77170 ,    65140 ,    5797         ,
27 ,    4325 ,     q3i ,    0 ,     433 ,     83136 ,    64621 ,    6174         ,
27 ,    4365 ,     q3i ,    0 ,     435 ,     79567 ,    65769 ,    5889         ,
27 ,    4405 ,     q3i ,    0 ,     439 ,     78976 ,    68486 ,    5778         ,
27 ,    4445 ,     q3i ,    0 ,     466 ,     76985 ,    67988 ,    8003         ,
27 ,    4485 ,     q3i ,    0 ,     454 ,     78973 ,    69627 ,    6054         ,
27 ,    4525 ,     q3i ,    0 ,     451 ,     84057 ,    69888 ,    6080         ,
27 ,    4565 ,     q3i ,    0 ,     507 ,     78851 ,    67361 ,    5914         ,
27 ,    4605 ,     q3i ,    0 ,     454 ,     81730 ,    71964 ,    6096         ,
27 ,    4645 ,     q3i ,    0 ,     471 ,     82763 ,    72780 ,    8305         ,
27 ,    4685 ,     q3i ,    0 ,     502 ,     86505 ,    71107 ,    6328         ,
27 ,    4725 ,     q3i ,    0 ,     504 ,     86206 ,    72218 ,    6703         ,
27 ,    4765 ,     q3i ,    0 ,     496 ,     87628 ,    71739 ,    6265         ,
27 ,    4805 ,     q3i ,    0 ,     490 ,     86210 ,    74589 ,    6515         ,
27 ,    4845 ,     q3i ,    0 ,     490 ,     85674 ,    73641 ,    7759         ,
27 ,    4885 ,     q3i ,    0 ,     487 ,     86285 ,    75931 ,    6892         ,
27 ,    4925 ,     q3i ,    0 ,     520 ,     90016 ,    75323 ,    6638         ,
27 ,    4965 ,     q3i ,    0 ,     523 ,     88968 ,    76694 ,    6716         ,
27 ,    5 ,     q3i ,    1 ,     4 ,     8 ,    7 ,    3         ,
27 ,    45 ,     q3i ,    1 ,     4 ,     88 ,    87 ,    7         ,
27 ,    85 ,     q3i ,    1 ,     4 ,     168 ,    167 ,    11         ,
27 ,    125 ,     q3i ,    1 ,     10 ,     370 ,    245 ,    20         ,
27 ,    165 ,     q3i ,    1 ,     10 ,     490 ,    325 ,    24         ,
27 ,    205 ,     q3i ,    1 ,     10 ,     610 ,    405 ,    31         ,
27 ,    245 ,     q3i ,    1 ,     22 ,     968 ,    481 ,    45         ,
27 ,    285 ,     q3i ,    1 ,     22 ,     1128 ,    561 ,    51         ,
27 ,    325 ,     q3i ,    1 ,     22 ,     1288 ,    641 ,    59         ,
27 ,    365 ,     q3i ,    1 ,     22 ,     1448 ,    721 ,    66         ,
27 ,    405 ,     q3i ,    1 ,     22 ,     1608 ,    801 ,    72         ,
27 ,    445 ,     q3i ,    1 ,     46 ,     2198 ,    873 ,    96         ,
27 ,    485 ,     q3i ,    1 ,     46 ,     2398 ,    953 ,    105         ,
27 ,    525 ,     q3i ,    1 ,     46 ,     2598 ,    1033 ,    111         ,
27 ,    565 ,     q3i ,    1 ,     46 ,     2798 ,    1113 ,    119         ,
27 ,    605 ,     q3i ,    1 ,     46 ,     2998 ,    1193 ,    127         ,
27 ,    645 ,     q3i ,    1 ,     46 ,     3198 ,    1273 ,    135         ,
27 ,    685 ,     q3i ,    1 ,     46 ,     3398 ,    1353 ,    142         ,
27 ,    725 ,     q3i ,    1 ,     46 ,     3598 ,    1433 ,    154         ,
27 ,    765 ,     q3i ,    1 ,     46 ,     3798 ,    1513 ,    161         ,
27 ,    805 ,     q3i ,    1 ,     46 ,     3998 ,    1593 ,    167         ,
27 ,    845 ,     q3i ,    1 ,     88 ,     4912 ,    1659 ,    206         ,
27 ,    885 ,     q3i ,    1 ,     94 ,     5252 ,    1737 ,    215         ,
27 ,    925 ,     q3i ,    1 ,     94 ,     5492 ,    1817 ,    224         ,
27 ,    965 ,     q3i ,    1 ,     94 ,     5732 ,    1897 ,    235         ,
27 ,    1005 ,     q3i ,    1 ,     94 ,     5972 ,    1977 ,    243         ,
27 ,    1045 ,     q3i ,    1 ,     94 ,     6212 ,    2057 ,    253         ,
27 ,    1085 ,     q3i ,    1 ,     94 ,     6452 ,    2137 ,    263         ,
27 ,    1125 ,     q3i ,    1 ,     94 ,     6692 ,    2217 ,    272         ,
27 ,    1165 ,     q3i ,    1 ,     94 ,     6932 ,    2297 ,    281         ,
27 ,    1205 ,     q3i ,    1 ,     94 ,     7172 ,    2377 ,    290         ,
27 ,    1245 ,     q3i ,    1 ,     94 ,     7412 ,    2457 ,    300         ,
27 ,    1285 ,     q3i ,    1 ,     94 ,     7652 ,    2537 ,    307         ,
27 ,    1325 ,     q3i ,    1 ,     94 ,     7892 ,    2617 ,    316         ,
27 ,    1365 ,     q3i ,    1 ,     94 ,     8132 ,    2697 ,    326         ,
27 ,    1405 ,     q3i ,    1 ,     94 ,     8372 ,    2777 ,    333         ,
27 ,    1445 ,     q3i ,    1 ,     94 ,     8612 ,    2857 ,    449         ,
27 ,    1485 ,     q3i ,    1 ,     94 ,     8852 ,    2937 ,    353         ,
27 ,    1525 ,     q3i ,    1 ,     94 ,     9092 ,    3017 ,    365         ,
27 ,    1565 ,     q3i ,    1 ,     94 ,     9332 ,    3097 ,    370         ,
27 ,    1605 ,     q3i ,    1 ,     94 ,     9572 ,    3177 ,    386         ,
27 ,    1645 ,     q3i ,    1 ,     94 ,     9812 ,    3257 ,    388         ,
27 ,    1685 ,     q3i ,    1 ,     160 ,     11174 ,    3315 ,    443         ,
27 ,    1725 ,     q3i ,    1 ,     190 ,     11954 ,    3385 ,    3538         ,
27 ,    1765 ,     q3i ,    1 ,     190 ,     12234 ,    3465 ,    484         ,
27 ,    1805 ,     q3i ,    1 ,     190 ,     12514 ,    3545 ,    494         ,
27 ,    1845 ,     q3i ,    1 ,     190 ,     12794 ,    3625 ,    504         ,
27 ,    1885 ,     q3i ,    1 ,     190 ,     13074 ,    3705 ,    518         ,
27 ,    1925 ,     q3i ,    1 ,     190 ,     13354 ,    3785 ,    638         ,
27 ,    1965 ,     q3i ,    1 ,     190 ,     13634 ,    3865 ,    539         ,
27 ,    2005 ,     q3i ,    1 ,     190 ,     13914 ,    3945 ,    548         ,
27 ,    2045 ,     q3i ,    1 ,     190 ,     14194 ,    4025 ,    559         ,
27 ,    2085 ,     q3i ,    1 ,     190 ,     14474 ,    4105 ,    568         ,
27 ,    2125 ,     q3i ,    1 ,     190 ,     14754 ,    4185 ,    581         ,
27 ,    2165 ,     q3i ,    1 ,     190 ,     15034 ,    4265 ,    588         ,
27 ,    2205 ,     q3i ,    1 ,     190 ,     15314 ,    4345 ,    598         ,
27 ,    2245 ,     q3i ,    1 ,     190 ,     15594 ,    4425 ,    610         ,
27 ,    2285 ,     q3i ,    1 ,     190 ,     15874 ,    4505 ,    619         ,
27 ,    2325 ,     q3i ,    1 ,     190 ,     16154 ,    4585 ,    951         ,
27 ,    2365 ,     q3i ,    1 ,     190 ,     16434 ,    4665 ,    866         ,
27 ,    2405 ,     q3i ,    1 ,     190 ,     16714 ,    4745 ,    652         ,
27 ,    2445 ,     q3i ,    1 ,     190 ,     16994 ,    4825 ,    661         ,
27 ,    2485 ,     q3i ,    1 ,     190 ,     17274 ,    4905 ,    672         ,
27 ,    2525 ,     q3i ,    1 ,     190 ,     17554 ,    4985 ,    677         ,
27 ,    2565 ,     q3i ,    1 ,     190 ,     17834 ,    5065 ,    691         ,
27 ,    2605 ,     q3i ,    1 ,     190 ,     18114 ,    5145 ,    699         ,
27 ,    2645 ,     q3i ,    1 ,     190 ,     18394 ,    5225 ,    710         ,
27 ,    2685 ,     q3i ,    1 ,     190 ,     18674 ,    5305 ,    726         ,
27 ,    2725 ,     q3i ,    1 ,     190 ,     18954 ,    5385 ,    732         ,
27 ,    2765 ,     q3i ,    1 ,     190 ,     19234 ,    5465 ,    846         ,
27 ,    2805 ,     q3i ,    1 ,     190 ,     19514 ,    5545 ,    752         ,
27 ,    2845 ,     q3i ,    1 ,     190 ,     19794 ,    5625 ,    766         ,
27 ,    2885 ,     q3i ,    1 ,     190 ,     20074 ,    5705 ,    772         ,
27 ,    2925 ,     q3i ,    1 ,     190 ,     20354 ,    5785 ,    781         ,
27 ,    2965 ,     q3i ,    1 ,     190 ,     20634 ,    5865 ,    794         ,
27 ,    3005 ,     q3i ,    1 ,     190 ,     20914 ,    5945 ,    803         ,
27 ,    3045 ,     q3i ,    1 ,     190 ,     21194 ,    6025 ,    815         ,
27 ,    3085 ,     q3i ,    1 ,     190 ,     21474 ,    6105 ,    928         ,
27 ,    3125 ,     q3i ,    1 ,     190 ,     21754 ,    6185 ,    831         ,
27 ,    3165 ,     q3i ,    1 ,     190 ,     22034 ,    6265 ,    845         ,
27 ,    3205 ,     q3i ,    1 ,     190 ,     22314 ,    6345 ,    2398         ,
27 ,    3245 ,     q3i ,    1 ,     190 ,     22594 ,    6425 ,    863         ,
27 ,    3285 ,     q3i ,    1 ,     190 ,     22874 ,    6505 ,    872         ,
27 ,    3325 ,     q3i ,    1 ,     190 ,     23154 ,    6585 ,    887         ,
27 ,    3365 ,     q3i ,    1 ,     304 ,     25372 ,    6627 ,    1070         ,
27 ,    3405 ,     q3i ,    1 ,     382 ,     26992 ,    6681 ,    1042         ,
27 ,    3445 ,     q3i ,    1 ,     382 ,     27312 ,    6761 ,    1049         ,
27 ,    3485 ,     q3i ,    1 ,     382 ,     27632 ,    6841 ,    1063         ,
27 ,    3525 ,     q3i ,    1 ,     382 ,     27952 ,    6921 ,    1071         ,
27 ,    3565 ,     q3i ,    1 ,     382 ,     28272 ,    7001 ,    1082         ,
27 ,    3605 ,     q3i ,    1 ,     382 ,     28592 ,    7081 ,    2037         ,
27 ,    3645 ,     q3i ,    1 ,     382 ,     28912 ,    7161 ,    1103         ,
27 ,    3685 ,     q3i ,    1 ,     382 ,     29232 ,    7241 ,    1121         ,
27 ,    3725 ,     q3i ,    1 ,     382 ,     29552 ,    7321 ,    1134         ,
27 ,    3765 ,     q3i ,    1 ,     382 ,     29872 ,    7401 ,    1146         ,
27 ,    3805 ,     q3i ,    1 ,     382 ,     30192 ,    7481 ,    1162         ,
27 ,    3845 ,     q3i ,    1 ,     382 ,     30512 ,    7561 ,    1175         ,
27 ,    3885 ,     q3i ,    1 ,     382 ,     30832 ,    7641 ,    1182         ,
27 ,    3925 ,     q3i ,    1 ,     382 ,     31152 ,    7721 ,    1195         ,
27 ,    3965 ,     q3i ,    1 ,     382 ,     31472 ,    7801 ,    1315         ,
27 ,    4005 ,     q3i ,    1 ,     382 ,     31792 ,    7881 ,    2460         ,
27 ,    4045 ,     q3i ,    1 ,     382 ,     32112 ,    7961 ,    1225         ,
27 ,    4085 ,     q3i ,    1 ,     382 ,     32432 ,    8041 ,    3618         ,
27 ,    4125 ,     q3i ,    1 ,     382 ,     32752 ,    8121 ,    1249         ,
27 ,    4165 ,     q3i ,    1 ,     382 ,     33072 ,    8201 ,    1260         ,
27 ,    4205 ,     q3i ,    1 ,     382 ,     33392 ,    8281 ,    1272         ,
27 ,    4245 ,     q3i ,    1 ,     382 ,     33712 ,    8361 ,    1388         ,
27 ,    4285 ,     q3i ,    1 ,     382 ,     34032 ,    8441 ,    1293         ,
27 ,    4325 ,     q3i ,    1 ,     382 ,     34352 ,    8521 ,    1302         ,
27 ,    4365 ,     q3i ,    1 ,     382 ,     34672 ,    8601 ,    1319         ,
27 ,    4405 ,     q3i ,    1 ,     382 ,     34992 ,    8681 ,    1321         ,
27 ,    4445 ,     q3i ,    1 ,     382 ,     35312 ,    8761 ,    1344         ,
27 ,    4485 ,     q3i ,    1 ,     382 ,     35632 ,    8841 ,    1346         ,
27 ,    4525 ,     q3i ,    1 ,     382 ,     35952 ,    8921 ,    1361         ,
27 ,    4565 ,     q3i ,    1 ,     382 ,     36272 ,    9001 ,    1373         ,
27 ,    4605 ,     q3i ,    1 ,     382 ,     36592 ,    9081 ,    1717         ,
27 ,    4645 ,     q3i ,    1 ,     382 ,     36912 ,    9161 ,    1398         ,
27 ,    4685 ,     q3i ,    1 ,     382 ,     37232 ,    9241 ,    4270         ,
27 ,    4725 ,     q3i ,    1 ,     382 ,     37552 ,    9321 ,    1521         ,
27 ,    4765 ,     q3i ,    1 ,     382 ,     37872 ,    9401 ,    1428         ,
27 ,    4805 ,     q3i ,    1 ,     382 ,     38192 ,    9481 ,    1438         ,
27 ,    4845 ,     q3i ,    1 ,     382 ,     38512 ,    9561 ,    1450         ,
27 ,    4885 ,     q3i ,    1 ,     382 ,     38832 ,    9641 ,    1470         ,
27 ,    4925 ,     q3i ,    1 ,     382 ,     39152 ,    9721 ,    1472         ,
27 ,    4965 ,     q3i ,    1 ,     382 ,     39472 ,    9801 ,    1594         ,
27 ,    5 ,     q3i ,    2 ,     4 ,     8 ,    13 ,    2         ,
27 ,    45 ,     q3i ,    2 ,     4 ,     88 ,    153 ,    7         ,
27 ,    85 ,     q3i ,    2 ,     4 ,     168 ,    293 ,    13         ,
27 ,    125 ,     q3i ,    2 ,     10 ,     370 ,    431 ,    24         ,
27 ,    165 ,     q3i ,    2 ,     10 ,     490 ,    571 ,    30         ,
27 ,    205 ,     q3i ,    2 ,     10 ,     610 ,    711 ,    37         ,
27 ,    245 ,     q3i ,    2 ,     22 ,     968 ,    847 ,    54         ,
27 ,    285 ,     q3i ,    2 ,     22 ,     1128 ,    987 ,    61         ,
27 ,    325 ,     q3i ,    2 ,     22 ,     1288 ,    1127 ,    69         ,
27 ,    365 ,     q3i ,    2 ,     22 ,     1448 ,    1267 ,    77         ,
27 ,    405 ,     q3i ,    2 ,     22 ,     1608 ,    1407 ,    84         ,
27 ,    445 ,     q3i ,    2 ,     46 ,     2198 ,    1539 ,    110         ,
27 ,    485 ,     q3i ,    2 ,     46 ,     2398 ,    1679 ,    121         ,
27 ,    525 ,     q3i ,    2 ,     46 ,     2598 ,    1819 ,    130         ,
27 ,    565 ,     q3i ,    2 ,     46 ,     2798 ,    1959 ,    141         ,
27 ,    605 ,     q3i ,    2 ,     46 ,     2998 ,    2099 ,    148         ,
27 ,    645 ,     q3i ,    2 ,     46 ,     3198 ,    2239 ,    157         ,
27 ,    685 ,     q3i ,    2 ,     46 ,     3398 ,    2379 ,    169         ,
27 ,    725 ,     q3i ,    2 ,     46 ,     3598 ,    2519 ,    175         ,
27 ,    765 ,     q3i ,    2 ,     46 ,     3798 ,    2659 ,    185         ,
27 ,    805 ,     q3i ,    2 ,     46 ,     3998 ,    2799 ,    194         ,
27 ,    845 ,     q3i ,    2 ,     88 ,     4912 ,    2925 ,    234         ,
27 ,    885 ,     q3i ,    2 ,     94 ,     5252 ,    3063 ,    2570         ,
27 ,    925 ,     q3i ,    2 ,     94 ,     5492 ,    3203 ,    257         ,
27 ,    965 ,     q3i ,    2 ,     94 ,     5732 ,    3343 ,    268         ,
27 ,    1005 ,     q3i ,    2 ,     94 ,     5972 ,    3483 ,    278         ,
27 ,    1045 ,     q3i ,    2 ,     94 ,     6212 ,    3623 ,    290         ,
27 ,    1085 ,     q3i ,    2 ,     94 ,     6452 ,    3763 ,    299         ,
27 ,    1125 ,     q3i ,    2 ,     94 ,     6692 ,    3903 ,    452         ,
27 ,    1165 ,     q3i ,    2 ,     94 ,     6932 ,    4043 ,    322         ,
27 ,    1205 ,     q3i ,    2 ,     94 ,     7172 ,    4183 ,    330         ,
27 ,    1245 ,     q3i ,    2 ,     94 ,     7412 ,    4323 ,    340         ,
27 ,    1285 ,     q3i ,    2 ,     94 ,     7652 ,    4463 ,    350         ,
27 ,    1325 ,     q3i ,    2 ,     94 ,     7892 ,    4603 ,    359         ,
27 ,    1365 ,     q3i ,    2 ,     94 ,     8132 ,    4743 ,    372         ,
27 ,    1405 ,     q3i ,    2 ,     94 ,     8372 ,    4883 ,    385         ,
27 ,    1445 ,     q3i ,    2 ,     94 ,     8612 ,    5023 ,    393         ,
27 ,    1485 ,     q3i ,    2 ,     94 ,     8852 ,    5163 ,    405         ,
27 ,    1525 ,     q3i ,    2 ,     94 ,     9092 ,    5303 ,    414         ,
27 ,    1565 ,     q3i ,    2 ,     94 ,     9332 ,    5443 ,    424         ,
27 ,    1605 ,     q3i ,    2 ,     94 ,     9572 ,    5583 ,    432         ,
27 ,    1645 ,     q3i ,    2 ,     94 ,     9812 ,    5723 ,    448         ,
27 ,    1685 ,     q3i ,    2 ,     160 ,     11174 ,    5841 ,    502         ,
27 ,    1725 ,     q3i ,    2 ,     190 ,     11954 ,    5971 ,    529         ,
27 ,    1765 ,     q3i ,    2 ,     190 ,     12234 ,    6111 ,    544         ,
27 ,    1805 ,     q3i ,    2 ,     190 ,     12514 ,    6251 ,    556         ,
27 ,    1845 ,     q3i ,    2 ,     190 ,     12794 ,    6391 ,    682         ,
27 ,    1885 ,     q3i ,    2 ,     190 ,     13074 ,    6531 ,    583         ,
27 ,    1925 ,     q3i ,    2 ,     190 ,     13354 ,    6671 ,    592         ,
27 ,    1965 ,     q3i ,    2 ,     190 ,     13634 ,    6811 ,    605         ,
27 ,    2005 ,     q3i ,    2 ,     190 ,     13914 ,    6951 ,    617         ,
27 ,    2045 ,     q3i ,    2 ,     190 ,     14194 ,    7091 ,    624         ,
27 ,    2085 ,     q3i ,    2 ,     190 ,     14474 ,    7231 ,    639         ,
27 ,    2125 ,     q3i ,    2 ,     190 ,     14754 ,    7371 ,    650         ,
27 ,    2165 ,     q3i ,    2 ,     190 ,     15034 ,    7511 ,    663         ,
27 ,    2205 ,     q3i ,    2 ,     190 ,     15314 ,    7651 ,    674         ,
27 ,    2245 ,     q3i ,    2 ,     190 ,     15594 ,    7791 ,    681         ,
27 ,    2285 ,     q3i ,    2 ,     190 ,     15874 ,    7931 ,    692         ,
27 ,    2325 ,     q3i ,    2 ,     190 ,     16154 ,    8071 ,    832         ,
27 ,    2365 ,     q3i ,    2 ,     190 ,     16434 ,    8211 ,    2300         ,
27 ,    2405 ,     q3i ,    2 ,     190 ,     16714 ,    8351 ,    731         ,
27 ,    2445 ,     q3i ,    2 ,     190 ,     16994 ,    8491 ,    739         ,
27 ,    2485 ,     q3i ,    2 ,     190 ,     17274 ,    8631 ,    752         ,
27 ,    2525 ,     q3i ,    2 ,     190 ,     17554 ,    8771 ,    765         ,
27 ,    2565 ,     q3i ,    2 ,     190 ,     17834 ,    8911 ,    775         ,
27 ,    2605 ,     q3i ,    2 ,     190 ,     18114 ,    9051 ,    788         ,
27 ,    2645 ,     q3i ,    2 ,     190 ,     18394 ,    9191 ,    805         ,
27 ,    2685 ,     q3i ,    2 ,     190 ,     18674 ,    9331 ,    809         ,
27 ,    2725 ,     q3i ,    2 ,     190 ,     18954 ,    9471 ,    822         ,
27 ,    2765 ,     q3i ,    2 ,     190 ,     19234 ,    9611 ,    836         ,
27 ,    2805 ,     q3i ,    2 ,     190 ,     19514 ,    9751 ,    848         ,
27 ,    2845 ,     q3i ,    2 ,     190 ,     19794 ,    9891 ,    858         ,
27 ,    2885 ,     q3i ,    2 ,     190 ,     20074 ,    10031 ,    870         ,
27 ,    2925 ,     q3i ,    2 ,     190 ,     20354 ,    10171 ,    885         ,
27 ,    2965 ,     q3i ,    2 ,     190 ,     20634 ,    10311 ,    894         ,
27 ,    3005 ,     q3i ,    2 ,     190 ,     20914 ,    10451 ,    906         ,
27 ,    3045 ,     q3i ,    2 ,     190 ,     21194 ,    10591 ,    914         ,
27 ,    3085 ,     q3i ,    2 ,     190 ,     21474 ,    10731 ,    926         ,
27 ,    3125 ,     q3i ,    2 ,     190 ,     21754 ,    10871 ,    938         ,
27 ,    3165 ,     q3i ,    2 ,     190 ,     22034 ,    11011 ,    951         ,
27 ,    3205 ,     q3i ,    2 ,     190 ,     22314 ,    11151 ,    966         ,
27 ,    3245 ,     q3i ,    2 ,     190 ,     22594 ,    11291 ,    972         ,
27 ,    3285 ,     q3i ,    2 ,     190 ,     22874 ,    11431 ,    993         ,
27 ,    3325 ,     q3i ,    2 ,     190 ,     23154 ,    11571 ,    999         ,
27 ,    3365 ,     q3i ,    2 ,     304 ,     25372 ,    11673 ,    1088         ,
27 ,    3405 ,     q3i ,    2 ,     382 ,     26992 ,    11787 ,    1154         ,
27 ,    3445 ,     q3i ,    2 ,     382 ,     27312 ,    11927 ,    1303         ,
27 ,    3485 ,     q3i ,    2 ,     382 ,     27632 ,    12067 ,    1178         ,
27 ,    3525 ,     q3i ,    2 ,     382 ,     27952 ,    12207 ,    1191         ,
27 ,    3565 ,     q3i ,    2 ,     382 ,     28272 ,    12347 ,    1206         ,
27 ,    3605 ,     q3i ,    2 ,     382 ,     28592 ,    12487 ,    1213         ,
27 ,    3645 ,     q3i ,    2 ,     382 ,     28912 ,    12627 ,    1271         ,
27 ,    3685 ,     q3i ,    2 ,     382 ,     29232 ,    12767 ,    1244         ,
27 ,    3725 ,     q3i ,    2 ,     382 ,     29552 ,    12907 ,    1257         ,
27 ,    3765 ,     q3i ,    2 ,     382 ,     29872 ,    13047 ,    1271         ,
27 ,    3805 ,     q3i ,    2 ,     382 ,     30192 ,    13187 ,    1387         ,
27 ,    3845 ,     q3i ,    2 ,     382 ,     30512 ,    13327 ,    1296         ,
27 ,    3885 ,     q3i ,    2 ,     382 ,     30832 ,    13467 ,    1311         ,
27 ,    3925 ,     q3i ,    2 ,     382 ,     31152 ,    13607 ,    1327         ,
27 ,    3965 ,     q3i ,    2 ,     382 ,     31472 ,    13747 ,    1339         ,
27 ,    4005 ,     q3i ,    2 ,     382 ,     31792 ,    13887 ,    1448         ,
27 ,    4045 ,     q3i ,    2 ,     382 ,     32112 ,    14027 ,    1362         ,
27 ,    4085 ,     q3i ,    2 ,     382 ,     32432 ,    14167 ,    1375         ,
27 ,    4125 ,     q3i ,    2 ,     382 ,     32752 ,    14307 ,    1389         ,
27 ,    4165 ,     q3i ,    2 ,     382 ,     33072 ,    14447 ,    1499         ,
27 ,    4205 ,     q3i ,    2 ,     382 ,     33392 ,    14587 ,    1412         ,
27 ,    4245 ,     q3i ,    2 ,     382 ,     33712 ,    14727 ,    1428         ,
27 ,    4285 ,     q3i ,    2 ,     382 ,     34032 ,    14867 ,    1438         ,
27 ,    4325 ,     q3i ,    2 ,     382 ,     34352 ,    15007 ,    1449         ,
27 ,    4365 ,     q3i ,    2 ,     382 ,     34672 ,    15147 ,    1463         ,
27 ,    4405 ,     q3i ,    2 ,     382 ,     34992 ,    15287 ,    1477         ,
27 ,    4445 ,     q3i ,    2 ,     382 ,     35312 ,    15427 ,    1490         ,
27 ,    4485 ,     q3i ,    2 ,     382 ,     35632 ,    15567 ,    1501         ,
27 ,    4525 ,     q3i ,    2 ,     382 ,     35952 ,    15707 ,    1844         ,
27 ,    4565 ,     q3i ,    2 ,     382 ,     36272 ,    15847 ,    1534         ,
27 ,    4605 ,     q3i ,    2 ,     382 ,     36592 ,    15987 ,    1542         ,
27 ,    4645 ,     q3i ,    2 ,     382 ,     36912 ,    16127 ,    1556         ,
27 ,    4685 ,     q3i ,    2 ,     382 ,     37232 ,    16267 ,    1662         ,
27 ,    4725 ,     q3i ,    2 ,     382 ,     37552 ,    16407 ,    1576         ,
27 ,    4765 ,     q3i ,    2 ,     382 ,     37872 ,    16547 ,    1593         ,
27 ,    4805 ,     q3i ,    2 ,     382 ,     38192 ,    16687 ,    1605         ,
27 ,    4845 ,     q3i ,    2 ,     382 ,     38512 ,    16827 ,    1790         ,
27 ,    4885 ,     q3i ,    2 ,     382 ,     38832 ,    16967 ,    1631         ,
27 ,    4925 ,     q3i ,    2 ,     382 ,     39152 ,    17107 ,    1644         ,
27 ,    4965 ,     q3i ,    2 ,     382 ,     39472 ,    17247 ,    1653         ,
27 ,    5 ,     q3i ,    3 ,     4 ,     9 ,    14 ,    4         ,
27 ,    45 ,     q3i ,    3 ,     4 ,     154 ,    201 ,    17         ,
27 ,    85 ,     q3i ,    3 ,     7 ,     329 ,    428 ,    33         ,
27 ,    125 ,     q3i ,    3 ,     7 ,     522 ,    677 ,    46         ,
27 ,    165 ,     q3i ,    3 ,     13 ,     701 ,    939 ,    61         ,
27 ,    205 ,     q3i ,    3 ,     16 ,     855 ,    1134 ,    78         ,
27 ,    245 ,     q3i ,    3 ,     19 ,     1095 ,    1470 ,    95         ,
27 ,    285 ,     q3i ,    3 ,     19 ,     1319 ,    1761 ,    113         ,
27 ,    325 ,     q3i ,    3 ,     28 ,     1506 ,    2049 ,    127         ,
27 ,    365 ,     q3i ,    3 ,     34 ,     1787 ,    2431 ,    149         ,
27 ,    405 ,     q3i ,    3 ,     37 ,     2211 ,    2956 ,    178         ,
27 ,    445 ,     q3i ,    3 ,     34 ,     2220 ,    3033 ,    186         ,
27 ,    485 ,     q3i ,    3 ,     43 ,     2576 ,    3490 ,    207         ,
27 ,    525 ,     q3i ,    3 ,     37 ,     2684 ,    3714 ,    218         ,
27 ,    565 ,     q3i ,    3 ,     43 ,     3013 ,    3926 ,    226         ,
27 ,    605 ,     q3i ,    3 ,     43 ,     3130 ,    4329 ,    252         ,
27 ,    645 ,     q3i ,    3 ,     55 ,     3556 ,    4921 ,    281         ,
27 ,    685 ,     q3i ,    3 ,     55 ,     3876 ,    5229 ,    404         ,
27 ,    725 ,     q3i ,    3 ,     67 ,     4256 ,    5880 ,    332         ,
27 ,    765 ,     q3i ,    3 ,     73 ,     4559 ,    6354 ,    358         ,
27 ,    805 ,     q3i ,    3 ,     67 ,     4645 ,    6559 ,    460         ,
27 ,    845 ,     q3i ,    3 ,     73 ,     5026 ,    7051 ,    390         ,
27 ,    885 ,     q3i ,    3 ,     70 ,     5136 ,    7032 ,    397         ,
27 ,    925 ,     q3i ,    3 ,     85 ,     5638 ,    7889 ,    438         ,
27 ,    965 ,     q3i ,    3 ,     85 ,     6001 ,    8165 ,    458         ,
27 ,    1005 ,     q3i ,    3 ,     76 ,     5889 ,    8189 ,    460         ,
27 ,    1045 ,     q3i ,    3 ,     85 ,     6301 ,    8801 ,    481         ,
27 ,    1085 ,     q3i ,    3 ,     85 ,     6535 ,    9201 ,    507         ,
27 ,    1125 ,     q3i ,    3 ,     85 ,     6979 ,    9529 ,    518         ,
27 ,    1165 ,     q3i ,    3 ,     88 ,     7212 ,    9947 ,    551         ,
27 ,    1205 ,     q3i ,    3 ,     88 ,     7369 ,    10356 ,    567         ,
27 ,    1245 ,     q3i ,    3 ,     88 ,     7722 ,    10673 ,    590         ,
27 ,    1285 ,     q3i ,    3 ,     112 ,     8250 ,    11625 ,    739         ,
27 ,    1325 ,     q3i ,    3 ,     112 ,     8629 ,    12151 ,    658         ,
27 ,    1365 ,     q3i ,    3 ,     109 ,     8961 ,    12239 ,    657         ,
27 ,    1405 ,     q3i ,    3 ,     118 ,     9002 ,    12624 ,    688         ,
27 ,    1445 ,     q3i ,    3 ,     112 ,     9461 ,    12845 ,    689         ,
27 ,    1485 ,     q3i ,    3 ,     115 ,     9543 ,    13516 ,    727         ,
27 ,    1525 ,     q3i ,    3 ,     151 ,     10460 ,    14672 ,    794         ,
27 ,    1565 ,     q3i ,    3 ,     121 ,     10404 ,    14286 ,    762         ,
27 ,    1605 ,     q3i ,    3 ,     124 ,     10646 ,    14664 ,    799         ,
27 ,    1645 ,     q3i ,    3 ,     151 ,     11336 ,    15966 ,    853         ,
27 ,    1685 ,     q3i ,    3 ,     160 ,     11719 ,    16294 ,    874         ,
27 ,    1725 ,     q3i ,    3 ,     154 ,     11721 ,    16594 ,    887         ,
27 ,    1765 ,     q3i ,    3 ,     157 ,     12246 ,    17271 ,    31829         ,
27 ,    1805 ,     q3i ,    3 ,     169 ,     12672 ,    17877 ,    964         ,
27 ,    1845 ,     q3i ,    3 ,     154 ,     12634 ,    17847 ,    953         ,
27 ,    1885 ,     q3i ,    3 ,     157 ,     13057 ,    18415 ,    992         ,
27 ,    1925 ,     q3i ,    3 ,     151 ,     13316 ,    18691 ,    1007         ,
27 ,    1965 ,     q3i ,    3 ,     163 ,     13624 ,    19248 ,    1032         ,
27 ,    2005 ,     q3i ,    3 ,     172 ,     14269 ,    19950 ,    1056         ,
27 ,    2045 ,     q3i ,    3 ,     172 ,     14662 ,    20254 ,    1063         ,
27 ,    2085 ,     q3i ,    3 ,     169 ,     14919 ,    20628 ,    1093         ,
27 ,    2125 ,     q3i ,    3 ,     157 ,     14801 ,    20828 ,    1112         ,
27 ,    2165 ,     q3i ,    3 ,     163 ,     15035 ,    21361 ,    1131         ,
27 ,    2205 ,     q3i ,    3 ,     175 ,     15510 ,    21872 ,    1177         ,
27 ,    2245 ,     q3i ,    3 ,     157 ,     15559 ,    21959 ,    1169         ,
27 ,    2285 ,     q3i ,    3 ,     172 ,     16169 ,    22894 ,    1212         ,
27 ,    2325 ,     q3i ,    3 ,     169 ,     16265 ,    23088 ,    1348         ,
27 ,    2365 ,     q3i ,    3 ,     172 ,     17072 ,    23504 ,    1232         ,
27 ,    2405 ,     q3i ,    3 ,     169 ,     17248 ,    23873 ,    1252         ,
27 ,    2445 ,     q3i ,    3 ,     172 ,     17145 ,    24235 ,    1316         ,
27 ,    2485 ,     q3i ,    3 ,     172 ,     17564 ,    24898 ,    1349         ,
27 ,    2525 ,     q3i ,    3 ,     169 ,     18108 ,    25075 ,    1375         ,
27 ,    2565 ,     q3i ,    3 ,     223 ,     18870 ,    26738 ,    1588         ,
27 ,    2605 ,     q3i ,    3 ,     223 ,     19068 ,    27151 ,    1464         ,
27 ,    2645 ,     q3i ,    3 ,     226 ,     19706 ,    28024 ,    1670         ,
27 ,    2685 ,     q3i ,    3 ,     223 ,     19821 ,    28015 ,    1478         ,
27 ,    2725 ,     q3i ,    3 ,     226 ,     20049 ,    28493 ,    1508         ,
27 ,    2765 ,     q3i ,    3 ,     223 ,     20684 ,    28713 ,    1487         ,
27 ,    2805 ,     q3i ,    3 ,     223 ,     20653 ,    29351 ,    1532         ,
27 ,    2845 ,     q3i ,    3 ,     229 ,     21109 ,    29791 ,    1559         ,
27 ,    2885 ,     q3i ,    3 ,     223 ,     21630 ,    30026 ,    1569         ,
27 ,    2925 ,     q3i ,    3 ,     277 ,     22583 ,    31881 ,    1718         ,
27 ,    2965 ,     q3i ,    3 ,     226 ,     22155 ,    30769 ,    1625         ,
27 ,    3005 ,     q3i ,    3 ,     277 ,     23092 ,    32831 ,    6434         ,
27 ,    3045 ,     q3i ,    3 ,     223 ,     22927 ,    31724 ,    1665         ,
27 ,    3085 ,     q3i ,    3 ,     226 ,     24189 ,    32218 ,    1882         ,
27 ,    3125 ,     q3i ,    3 ,     301 ,     24407 ,    34713 ,    1883         ,
27 ,    3165 ,     q3i ,    3 ,     223 ,     24621 ,    32734 ,    2015         ,
27 ,    3205 ,     q3i ,    3 ,     301 ,     25083 ,    35564 ,    1869         ,
27 ,    3245 ,     q3i ,    3 ,     295 ,     25497 ,    35676 ,    1842         ,
27 ,    3285 ,     q3i ,    3 ,     301 ,     25640 ,    36654 ,    1909         ,
27 ,    3325 ,     q3i ,    3 ,     301 ,     25983 ,    37011 ,    1939         ,
27 ,    3365 ,     q3i ,    3 ,     319 ,     27078 ,    37560 ,    3835         ,
27 ,    3405 ,     q3i ,    3 ,     271 ,     26070 ,    37132 ,    1934         ,
27 ,    3445 ,     q3i ,    3 ,     304 ,     26822 ,    38274 ,    1990         ,
27 ,    3485 ,     q3i ,    3 ,     304 ,     27202 ,    38896 ,    2074         ,
27 ,    3525 ,     q3i ,    3 ,     313 ,     27775 ,    39408 ,    2257         ,
27 ,    3565 ,     q3i ,    3 ,     316 ,     28093 ,    39951 ,    2123         ,
27 ,    3605 ,     q3i ,    3 ,     337 ,     29271 ,    40906 ,    2097         ,
27 ,    3645 ,     q3i ,    3 ,     316 ,     28624 ,    40820 ,    2311         ,
27 ,    3685 ,     q3i ,    3 ,     310 ,     28857 ,    41188 ,    2182         ,
27 ,    3725 ,     q3i ,    3 ,     301 ,     29343 ,    41313 ,    2194         ,
27 ,    3765 ,     q3i ,    3 ,     340 ,     29939 ,    42701 ,    2418         ,
27 ,    3805 ,     q3i ,    3 ,     307 ,     29705 ,    42373 ,    2415         ,
27 ,    3845 ,     q3i ,    3 ,     304 ,     30172 ,    42658 ,    2329         ,
27 ,    3885 ,     q3i ,    3 ,     340 ,     30972 ,    44072 ,    2354         ,
27 ,    3925 ,     q3i ,    3 ,     304 ,     30706 ,    43766 ,    2393         ,
27 ,    3965 ,     q3i ,    3 ,     346 ,     32419 ,    45218 ,    2355         ,
27 ,    4005 ,     q3i ,    3 ,     304 ,     31401 ,    44883 ,    2396         ,
27 ,    4045 ,     q3i ,    3 ,     349 ,     34218 ,    45812 ,    2684         ,
27 ,    4085 ,     q3i ,    3 ,     340 ,     32521 ,    46266 ,    2512         ,
27 ,    4125 ,     q3i ,    3 ,     301 ,     32113 ,    45979 ,    2583         ,
27 ,    4165 ,     q3i ,    3 ,     307 ,     32442 ,    46439 ,    2460         ,
27 ,    4205 ,     q3i ,    3 ,     316 ,     33367 ,    47390 ,    2567         ,
27 ,    4245 ,     q3i ,    3 ,     346 ,     34668 ,    48500 ,    2465         ,
27 ,    4285 ,     q3i ,    3 ,     343 ,     33993 ,    48637 ,    2519         ,
27 ,    4325 ,     q3i ,    3 ,     343 ,     35080 ,    49072 ,    2508         ,
27 ,    4365 ,     q3i ,    3 ,     337 ,     35301 ,    49578 ,    4184         ,
27 ,    4405 ,     q3i ,    3 ,     346 ,     35981 ,    50207 ,    2546         ,
27 ,    4445 ,     q3i ,    3 ,     340 ,     35380 ,    50542 ,    2625         ,
27 ,    4485 ,     q3i ,    3 ,     349 ,     37749 ,    50748 ,    2594         ,
27 ,    4525 ,     q3i ,    3 ,     349 ,     36277 ,    51618 ,    2669         ,
27 ,    4565 ,     q3i ,    3 ,     343 ,     36433 ,    51957 ,    2666         ,
27 ,    4605 ,     q3i ,    3 ,     343 ,     36604 ,    52553 ,    2712         ,
27 ,    4645 ,     q3i ,    3 ,     328 ,     36652 ,    52354 ,    2875         ,
27 ,    4685 ,     q3i ,    3 ,     349 ,     37492 ,    53502 ,    2755         ,
27 ,    4725 ,     q3i ,    3 ,     343 ,     37606 ,    53869 ,    2778         ,
27 ,    4765 ,     q3i ,    3 ,     349 ,     38101 ,    54453 ,    2922         ,
27 ,    4805 ,     q3i ,    3 ,     346 ,     38141 ,    54589 ,    2815         ,
27 ,    4845 ,     q3i ,    3 ,     361 ,     38887 ,    55589 ,    2857         ,
27 ,    4885 ,     q3i ,    3 ,     346 ,     41436 ,    55552 ,    2956         ,
27 ,    4925 ,     q3i ,    3 ,     349 ,     40645 ,    55963 ,    2836         ,
27 ,    4965 ,     q3i ,    3 ,     346 ,     41067 ,    56582 ,    2871         ,
27 ,    5 ,     q3i ,    4 ,     4 ,     9 ,    11 ,    4         ,
27 ,    45 ,     q3i ,    4 ,     4 ,     225 ,    251 ,    24         ,
27 ,    85 ,     q3i ,    4 ,     4 ,     633 ,    703 ,    54         ,
27 ,    125 ,     q3i ,    4 ,     13 ,     728 ,    744 ,    68         ,
27 ,    165 ,     q3i ,    4 ,     16 ,     895 ,    985 ,    1351         ,
27 ,    205 ,     q3i ,    4 ,     16 ,     1327 ,    1390 ,    110         ,
27 ,    245 ,     q3i ,    4 ,     22 ,     1681 ,    1880 ,    145         ,
27 ,    285 ,     q3i ,    4 ,     22 ,     1856 ,    2138 ,    158         ,
27 ,    325 ,     q3i ,    4 ,     28 ,     2017 ,    2241 ,    182         ,
27 ,    365 ,     q3i ,    4 ,     31 ,     2697 ,    2593 ,    203         ,
27 ,    405 ,     q3i ,    4 ,     31 ,     2759 ,    2929 ,    233         ,
27 ,    445 ,     q3i ,    4 ,     37 ,     3136 ,    3433 ,    251         ,
27 ,    485 ,     q3i ,    4 ,     43 ,     3133 ,    3588 ,    265         ,
27 ,    525 ,     q3i ,    4 ,     46 ,     3249 ,    3782 ,    283         ,
27 ,    565 ,     q3i ,    4 ,     49 ,     3685 ,    4110 ,    311         ,
27 ,    605 ,     q3i ,    4 ,     46 ,     3807 ,    4300 ,    310         ,
27 ,    645 ,     q3i ,    4 ,     52 ,     4233 ,    4751 ,    343         ,
27 ,    685 ,     q3i ,    4 ,     58 ,     4371 ,    4995 ,    369         ,
27 ,    725 ,     q3i ,    4 ,     58 ,     4615 ,    5487 ,    398         ,
27 ,    765 ,     q3i ,    4 ,     61 ,     4959 ,    5765 ,    415         ,
27 ,    805 ,     q3i ,    4 ,     67 ,     5092 ,    6085 ,    437         ,
27 ,    845 ,     q3i ,    4 ,     67 ,     5615 ,    6317 ,    461         ,
27 ,    885 ,     q3i ,    4 ,     79 ,     5932 ,    6688 ,    477         ,
27 ,    925 ,     q3i ,    4 ,     91 ,     6196 ,    7421 ,    522         ,
27 ,    965 ,     q3i ,    4 ,     88 ,     6206 ,    7603 ,    666         ,
27 ,    1005 ,     q3i ,    4 ,     82 ,     6935 ,    8290 ,    571         ,
27 ,    1045 ,     q3i ,    4 ,     94 ,     7266 ,    8548 ,    605         ,
27 ,    1085 ,     q3i ,    4 ,     94 ,     7505 ,    8956 ,    622         ,
27 ,    1125 ,     q3i ,    4 ,     106 ,     7659 ,    9123 ,    643         ,
27 ,    1165 ,     q3i ,    4 ,     94 ,     7865 ,    9368 ,    659         ,
27 ,    1205 ,     q3i ,    4 ,     100 ,     7955 ,    9796 ,    816         ,
27 ,    1245 ,     q3i ,    4 ,     97 ,     8401 ,    10319 ,    700         ,
27 ,    1285 ,     q3i ,    4 ,     118 ,     9186 ,    10964 ,    720         ,
27 ,    1325 ,     q3i ,    4 ,     106 ,     8831 ,    10814 ,    734         ,
27 ,    1365 ,     q3i ,    4 ,     118 ,     9668 ,    11515 ,    781         ,
27 ,    1405 ,     q3i ,    4 ,     112 ,     10085 ,    11751 ,    805         ,
27 ,    1445 ,     q3i ,    4 ,     118 ,     10064 ,    12080 ,    2083         ,
27 ,    1485 ,     q3i ,    4 ,     112 ,     10115 ,    12236 ,    837         ,
27 ,    1525 ,     q3i ,    4 ,     127 ,     11187 ,    12926 ,    868         ,
27 ,    1565 ,     q3i ,    4 ,     136 ,     11351 ,    13440 ,    900         ,
27 ,    1605 ,     q3i ,    4 ,     130 ,     11560 ,    13996 ,    1056         ,
27 ,    1645 ,     q3i ,    4 ,     133 ,     12389 ,    13965 ,    925         ,
27 ,    1685 ,     q3i ,    4 ,     160 ,     12644 ,    14914 ,    990         ,
27 ,    1725 ,     q3i ,    4 ,     136 ,     12202 ,    15125 ,    1103         ,
27 ,    1765 ,     q3i ,    4 ,     151 ,     12682 ,    15664 ,    1051         ,
27 ,    1805 ,     q3i ,    4 ,     145 ,     13798 ,    15515 ,    1054         ,
27 ,    1845 ,     q3i ,    4 ,     163 ,     14923 ,    16661 ,    1217         ,
27 ,    1885 ,     q3i ,    4 ,     160 ,     14024 ,    17265 ,    1135         ,
27 ,    1925 ,     q3i ,    4 ,     169 ,     13887 ,    17116 ,    1136         ,
27 ,    1965 ,     q3i ,    4 ,     175 ,     14350 ,    17922 ,    1177         ,
27 ,    2005 ,     q3i ,    4 ,     178 ,     15370 ,    18680 ,    1219         ,
27 ,    2045 ,     q3i ,    4 ,     181 ,     15802 ,    18825 ,    1232         ,
27 ,    2085 ,     q3i ,    4 ,     193 ,     15904 ,    19380 ,    1264         ,
27 ,    2125 ,     q3i ,    4 ,     184 ,     16297 ,    19541 ,    1269         ,
27 ,    2165 ,     q3i ,    4 ,     202 ,     16279 ,    20268 ,    1320         ,
27 ,    2205 ,     q3i ,    4 ,     187 ,     16031 ,    20400 ,    1324         ,
27 ,    2245 ,     q3i ,    4 ,     187 ,     16882 ,    20695 ,    1467         ,
27 ,    2285 ,     q3i ,    4 ,     184 ,     18155 ,    21151 ,    1364         ,
27 ,    2325 ,     q3i ,    4 ,     178 ,     18466 ,    21172 ,    1373         ,
27 ,    2365 ,     q3i ,    4 ,     199 ,     17874 ,    22354 ,    1445         ,
27 ,    2405 ,     q3i ,    4 ,     181 ,     18102 ,    22279 ,    1455         ,
27 ,    2445 ,     q3i ,    4 ,     211 ,     18491 ,    23355 ,    1489         ,
27 ,    2485 ,     q3i ,    4 ,     217 ,     20335 ,    23700 ,    1524         ,
27 ,    2525 ,     q3i ,    4 ,     217 ,     19053 ,    24348 ,    1583         ,
27 ,    2565 ,     q3i ,    4 ,     214 ,     21943 ,    24195 ,    1589         ,
27 ,    2605 ,     q3i ,    4 ,     235 ,     20840 ,    25270 ,    1623         ,
27 ,    2645 ,     q3i ,    4 ,     196 ,     20182 ,    24501 ,    1582         ,
27 ,    2685 ,     q3i ,    4 ,     217 ,     21807 ,    25341 ,    1612         ,
27 ,    2725 ,     q3i ,    4 ,     217 ,     20658 ,    26153 ,    1661         ,
27 ,    2765 ,     q3i ,    4 ,     229 ,     20959 ,    26594 ,    1741         ,
27 ,    2805 ,     q3i ,    4 ,     223 ,     21676 ,    26480 ,    1727         ,
27 ,    2845 ,     q3i ,    4 ,     220 ,     22238 ,    27261 ,    1833         ,
27 ,    2885 ,     q3i ,    4 ,     253 ,     22762 ,    28507 ,    1898         ,
27 ,    2925 ,     q3i ,    4 ,     253 ,     23217 ,    29255 ,    1882         ,
27 ,    2965 ,     q3i ,    4 ,     205 ,     22254 ,    28158 ,    4950         ,
27 ,    3005 ,     q3i ,    4 ,     259 ,     24014 ,    29713 ,    1949         ,
27 ,    3045 ,     q3i ,    4 ,     223 ,     23119 ,    29369 ,    2010         ,
27 ,    3085 ,     q3i ,    4 ,     238 ,     23978 ,    30092 ,    2125         ,
27 ,    3125 ,     q3i ,    4 ,     238 ,     25898 ,    30135 ,    2040         ,
27 ,    3165 ,     q3i ,    4 ,     226 ,     25667 ,    30607 ,    2013         ,
27 ,    3205 ,     q3i ,    4 ,     241 ,     25191 ,    31219 ,    2082         ,
27 ,    3245 ,     q3i ,    4 ,     283 ,     25625 ,    32646 ,    2242         ,
27 ,    3285 ,     q3i ,    4 ,     271 ,     25600 ,    32786 ,    2132         ,
27 ,    3325 ,     q3i ,    4 ,     289 ,     26155 ,    33199 ,    2157         ,
27 ,    3365 ,     q3i ,    4 ,     250 ,     26199 ,    33114 ,    2201         ,
27 ,    3405 ,     q3i ,    4 ,     313 ,     28208 ,    34748 ,    2331         ,
27 ,    3445 ,     q3i ,    4 ,     253 ,     27128 ,    33994 ,    2165         ,
27 ,    3485 ,     q3i ,    4 ,     316 ,     28563 ,    35996 ,    2263         ,
27 ,    3525 ,     q3i ,    4 ,     280 ,     27485 ,    35276 ,    2209         ,
27 ,    3565 ,     q3i ,    4 ,     298 ,     28989 ,    36428 ,    2392         ,
27 ,    3605 ,     q3i ,    4 ,     322 ,     29273 ,    37049 ,    2295         ,
27 ,    3645 ,     q3i ,    4 ,     253 ,     28981 ,    35762 ,    2281         ,
27 ,    3685 ,     q3i ,    4 ,     301 ,     29636 ,    37498 ,    2332         ,
27 ,    3725 ,     q3i ,    4 ,     343 ,     30852 ,    38664 ,    2515         ,
27 ,    3765 ,     q3i ,    4 ,     343 ,     31229 ,    39259 ,    2485         ,
27 ,    3805 ,     q3i ,    4 ,     319 ,     30502 ,    39297 ,    2432         ,
27 ,    3845 ,     q3i ,    4 ,     331 ,     31656 ,    39711 ,    2704         ,
27 ,    3885 ,     q3i ,    4 ,     331 ,     31982 ,    40021 ,    2547         ,
27 ,    3925 ,     q3i ,    4 ,     307 ,     33142 ,    39627 ,    2484         ,
27 ,    3965 ,     q3i ,    4 ,     364 ,     33323 ,    41962 ,    2607         ,
27 ,    4005 ,     q3i ,    4 ,     364 ,     34992 ,    42125 ,    2777         ,
27 ,    4045 ,     q3i ,    4 ,     352 ,     33802 ,    42354 ,    2658         ,
27 ,    4085 ,     q3i ,    4 ,     340 ,     34376 ,    42287 ,    2646         ,
27 ,    4125 ,     q3i ,    4 ,     352 ,     33799 ,    43418 ,    2898         ,
27 ,    4165 ,     q3i ,    4 ,     391 ,     35538 ,    44475 ,    2777         ,
27 ,    4205 ,     q3i ,    4 ,     358 ,     34845 ,    44498 ,    2992         ,
27 ,    4245 ,     q3i ,    4 ,     364 ,     34832 ,    45016 ,    2912         ,
27 ,    4285 ,     q3i ,    4 ,     355 ,     37303 ,    44329 ,    2762         ,
27 ,    4325 ,     q3i ,    4 ,     373 ,     35913 ,    45901 ,    2859         ,
27 ,    4365 ,     q3i ,    4 ,     370 ,     36066 ,    46529 ,    2892         ,
27 ,    4405 ,     q3i ,    4 ,     367 ,     36287 ,    46754 ,    4248         ,
27 ,    4445 ,     q3i ,    4 ,     364 ,     38109 ,    46997 ,    4507         ,
27 ,    4485 ,     q3i ,    4 ,     376 ,     37724 ,    47689 ,    3937         ,
27 ,    4525 ,     q3i ,    4 ,     358 ,     37599 ,    47927 ,    4204         ,
27 ,    4565 ,     q3i ,    4 ,     412 ,     38298 ,    49480 ,    4262         ,
27 ,    4605 ,     q3i ,    4 ,     397 ,     38692 ,    49710 ,    4619         ,
27 ,    4645 ,     q3i ,    4 ,     367 ,     39734 ,    49136 ,    3967         ,
27 ,    4685 ,     q3i ,    4 ,     349 ,     41643 ,    48836 ,    3299         ,
27 ,    4725 ,     q3i ,    4 ,     343 ,     41373 ,    48586 ,    3066         ,
27 ,    4765 ,     q3i ,    4 ,     385 ,     39628 ,    51041 ,    21284         ,
27 ,    4805 ,     q3i ,    4 ,     385 ,     40016 ,    51792 ,    3207         ,
27 ,    4845 ,     q3i ,    4 ,     403 ,     40644 ,    52560 ,    4180         ,
27 ,    4885 ,     q3i ,    4 ,     427 ,     42327 ,    53256 ,    4742         ,
27 ,    4925 ,     q3i ,    4 ,     370 ,     43825 ,    51481 ,    4298         ,
27 ,    4965 ,     q3i ,    4 ,     427 ,     41803 ,    54499 ,    3461         ,


