SEED ,  SIZE ,  ALG ,  TYPE ,  CALLS ,  CMP ,     MOVE ,    TIME              ,
27 ,    5 ,     q ,    0 ,     8 ,     4 ,    15 ,    7         ,
27 ,    45 ,     q ,    0 ,     78 ,     190 ,    204 ,    42         ,
27 ,    85 ,     q ,    0 ,     142 ,     360 ,    468 ,    73         ,
27 ,    125 ,     q ,    0 ,     218 ,     581 ,    744 ,    113         ,
27 ,    165 ,     q ,    0 ,     278 ,     701 ,    1053 ,    152         ,
27 ,    205 ,     q ,    0 ,     354 ,     1355 ,    1281 ,    205         ,
27 ,    245 ,     q ,    0 ,     416 ,     1465 ,    1605 ,    244         ,
27 ,    285 ,     q ,    0 ,     488 ,     1420 ,    1959 ,    283         ,
27 ,    325 ,     q ,    0 ,     576 ,     1669 ,    2301 ,    334         ,
27 ,    365 ,     q ,    0 ,     618 ,     2027 ,    2589 ,    377         ,
27 ,    405 ,     q ,    0 ,     688 ,     2469 ,    2970 ,    421         ,
27 ,    445 ,     q ,    0 ,     768 ,     2402 ,    3318 ,    469         ,
27 ,    485 ,     q ,    0 ,     850 ,     2939 ,    3606 ,    504         ,
27 ,    525 ,     q ,    0 ,     908 ,     3118 ,    3894 ,    707         ,
27 ,    565 ,     q ,    0 ,     952 ,     3328 ,    4284 ,    608         ,
27 ,    605 ,     q ,    0 ,     1042 ,     3365 ,    4665 ,    652         ,
27 ,    645 ,     q ,    0 ,     1116 ,     5411 ,    4902 ,    723         ,
27 ,    685 ,     q ,    0 ,     1168 ,     4264 ,    5289 ,    758         ,
27 ,    725 ,     q ,    0 ,     1242 ,     5050 ,    5526 ,    799         ,
27 ,    765 ,     q ,    0 ,     1292 ,     5075 ,    5910 ,    851         ,
27 ,    805 ,     q ,    0 ,     1404 ,     5938 ,    6297 ,    973         ,
27 ,    845 ,     q ,    0 ,     1460 ,     5082 ,    6810 ,    947         ,
27 ,    885 ,     q ,    0 ,     1534 ,     6316 ,    6999 ,    1003         ,
27 ,    925 ,     q ,    0 ,     1592 ,     5995 ,    7419 ,    1055         ,
27 ,    965 ,     q ,    0 ,     1670 ,     7362 ,    7830 ,    1130         ,
27 ,    1005 ,     q ,    0 ,     1740 ,     8694 ,    8013 ,    3359         ,
27 ,    1045 ,     q ,    0 ,     1768 ,     6518 ,    8565 ,    1172         ,
27 ,    1085 ,     q ,    0 ,     1838 ,     8918 ,    8700 ,    1255         ,
27 ,    1125 ,     q ,    0 ,     1920 ,     9015 ,    9024 ,    1321         ,
27 ,    1165 ,     q ,    0 ,     2022 ,     8238 ,    9591 ,    1515         ,
27 ,    1205 ,     q ,    0 ,     2072 ,     7603 ,    9912 ,    1391         ,
27 ,    1245 ,     q ,    0 ,     2164 ,     10317 ,    10089 ,    1487         ,
27 ,    1285 ,     q ,    0 ,     2208 ,     9785 ,    10530 ,    1511         ,
27 ,    1325 ,     q ,    0 ,     2298 ,     9896 ,    10998 ,    1663         ,
27 ,    1365 ,     q ,    0 ,     2348 ,     10518 ,    11412 ,    1618         ,
27 ,    1405 ,     q ,    0 ,     2416 ,     10599 ,    11841 ,    1674         ,
27 ,    1445 ,     q ,    0 ,     2482 ,     11759 ,    12258 ,    1729         ,
27 ,    1485 ,     q ,    0 ,     2608 ,     11219 ,    12567 ,    2112         ,
27 ,    1525 ,     q ,    0 ,     2608 ,     11251 ,    12930 ,    1831         ,
27 ,    1565 ,     q ,    0 ,     2704 ,     12342 ,    13266 ,    1876         ,
27 ,    1605 ,     q ,    0 ,     2764 ,     13399 ,    13737 ,    1934         ,
27 ,    1645 ,     q ,    0 ,     2838 ,     12552 ,    14241 ,    1994         ,
27 ,    1685 ,     q ,    0 ,     2928 ,     11483 ,    14691 ,    2035         ,
27 ,    1725 ,     q ,    0 ,     2972 ,     12014 ,    15054 ,    2203         ,
27 ,    1765 ,     q ,    0 ,     3032 ,     14904 ,    15102 ,    2187         ,
27 ,    1805 ,     q ,    0 ,     3158 ,     17763 ,    15195 ,    2231         ,
27 ,    1845 ,     q ,    0 ,     3206 ,     13983 ,    16113 ,    2266         ,
27 ,    1885 ,     q ,    0 ,     3240 ,     16602 ,    16245 ,    2343         ,
27 ,    1925 ,     q ,    0 ,     3344 ,     17290 ,    16329 ,    2368         ,
27 ,    1965 ,     q ,    0 ,     3438 ,     15780 ,    17076 ,    2412         ,
27 ,    2005 ,     q ,    0 ,     3474 ,     15899 ,    17613 ,    2459         ,
27 ,    2045 ,     q ,    0 ,     3496 ,     16362 ,    17970 ,    2536         ,
27 ,    2085 ,     q ,    0 ,     3602 ,     16678 ,    18246 ,    4370         ,
27 ,    2125 ,     q ,    0 ,     3686 ,     18572 ,    18540 ,    2651         ,
27 ,    2165 ,     q ,    0 ,     3722 ,     16217 ,    19224 ,    2675         ,
27 ,    2205 ,     q ,    0 ,     3768 ,     20363 ,    19407 ,    2812         ,
27 ,    2245 ,     q ,    0 ,     3910 ,     19383 ,    19773 ,    2840         ,
27 ,    2285 ,     q ,    0 ,     3920 ,     17599 ,    20442 ,    2973         ,
27 ,    2325 ,     q ,    0 ,     4022 ,     18770 ,    20814 ,    2958         ,
27 ,    2365 ,     q ,    0 ,     4086 ,     20753 ,    20760 ,    3000         ,
27 ,    2405 ,     q ,    0 ,     4158 ,     19520 ,    21603 ,    3163         ,
27 ,    2445 ,     q ,    0 ,     4192 ,     20606 ,    22188 ,    3140         ,
27 ,    2485 ,     q ,    0 ,     4258 ,     20142 ,    22356 ,    4837         ,
27 ,    2525 ,     q ,    0 ,     4352 ,     20724 ,    22587 ,    3158         ,
27 ,    2565 ,     q ,    0 ,     4436 ,     19955 ,    23286 ,    3378         ,
27 ,    2605 ,     q ,    0 ,     4456 ,     22908 ,    23055 ,    3287         ,
27 ,    2645 ,     q ,    0 ,     4578 ,     26743 ,    23331 ,    3486         ,
27 ,    2685 ,     q ,    0 ,     4644 ,     21484 ,    24519 ,    3423         ,
27 ,    2725 ,     q ,    0 ,     4746 ,     23670 ,    24759 ,    3510         ,
27 ,    2765 ,     q ,    0 ,     4810 ,     26153 ,    24783 ,    3679         ,
27 ,    2805 ,     q ,    0 ,     4814 ,     22811 ,    25710 ,    6678         ,
27 ,    2845 ,     q ,    0 ,     4890 ,     24638 ,    25875 ,    3774         ,
27 ,    2885 ,     q ,    0 ,     4998 ,     23454 ,    26541 ,    3686         ,
27 ,    2925 ,     q ,    0 ,     5048 ,     23391 ,    26907 ,    3763         ,
27 ,    2965 ,     q ,    0 ,     5068 ,     25305 ,    27108 ,    3779         ,
27 ,    3005 ,     q ,    0 ,     5174 ,     25321 ,    27735 ,    3849         ,
27 ,    3045 ,     q ,    0 ,     5222 ,     22441 ,    28455 ,    3868         ,
27 ,    3085 ,     q ,    0 ,     5296 ,     26368 ,    28416 ,    4128         ,
27 ,    3125 ,     q ,    0 ,     5438 ,     24686 ,    29088 ,    4035         ,
27 ,    3165 ,     q ,    0 ,     5488 ,     28290 ,    29382 ,    5844         ,
27 ,    3205 ,     q ,    0 ,     5518 ,     25856 ,    29709 ,    4132         ,
27 ,    3245 ,     q ,    0 ,     5564 ,     28715 ,    30249 ,    4402         ,
27 ,    3285 ,     q ,    0 ,     5652 ,     28681 ,    30408 ,    4326         ,
27 ,    3325 ,     q ,    0 ,     5770 ,     31344 ,    30750 ,    4475         ,
27 ,    3365 ,     q ,    0 ,     5792 ,     30554 ,    30957 ,    4536         ,
27 ,    3405 ,     q ,    0 ,     5852 ,     30276 ,    31527 ,    5974         ,
27 ,    3445 ,     q ,    0 ,     5960 ,     28767 ,    32313 ,    4601         ,
27 ,    3485 ,     q ,    0 ,     5992 ,     29715 ,    32511 ,    4573         ,
27 ,    3525 ,     q ,    0 ,     6084 ,     31950 ,    32598 ,    4602         ,
27 ,    3565 ,     q ,    0 ,     6148 ,     33426 ,    33054 ,    4764         ,
27 ,    3605 ,     q ,    0 ,     6228 ,     32047 ,    33708 ,    4722         ,
27 ,    3645 ,     q ,    0 ,     6200 ,     33232 ,    33915 ,    4950         ,
27 ,    3685 ,     q ,    0 ,     6346 ,     28447 ,    34920 ,    4843         ,
27 ,    3725 ,     q ,    0 ,     6392 ,     33099 ,    34362 ,    4804         ,
27 ,    3765 ,     q ,    0 ,     6438 ,     32306 ,    35214 ,    5032         ,
27 ,    3805 ,     q ,    0 ,     6570 ,     34212 ,    35550 ,    4995         ,
27 ,    3845 ,     q ,    0 ,     6632 ,     35020 ,    36201 ,    5081         ,
27 ,    3885 ,     q ,    0 ,     6652 ,     34300 ,    36693 ,    5275         ,
27 ,    3925 ,     q ,    0 ,     6740 ,     32895 ,    37119 ,    5169         ,
27 ,    3965 ,     q ,    0 ,     6848 ,     40798 ,    36906 ,    5701         ,
27 ,    4005 ,     q ,    0 ,     6854 ,     35938 ,    37890 ,    5480         ,
27 ,    4045 ,     q ,    0 ,     6928 ,     35749 ,    38229 ,    5309         ,
27 ,    4085 ,     q ,    0 ,     7060 ,     34200 ,    38847 ,    5549         ,
27 ,    4125 ,     q ,    0 ,     7068 ,     38352 ,    38865 ,    7160         ,
27 ,    4165 ,     q ,    0 ,     7170 ,     35859 ,    39642 ,    5509         ,
27 ,    4205 ,     q ,    0 ,     7270 ,     38969 ,    40086 ,    5673         ,
27 ,    4245 ,     q ,    0 ,     7350 ,     37404 ,    40281 ,    5805         ,
27 ,    4285 ,     q ,    0 ,     7382 ,     38736 ,    40854 ,    5892         ,
27 ,    4325 ,     q ,    0 ,     7472 ,     39923 ,    41091 ,    5860         ,
27 ,    4365 ,     q ,    0 ,     7536 ,     39192 ,    41694 ,    7576         ,
27 ,    4405 ,     q ,    0 ,     7572 ,     46250 ,    41466 ,    6050         ,
27 ,    4445 ,     q ,    0 ,     7632 ,     37509 ,    42729 ,    6056         ,
27 ,    4485 ,     q ,    0 ,     7762 ,     40778 ,    42849 ,    5990         ,
27 ,    4525 ,     q ,    0 ,     7784 ,     43174 ,    43485 ,    6307         ,
27 ,    4565 ,     q ,    0 ,     7910 ,     45344 ,    43128 ,    6297         ,
27 ,    4605 ,     q ,    0 ,     7896 ,     42212 ,    44190 ,    6335         ,
27 ,    4645 ,     q ,    0 ,     7984 ,     41045 ,    44832 ,    6218         ,
27 ,    4685 ,     q ,    0 ,     8042 ,     44840 ,    44760 ,    6259         ,
27 ,    4725 ,     q ,    0 ,     8166 ,     40015 ,    45807 ,    6447         ,
27 ,    4765 ,     q ,    0 ,     8226 ,     42095 ,    45972 ,    6737         ,
27 ,    4805 ,     q ,    0 ,     8260 ,     45936 ,    46029 ,    8399         ,
27 ,    4845 ,     q ,    0 ,     8362 ,     46412 ,    46797 ,    6689         ,
27 ,    4885 ,     q ,    0 ,     8430 ,     45043 ,    46938 ,    6560         ,
27 ,    4925 ,     q ,    0 ,     8512 ,     46866 ,    47478 ,    6749         ,
27 ,    4965 ,     q ,    0 ,     8490 ,     50020 ,    47295 ,    8461         ,
27 ,    5 ,     q ,    1 ,     6 ,     6 ,    9 ,    2         ,
27 ,    45 ,     q ,    1 ,     58 ,     168 ,    87 ,    17         ,
27 ,    85 ,     q ,    1 ,     106 ,     390 ,    159 ,    29         ,
27 ,    125 ,     q ,    1 ,     126 ,     630 ,    189 ,    41         ,
27 ,    165 ,     q ,    1 ,     202 ,     908 ,    303 ,    57         ,
27 ,    205 ,     q ,    1 ,     254 ,     1188 ,    381 ,    72         ,
27 ,    245 ,     q ,    1 ,     254 ,     1468 ,    381 ,    79         ,
27 ,    285 ,     q ,    1 ,     314 ,     1778 ,    471 ,    96         ,
27 ,    325 ,     q ,    1 ,     394 ,     2098 ,    591 ,    114         ,
27 ,    365 ,     q ,    1 ,     474 ,     2418 ,    711 ,    134         ,
27 ,    405 ,     q ,    1 ,     510 ,     2738 ,    765 ,    148         ,
27 ,    445 ,     q ,    1 ,     510 ,     3058 ,    765 ,    159         ,
27 ,    485 ,     q ,    1 ,     510 ,     3378 ,    765 ,    168         ,
27 ,    525 ,     q ,    1 ,     538 ,     3712 ,    807 ,    183         ,
27 ,    565 ,     q ,    1 ,     618 ,     4072 ,    927 ,    201         ,
27 ,    605 ,     q ,    1 ,     698 ,     4432 ,    1047 ,    220         ,
27 ,    645 ,     q ,    1 ,     778 ,     4792 ,    1167 ,    242         ,
27 ,    685 ,     q ,    1 ,     858 ,     5152 ,    1287 ,    264         ,
27 ,    725 ,     q ,    1 ,     938 ,     5512 ,    1407 ,    285         ,
27 ,    765 ,     q ,    1 ,     1018 ,     5872 ,    1527 ,    301         ,
27 ,    805 ,     q ,    1 ,     1022 ,     6232 ,    1533 ,    318         ,
27 ,    845 ,     q ,    1 ,     1022 ,     6592 ,    1533 ,    329         ,
27 ,    885 ,     q ,    1 ,     1022 ,     6952 ,    1533 ,    338         ,
27 ,    925 ,     q ,    1 ,     1022 ,     7312 ,    1533 ,    347         ,
27 ,    965 ,     q ,    1 ,     1022 ,     7672 ,    1533 ,    356         ,
27 ,    1005 ,     q ,    1 ,     1022 ,     8032 ,    1533 ,    369         ,
27 ,    1045 ,     q ,    1 ,     1066 ,     8414 ,    1599 ,    389         ,
27 ,    1085 ,     q ,    1 ,     1146 ,     8814 ,    1719 ,    407         ,
27 ,    1125 ,     q ,    1 ,     1226 ,     9214 ,    1839 ,    428         ,
27 ,    1165 ,     q ,    1 ,     1306 ,     9614 ,    1959 ,    448         ,
27 ,    1205 ,     q ,    1 ,     1386 ,     10014 ,    2079 ,    469         ,
27 ,    1245 ,     q ,    1 ,     1466 ,     10414 ,    2199 ,    497         ,
27 ,    1285 ,     q ,    1 ,     1546 ,     10814 ,    2319 ,    513         ,
27 ,    1325 ,     q ,    1 ,     1626 ,     11214 ,    2439 ,    536         ,
27 ,    1365 ,     q ,    1 ,     1706 ,     11614 ,    2559 ,    558         ,
27 ,    1405 ,     q ,    1 ,     1786 ,     12014 ,    2679 ,    576         ,
27 ,    1445 ,     q ,    1 ,     1866 ,     12414 ,    2799 ,    604         ,
27 ,    1485 ,     q ,    1 ,     1946 ,     12814 ,    2919 ,    620         ,
27 ,    1525 ,     q ,    1 ,     2026 ,     13214 ,    3039 ,    640         ,
27 ,    1565 ,     q ,    1 ,     2046 ,     13614 ,    3069 ,    661         ,
27 ,    1605 ,     q ,    1 ,     2046 ,     14014 ,    3069 ,    678         ,
27 ,    1645 ,     q ,    1 ,     2046 ,     14414 ,    3069 ,    684         ,
27 ,    1685 ,     q ,    1 ,     2046 ,     14814 ,    3069 ,    698         ,
27 ,    1725 ,     q ,    1 ,     2046 ,     15214 ,    3069 ,    708         ,
27 ,    1765 ,     q ,    1 ,     2046 ,     15614 ,    3069 ,    719         ,
27 ,    1805 ,     q ,    1 ,     2046 ,     16014 ,    3069 ,    731         ,
27 ,    1845 ,     q ,    1 ,     2046 ,     16414 ,    3069 ,    745         ,
27 ,    1885 ,     q ,    1 ,     2046 ,     16814 ,    3069 ,    869         ,
27 ,    1925 ,     q ,    1 ,     2046 ,     17214 ,    3069 ,    763         ,
27 ,    1965 ,     q ,    1 ,     2046 ,     17614 ,    3069 ,    783         ,
27 ,    2005 ,     q ,    1 ,     2046 ,     18014 ,    3069 ,    796         ,
27 ,    2045 ,     q ,    1 ,     2046 ,     18414 ,    3069 ,    804         ,
27 ,    2085 ,     q ,    1 ,     2122 ,     18852 ,    3183 ,    832         ,
27 ,    2125 ,     q ,    1 ,     2202 ,     19292 ,    3303 ,    858         ,
27 ,    2165 ,     q ,    1 ,     2282 ,     19732 ,    3423 ,    943         ,
27 ,    2205 ,     q ,    1 ,     2362 ,     20172 ,    3543 ,    894         ,
27 ,    2245 ,     q ,    1 ,     2442 ,     20612 ,    3663 ,    914         ,
27 ,    2285 ,     q ,    1 ,     2522 ,     21052 ,    3783 ,    932         ,
27 ,    2325 ,     q ,    1 ,     2602 ,     21492 ,    3903 ,    957         ,
27 ,    2365 ,     q ,    1 ,     2682 ,     21932 ,    4023 ,    1099         ,
27 ,    2405 ,     q ,    1 ,     2762 ,     22372 ,    4143 ,    1002         ,
27 ,    2445 ,     q ,    1 ,     2842 ,     22812 ,    4263 ,    1025         ,
27 ,    2485 ,     q ,    1 ,     2922 ,     23252 ,    4383 ,    1058         ,
27 ,    2525 ,     q ,    1 ,     3002 ,     23692 ,    4503 ,    1082         ,
27 ,    2565 ,     q ,    1 ,     3082 ,     24132 ,    4623 ,    1093         ,
27 ,    2605 ,     q ,    1 ,     3162 ,     24572 ,    4743 ,    1121         ,
27 ,    2645 ,     q ,    1 ,     3242 ,     25012 ,    4863 ,    1144         ,
27 ,    2685 ,     q ,    1 ,     3322 ,     25452 ,    4983 ,    1156         ,
27 ,    2725 ,     q ,    1 ,     3402 ,     25892 ,    5103 ,    1186         ,
27 ,    2765 ,     q ,    1 ,     3482 ,     26332 ,    5223 ,    1209         ,
27 ,    2805 ,     q ,    1 ,     3562 ,     26772 ,    5343 ,    1222         ,
27 ,    2845 ,     q ,    1 ,     3642 ,     27212 ,    5463 ,    1257         ,
27 ,    2885 ,     q ,    1 ,     3722 ,     27652 ,    5583 ,    1287         ,
27 ,    2925 ,     q ,    1 ,     3802 ,     28092 ,    5703 ,    1417         ,
27 ,    2965 ,     q ,    1 ,     3882 ,     28532 ,    5823 ,    1323         ,
27 ,    3005 ,     q ,    1 ,     3962 ,     28972 ,    5943 ,    1344         ,
27 ,    3045 ,     q ,    1 ,     4042 ,     29412 ,    6063 ,    1367         ,
27 ,    3085 ,     q ,    1 ,     4094 ,     29852 ,    6141 ,    1390         ,
27 ,    3125 ,     q ,    1 ,     4094 ,     30292 ,    6141 ,    1715         ,
27 ,    3165 ,     q ,    1 ,     4094 ,     30732 ,    6141 ,    1433         ,
27 ,    3205 ,     q ,    1 ,     4094 ,     31172 ,    6141 ,    1442         ,
27 ,    3245 ,     q ,    1 ,     4094 ,     31612 ,    6141 ,    1453         ,
27 ,    3285 ,     q ,    1 ,     4094 ,     32052 ,    6141 ,    3115         ,
27 ,    3325 ,     q ,    1 ,     4094 ,     32492 ,    6141 ,    1461         ,
27 ,    3365 ,     q ,    1 ,     4094 ,     32932 ,    6141 ,    1485         ,
27 ,    3405 ,     q ,    1 ,     4094 ,     33372 ,    6141 ,    1502         ,
27 ,    3445 ,     q ,    1 ,     4094 ,     33812 ,    6141 ,    1513         ,
27 ,    3485 ,     q ,    1 ,     4094 ,     34252 ,    6141 ,    1528         ,
27 ,    3525 ,     q ,    1 ,     4094 ,     34692 ,    6141 ,    1540         ,
27 ,    3565 ,     q ,    1 ,     4094 ,     35132 ,    6141 ,    1545         ,
27 ,    3605 ,     q ,    1 ,     4094 ,     35572 ,    6141 ,    1671         ,
27 ,    3645 ,     q ,    1 ,     4094 ,     36012 ,    6141 ,    1584         ,
27 ,    3685 ,     q ,    1 ,     4094 ,     36452 ,    6141 ,    1587         ,
27 ,    3725 ,     q ,    1 ,     4094 ,     36892 ,    6141 ,    1609         ,
27 ,    3765 ,     q ,    1 ,     4094 ,     37332 ,    6141 ,    1731         ,
27 ,    3805 ,     q ,    1 ,     4094 ,     37772 ,    6141 ,    1626         ,
27 ,    3845 ,     q ,    1 ,     4094 ,     38212 ,    6141 ,    1629         ,
27 ,    3885 ,     q ,    1 ,     4094 ,     38652 ,    6141 ,    1660         ,
27 ,    3925 ,     q ,    1 ,     4094 ,     39092 ,    6141 ,    3434         ,
27 ,    3965 ,     q ,    1 ,     4094 ,     39532 ,    6141 ,    1685         ,
27 ,    4005 ,     q ,    1 ,     4094 ,     39972 ,    6141 ,    1705         ,
27 ,    4045 ,     q ,    1 ,     4094 ,     40412 ,    6141 ,    1829         ,
27 ,    4085 ,     q ,    1 ,     4094 ,     40852 ,    6141 ,    1722         ,
27 ,    4125 ,     q ,    1 ,     4154 ,     41322 ,    6231 ,    1753         ,
27 ,    4165 ,     q ,    1 ,     4234 ,     41802 ,    6351 ,    1786         ,
27 ,    4205 ,     q ,    1 ,     4314 ,     42282 ,    6471 ,    1805         ,
27 ,    4245 ,     q ,    1 ,     4394 ,     42762 ,    6591 ,    1835         ,
27 ,    4285 ,     q ,    1 ,     4474 ,     43242 ,    6711 ,    1844         ,
27 ,    4325 ,     q ,    1 ,     4554 ,     43722 ,    6831 ,    1974         ,
27 ,    4365 ,     q ,    1 ,     4634 ,     44202 ,    6951 ,    1879         ,
27 ,    4405 ,     q ,    1 ,     4714 ,     44682 ,    7071 ,    1910         ,
27 ,    4445 ,     q ,    1 ,     4794 ,     45162 ,    7191 ,    1930         ,
27 ,    4485 ,     q ,    1 ,     4874 ,     45642 ,    7311 ,    3719         ,
27 ,    4525 ,     q ,    1 ,     4954 ,     46122 ,    7431 ,    1980         ,
27 ,    4565 ,     q ,    1 ,     5034 ,     46602 ,    7551 ,    1998         ,
27 ,    4605 ,     q ,    1 ,     5114 ,     47082 ,    7671 ,    2015         ,
27 ,    4645 ,     q ,    1 ,     5194 ,     47562 ,    7791 ,    2045         ,
27 ,    4685 ,     q ,    1 ,     5274 ,     48042 ,    7911 ,    2079         ,
27 ,    4725 ,     q ,    1 ,     5354 ,     48522 ,    8031 ,    2219         ,
27 ,    4765 ,     q ,    1 ,     5434 ,     49002 ,    8151 ,    2130         ,
27 ,    4805 ,     q ,    1 ,     5514 ,     49482 ,    8271 ,    2144         ,
27 ,    4845 ,     q ,    1 ,     5594 ,     49962 ,    8391 ,    2268         ,
27 ,    4885 ,     q ,    1 ,     5674 ,     50442 ,    8511 ,    2182         ,
27 ,    4925 ,     q ,    1 ,     5754 ,     50922 ,    8631 ,    2225         ,
27 ,    4965 ,     q ,    1 ,     5834 ,     51402 ,    8751 ,    2233         ,
27 ,    5 ,     q ,    2 ,     6 ,     2 ,    15 ,    3         ,
27 ,    45 ,     q ,    2 ,     58 ,     124 ,    153 ,    17         ,
27 ,    85 ,     q ,    2 ,     106 ,     306 ,    285 ,    30         ,
27 ,    125 ,     q ,    2 ,     126 ,     506 ,    375 ,    41         ,
27 ,    165 ,     q ,    2 ,     202 ,     744 ,    549 ,    57         ,
27 ,    205 ,     q ,    2 ,     254 ,     984 ,    687 ,    76         ,
27 ,    245 ,     q ,    2 ,     254 ,     1224 ,    747 ,    83         ,
27 ,    285 ,     q ,    2 ,     314 ,     1494 ,    897 ,    100         ,
27 ,    325 ,     q ,    2 ,     394 ,     1774 ,    1077 ,    122         ,
27 ,    365 ,     q ,    2 ,     474 ,     2054 ,    1257 ,    142         ,
27 ,    405 ,     q ,    2 ,     510 ,     2334 ,    1371 ,    156         ,
27 ,    445 ,     q ,    2 ,     510 ,     2614 ,    1431 ,    167         ,
27 ,    485 ,     q ,    2 ,     510 ,     2894 ,    1491 ,    178         ,
27 ,    525 ,     q ,    2 ,     538 ,     3188 ,    1593 ,    191         ,
27 ,    565 ,     q ,    2 ,     618 ,     3508 ,    1773 ,    210         ,
27 ,    605 ,     q ,    2 ,     698 ,     3828 ,    1953 ,    230         ,
27 ,    645 ,     q ,    2 ,     778 ,     4148 ,    2133 ,    253         ,
27 ,    685 ,     q ,    2 ,     858 ,     4468 ,    2313 ,    275         ,
27 ,    725 ,     q ,    2 ,     938 ,     4788 ,    2493 ,    300         ,
27 ,    765 ,     q ,    2 ,     1018 ,     5108 ,    2673 ,    317         ,
27 ,    805 ,     q ,    2 ,     1022 ,     5428 ,    2739 ,    335         ,
27 ,    845 ,     q ,    2 ,     1022 ,     5748 ,    2799 ,    341         ,
27 ,    885 ,     q ,    2 ,     1022 ,     6068 ,    2859 ,    351         ,
27 ,    925 ,     q ,    2 ,     1022 ,     6388 ,    2919 ,    365         ,
27 ,    965 ,     q ,    2 ,     1022 ,     6708 ,    2979 ,    375         ,
27 ,    1005 ,     q ,    2 ,     1022 ,     7028 ,    3039 ,    390         ,
27 ,    1045 ,     q ,    2 ,     1066 ,     7370 ,    3165 ,    409         ,
27 ,    1085 ,     q ,    2 ,     1146 ,     7730 ,    3345 ,    424         ,
27 ,    1125 ,     q ,    2 ,     1226 ,     8090 ,    3525 ,    449         ,
27 ,    1165 ,     q ,    2 ,     1306 ,     8450 ,    3705 ,    470         ,
27 ,    1205 ,     q ,    2 ,     1386 ,     8810 ,    3885 ,    490         ,
27 ,    1245 ,     q ,    2 ,     1466 ,     9170 ,    4065 ,    522         ,
27 ,    1285 ,     q ,    2 ,     1546 ,     9530 ,    4245 ,    539         ,
27 ,    1325 ,     q ,    2 ,     1626 ,     9890 ,    4425 ,    675         ,
27 ,    1365 ,     q ,    2 ,     1706 ,     10250 ,    4605 ,    581         ,
27 ,    1405 ,     q ,    2 ,     1786 ,     10610 ,    4785 ,    596         ,
27 ,    1445 ,     q ,    2 ,     1866 ,     10970 ,    4965 ,    630         ,
27 ,    1485 ,     q ,    2 ,     1946 ,     11330 ,    5145 ,    646         ,
27 ,    1525 ,     q ,    2 ,     2026 ,     11690 ,    5325 ,    674         ,
27 ,    1565 ,     q ,    2 ,     2046 ,     12050 ,    5415 ,    689         ,
27 ,    1605 ,     q ,    2 ,     2046 ,     12410 ,    5475 ,    706         ,
27 ,    1645 ,     q ,    2 ,     2046 ,     12770 ,    5535 ,    714         ,
27 ,    1685 ,     q ,    2 ,     2046 ,     13130 ,    5595 ,    726         ,
27 ,    1725 ,     q ,    2 ,     2046 ,     13490 ,    5655 ,    739         ,
27 ,    1765 ,     q ,    2 ,     2046 ,     13850 ,    5715 ,    754         ,
27 ,    1805 ,     q ,    2 ,     2046 ,     14210 ,    5775 ,    762         ,
27 ,    1845 ,     q ,    2 ,     2046 ,     14570 ,    5835 ,    777         ,
27 ,    1885 ,     q ,    2 ,     2046 ,     14930 ,    5895 ,    904         ,
27 ,    1925 ,     q ,    2 ,     2046 ,     15290 ,    5955 ,    798         ,
27 ,    1965 ,     q ,    2 ,     2046 ,     15650 ,    6015 ,    819         ,
27 ,    2005 ,     q ,    2 ,     2046 ,     16010 ,    6075 ,    833         ,
27 ,    2045 ,     q ,    2 ,     2046 ,     16370 ,    6135 ,    841         ,
27 ,    2085 ,     q ,    2 ,     2122 ,     16768 ,    6309 ,    873         ,
27 ,    2125 ,     q ,    2 ,     2202 ,     17168 ,    6489 ,    2272         ,
27 ,    2165 ,     q ,    2 ,     2282 ,     17568 ,    6669 ,    909         ,
27 ,    2205 ,     q ,    2 ,     2362 ,     17968 ,    6849 ,    936         ,
27 ,    2245 ,     q ,    2 ,     2442 ,     18368 ,    7029 ,    951         ,
27 ,    2285 ,     q ,    2 ,     2522 ,     18768 ,    7209 ,    975         ,
27 ,    2325 ,     q ,    2 ,     2602 ,     19168 ,    7389 ,    3073         ,
27 ,    2365 ,     q ,    2 ,     2682 ,     19568 ,    7569 ,    1026         ,
27 ,    2405 ,     q ,    2 ,     2762 ,     19968 ,    7749 ,    1049         ,
27 ,    2445 ,     q ,    2 ,     2842 ,     20368 ,    7929 ,    1068         ,
27 ,    2485 ,     q ,    2 ,     2922 ,     20768 ,    8109 ,    1091         ,
27 ,    2525 ,     q ,    2 ,     3002 ,     21168 ,    8289 ,    1116         ,
27 ,    2565 ,     q ,    2 ,     3082 ,     21568 ,    8469 ,    1140         ,
27 ,    2605 ,     q ,    2 ,     3162 ,     21968 ,    8649 ,    1169         ,
27 ,    2645 ,     q ,    2 ,     3242 ,     22368 ,    8829 ,    1198         ,
27 ,    2685 ,     q ,    2 ,     3322 ,     22768 ,    9009 ,    1322         ,
27 ,    2725 ,     q ,    2 ,     3402 ,     23168 ,    9189 ,    1236         ,
27 ,    2765 ,     q ,    2 ,     3482 ,     23568 ,    9369 ,    1260         ,
27 ,    2805 ,     q ,    2 ,     3562 ,     23968 ,    9549 ,    1279         ,
27 ,    2845 ,     q ,    2 ,     3642 ,     24368 ,    9729 ,    1309         ,
27 ,    2885 ,     q ,    2 ,     3722 ,     24768 ,    9909 ,    1452         ,
27 ,    2925 ,     q ,    2 ,     3802 ,     25168 ,    10089 ,    1362         ,
27 ,    2965 ,     q ,    2 ,     3882 ,     25568 ,    10269 ,    1374         ,
27 ,    3005 ,     q ,    2 ,     3962 ,     25968 ,    10449 ,    1398         ,
27 ,    3045 ,     q ,    2 ,     4042 ,     26368 ,    10629 ,    1423         ,
27 ,    3085 ,     q ,    2 ,     4094 ,     26768 ,    10767 ,    1444         ,
27 ,    3125 ,     q ,    2 ,     4094 ,     27168 ,    10827 ,    1464         ,
27 ,    3165 ,     q ,    2 ,     4094 ,     27568 ,    10887 ,    1487         ,
27 ,    3205 ,     q ,    2 ,     4094 ,     27968 ,    10947 ,    1612         ,
27 ,    3245 ,     q ,    2 ,     4094 ,     28368 ,    11007 ,    1510         ,
27 ,    3285 ,     q ,    2 ,     4094 ,     28768 ,    11067 ,    1521         ,
27 ,    3325 ,     q ,    2 ,     4094 ,     29168 ,    11127 ,    1526         ,
27 ,    3365 ,     q ,    2 ,     4094 ,     29568 ,    11187 ,    1658         ,
27 ,    3405 ,     q ,    2 ,     4094 ,     29968 ,    11247 ,    1568         ,
27 ,    3445 ,     q ,    2 ,     4094 ,     30368 ,    11307 ,    1578         ,
27 ,    3485 ,     q ,    2 ,     4094 ,     30768 ,    11367 ,    1584         ,
27 ,    3525 ,     q ,    2 ,     4094 ,     31168 ,    11427 ,    1718         ,
27 ,    3565 ,     q ,    2 ,     4094 ,     31568 ,    11487 ,    1612         ,
27 ,    3605 ,     q ,    2 ,     4094 ,     31968 ,    11547 ,    1625         ,
27 ,    3645 ,     q ,    2 ,     4094 ,     32368 ,    11607 ,    1647         ,
27 ,    3685 ,     q ,    2 ,     4094 ,     32768 ,    11667 ,    3344         ,
27 ,    3725 ,     q ,    2 ,     4094 ,     33168 ,    11727 ,    1678         ,
27 ,    3765 ,     q ,    2 ,     4094 ,     33568 ,    11787 ,    1685         ,
27 ,    3805 ,     q ,    2 ,     4094 ,     33968 ,    11847 ,    1804         ,
27 ,    3845 ,     q ,    2 ,     4094 ,     34368 ,    11907 ,    1707         ,
27 ,    3885 ,     q ,    2 ,     4094 ,     34768 ,    11967 ,    1728         ,
27 ,    3925 ,     q ,    2 ,     4094 ,     35168 ,    12027 ,    1748         ,
27 ,    3965 ,     q ,    2 ,     4094 ,     35568 ,    12087 ,    2065         ,
27 ,    4005 ,     q ,    2 ,     4094 ,     35968 ,    12147 ,    1780         ,
27 ,    4045 ,     q ,    2 ,     4094 ,     36368 ,    12207 ,    1791         ,
27 ,    4085 ,     q ,    2 ,     4094 ,     36768 ,    12267 ,    1801         ,
27 ,    4125 ,     q ,    2 ,     4154 ,     37198 ,    12417 ,    1831         ,
27 ,    4165 ,     q ,    2 ,     4234 ,     37638 ,    12597 ,    1864         ,
27 ,    4205 ,     q ,    2 ,     4314 ,     38078 ,    12777 ,    1876         ,
27 ,    4245 ,     q ,    2 ,     4394 ,     38518 ,    12957 ,    4866         ,
27 ,    4285 ,     q ,    2 ,     4474 ,     38958 ,    13137 ,    1926         ,
27 ,    4325 ,     q ,    2 ,     4554 ,     39398 ,    13317 ,    1940         ,
27 ,    4365 ,     q ,    2 ,     4634 ,     39838 ,    13497 ,    1963         ,
27 ,    4405 ,     q ,    2 ,     4714 ,     40278 ,    13677 ,    1987         ,
27 ,    4445 ,     q ,    2 ,     4794 ,     40718 ,    13857 ,    2004         ,
27 ,    4485 ,     q ,    2 ,     4874 ,     41158 ,    14037 ,    2147         ,
27 ,    4525 ,     q ,    2 ,     4954 ,     41598 ,    14217 ,    2059         ,
27 ,    4565 ,     q ,    2 ,     5034 ,     42038 ,    14397 ,    2083         ,
27 ,    4605 ,     q ,    2 ,     5114 ,     42478 ,    14577 ,    2212         ,
27 ,    4645 ,     q ,    2 ,     5194 ,     42918 ,    14757 ,    2127         ,
27 ,    4685 ,     q ,    2 ,     5274 ,     43358 ,    14937 ,    2157         ,
27 ,    4725 ,     q ,    2 ,     5354 ,     43798 ,    15117 ,    2338         ,
27 ,    4765 ,     q ,    2 ,     5434 ,     44238 ,    15297 ,    2215         ,
27 ,    4805 ,     q ,    2 ,     5514 ,     44678 ,    15477 ,    2234         ,
27 ,    4845 ,     q ,    2 ,     5594 ,     45118 ,    15657 ,    2363         ,
27 ,    4885 ,     q ,    2 ,     5674 ,     45558 ,    15837 ,    2275         ,
27 ,    4925 ,     q ,    2 ,     5754 ,     45998 ,    16017 ,    2312         ,
27 ,    4965 ,     q ,    2 ,     5834 ,     46438 ,    16197 ,    3993         ,
27 ,    5 ,     q ,    3 ,     6 ,     5 ,    12 ,    5         ,
27 ,    45 ,     q ,    3 ,     68 ,     26 ,    315 ,    28         ,
27 ,    85 ,     q ,    3 ,     106 ,     60 ,    678 ,    49         ,
27 ,    125 ,     q ,    3 ,     184 ,     74 ,    1164 ,    73         ,
27 ,    165 ,     q ,    3 ,     226 ,     111 ,    1524 ,    91         ,
27 ,    205 ,     q ,    3 ,     298 ,     150 ,    2022 ,    117         ,
27 ,    245 ,     q ,    3 ,     334 ,     298 ,    2454 ,    141         ,
27 ,    285 ,     q ,    3 ,     420 ,     193 ,    3030 ,    173         ,
27 ,    325 ,     q ,    3 ,     442 ,     221 ,    3510 ,    190         ,
27 ,    365 ,     q ,    3 ,     480 ,     262 ,    4044 ,    218         ,
27 ,    405 ,     q ,    3 ,     592 ,     387 ,    4686 ,    246         ,
27 ,    445 ,     q ,    3 ,     610 ,     320 ,    5067 ,    271         ,
27 ,    485 ,     q ,    3 ,     836 ,     430 ,    5808 ,    309         ,
27 ,    525 ,     q ,    3 ,     908 ,     658 ,    6357 ,    340         ,
27 ,    565 ,     q ,    3 ,     812 ,     446 ,    6897 ,    360         ,
27 ,    605 ,     q ,    3 ,     850 ,     419 ,    7437 ,    379         ,
27 ,    645 ,     q ,    3 ,     954 ,     487 ,    8004 ,    408         ,
27 ,    685 ,     q ,    3 ,     910 ,     586 ,    8442 ,    420         ,
27 ,    725 ,     q ,    3 ,     934 ,     631 ,    8955 ,    454         ,
27 ,    765 ,     q ,    3 ,     928 ,     530 ,    9534 ,    561         ,
27 ,    805 ,     q ,    3 ,     1220 ,     552 ,    10356 ,    525         ,
27 ,    845 ,     q ,    3 ,     1220 ,     550 ,    10938 ,    541         ,
27 ,    885 ,     q ,    3 ,     1188 ,     757 ,    11523 ,    572         ,
27 ,    925 ,     q ,    3 ,     1630 ,     763 ,    12393 ,    633         ,
27 ,    965 ,     q ,    3 ,     1194 ,     945 ,    12558 ,    604         ,
27 ,    1005 ,     q ,    3 ,     1802 ,     856 ,    13767 ,    687         ,
27 ,    1045 ,     q ,    3 ,     1616 ,     711 ,    14127 ,    703         ,
27 ,    1085 ,     q ,    3 ,     1808 ,     841 ,    14760 ,    725         ,
27 ,    1125 ,     q ,    3 ,     1712 ,     730 ,    15306 ,    748         ,
27 ,    1165 ,     q ,    3 ,     1616 ,     931 ,    15963 ,    779         ,
27 ,    1205 ,     q ,    3 ,     1856 ,     1132 ,    16410 ,    796         ,
27 ,    1245 ,     q ,    3 ,     1810 ,     949 ,    17256 ,    844         ,
27 ,    1285 ,     q ,    3 ,     1858 ,     940 ,    17856 ,    867         ,
27 ,    1325 ,     q ,    3 ,     1850 ,     1043 ,    18228 ,    888         ,
27 ,    1365 ,     q ,    3 ,     1832 ,     932 ,    19212 ,    917         ,
27 ,    1405 ,     q ,    3 ,     1834 ,     924 ,    19683 ,    1028         ,
27 ,    1445 ,     q ,    3 ,     1860 ,     1713 ,    20034 ,    963         ,
27 ,    1485 ,     q ,    3 ,     1864 ,     1010 ,    20826 ,    988         ,
27 ,    1525 ,     q ,    3 ,     1860 ,     1462 ,    21267 ,    1103         ,
27 ,    1565 ,     q ,    3 ,     1872 ,     1149 ,    21975 ,    1039         ,
27 ,    1605 ,     q ,    3 ,     2370 ,     2008 ,    23259 ,    1116         ,
27 ,    1645 ,     q ,    3 ,     2380 ,     1104 ,    23706 ,    1121         ,
27 ,    1685 ,     q ,    3 ,     2454 ,     1196 ,    24297 ,    1171         ,
27 ,    1725 ,     q ,    3 ,     2384 ,     1322 ,    24846 ,    1168         ,
27 ,    1765 ,     q ,    3 ,     2406 ,     1212 ,    25566 ,    1207         ,
27 ,    1805 ,     q ,    3 ,     2492 ,     1299 ,    26121 ,    1259         ,
27 ,    1845 ,     q ,    3 ,     2960 ,     1527 ,    27336 ,    1318         ,
27 ,    1885 ,     q ,    3 ,     3216 ,     1363 ,    27960 ,    1359         ,
27 ,    1925 ,     q ,    3 ,     3186 ,     1319 ,    28644 ,    1382         ,
27 ,    1965 ,     q ,    3 ,     2634 ,     1669 ,    28821 ,    1344         ,
27 ,    2005 ,     q ,    3 ,     3240 ,     1426 ,    30051 ,    1541         ,
27 ,    2045 ,     q ,    3 ,     3238 ,     1476 ,    30330 ,    1451         ,
27 ,    2085 ,     q ,    3 ,     3274 ,     1502 ,    31185 ,    1491         ,
27 ,    2125 ,     q ,    3 ,     3268 ,     1516 ,    31707 ,    1531         ,
27 ,    2165 ,     q ,    3 ,     3162 ,     1525 ,    32241 ,    1518         ,
27 ,    2205 ,     q ,    3 ,     3232 ,     1551 ,    32913 ,    1545         ,
27 ,    2245 ,     q ,    3 ,     3506 ,     1573 ,    33990 ,    1715         ,
27 ,    2285 ,     q ,    3 ,     3254 ,     1566 ,    34248 ,    1608         ,
27 ,    2325 ,     q ,    3 ,     3496 ,     1680 ,    35694 ,    1783         ,
27 ,    2365 ,     q ,    3 ,     3278 ,     1749 ,    36048 ,    1683         ,
27 ,    2405 ,     q ,    3 ,     3624 ,     2002 ,    36648 ,    1728         ,
27 ,    2445 ,     q ,    3 ,     3510 ,     1756 ,    37221 ,    1744         ,
27 ,    2485 ,     q ,    3 ,     3558 ,     2169 ,    38166 ,    1761         ,
27 ,    2525 ,     q ,    3 ,     3630 ,     2172 ,    38826 ,    1793         ,
27 ,    2565 ,     q ,    3 ,     3660 ,     2034 ,    39417 ,    1811         ,
27 ,    2605 ,     q ,    3 ,     3370 ,     1878 ,    39444 ,    1823         ,
27 ,    2645 ,     q ,    3 ,     3410 ,     1818 ,    40011 ,    1866         ,
27 ,    2685 ,     q ,    3 ,     3672 ,     1807 ,    41220 ,    1916         ,
27 ,    2725 ,     q ,    3 ,     3726 ,     2869 ,    41712 ,    1935         ,
27 ,    2765 ,     q ,    3 ,     3704 ,     2223 ,    42633 ,    1943         ,
27 ,    2805 ,     q ,    3 ,     3634 ,     1915 ,    43470 ,    2005         ,
27 ,    2845 ,     q ,    3 ,     3744 ,     2347 ,    43986 ,    2008         ,
27 ,    2885 ,     q ,    3 ,     3694 ,     2048 ,    44754 ,    2058         ,
27 ,    2925 ,     q ,    3 ,     3666 ,     2459 ,    44841 ,    2046         ,
27 ,    2965 ,     q ,    3 ,     3794 ,     2041 ,    46206 ,    2122         ,
27 ,    3005 ,     q ,    3 ,     3670 ,     2039 ,    46698 ,    2135         ,
27 ,    3045 ,     q ,    3 ,     4752 ,     2052 ,    48477 ,    2236         ,
27 ,    3085 ,     q ,    3 ,     3730 ,     2853 ,    48003 ,    2144         ,
27 ,    3125 ,     q ,    3 ,     4686 ,     2399 ,    49923 ,    2311         ,
27 ,    3165 ,     q ,    3 ,     4858 ,     2226 ,    50313 ,    2340         ,
27 ,    3205 ,     q ,    3 ,     4824 ,     2174 ,    51279 ,    2376         ,
27 ,    3245 ,     q ,    3 ,     4722 ,     2826 ,    51876 ,    2392         ,
27 ,    3285 ,     q ,    3 ,     4752 ,     2939 ,    52515 ,    2404         ,
27 ,    3325 ,     q ,    3 ,     4884 ,     2308 ,    53112 ,    2476         ,
27 ,    3365 ,     q ,    3 ,     4708 ,     2436 ,    53829 ,    2474         ,
27 ,    3405 ,     q ,    3 ,     4772 ,     2900 ,    54129 ,    2585         ,
27 ,    3445 ,     q ,    3 ,     4758 ,     2307 ,    55188 ,    2527         ,
27 ,    3485 ,     q ,    3 ,     4886 ,     2563 ,    55167 ,    2540         ,
27 ,    3525 ,     q ,    3 ,     4922 ,     2569 ,    56076 ,    2575         ,
27 ,    3565 ,     q ,    3 ,     5966 ,     2409 ,    58143 ,    2804         ,
27 ,    3605 ,     q ,    3 ,     5962 ,     2607 ,    58797 ,    2753         ,
27 ,    3645 ,     q ,    3 ,     5968 ,     2719 ,    59337 ,    2755         ,
27 ,    3685 ,     q ,    3 ,     6386 ,     2443 ,    60414 ,    2911         ,
27 ,    3725 ,     q ,    3 ,     5828 ,     2635 ,    60495 ,    2803         ,
27 ,    3765 ,     q ,    3 ,     4774 ,     3233 ,    60393 ,    2811         ,
27 ,    3805 ,     q ,    3 ,     5926 ,     2994 ,    61857 ,    2855         ,
27 ,    3845 ,     q ,    3 ,     6518 ,     2599 ,    63270 ,    2936         ,
27 ,    3885 ,     q ,    3 ,     5818 ,     2734 ,    63480 ,    2990         ,
27 ,    3925 ,     q ,    3 ,     5922 ,     3073 ,    64095 ,    2931         ,
27 ,    3965 ,     q ,    3 ,     6474 ,     2680 ,    64971 ,    3001         ,
27 ,    4005 ,     q ,    3 ,     6480 ,     2717 ,    65955 ,    3038         ,
27 ,    4045 ,     q ,    3 ,     7106 ,     3427 ,    67296 ,    3113         ,
27 ,    4085 ,     q ,    3 ,     6808 ,     3616 ,    67782 ,    3111         ,
27 ,    4125 ,     q ,    3 ,     6816 ,     3683 ,    68235 ,    3236         ,
27 ,    4165 ,     q ,    3 ,     7242 ,     3493 ,    69420 ,    3233         ,
27 ,    4205 ,     q ,    3 ,     7248 ,     3517 ,    69774 ,    3219         ,
27 ,    4245 ,     q ,    3 ,     6464 ,     3040 ,    69525 ,    3185         ,
27 ,    4285 ,     q ,    3 ,     6472 ,     2925 ,    70647 ,    3452         ,
27 ,    4325 ,     q ,    3 ,     6094 ,     3124 ,    70536 ,    3246         ,
27 ,    4365 ,     q ,    3 ,     6540 ,     3073 ,    71631 ,    3368         ,
27 ,    4405 ,     q ,    3 ,     6752 ,     3204 ,    73152 ,    3349         ,
27 ,    4445 ,     q ,    3 ,     6494 ,     3071 ,    72987 ,    3335         ,
27 ,    4485 ,     q ,    3 ,     6542 ,     3206 ,    73329 ,    3433         ,
27 ,    4525 ,     q ,    3 ,     6732 ,     3183 ,    74928 ,    3402         ,
27 ,    4565 ,     q ,    3 ,     6986 ,     3385 ,    75750 ,    3582         ,
27 ,    4605 ,     q ,    3 ,     7240 ,     3785 ,    77466 ,    3526         ,
27 ,    4645 ,     q ,    3 ,     7330 ,     3951 ,    78102 ,    3575         ,
27 ,    4685 ,     q ,    3 ,     6790 ,     3950 ,    78546 ,    3661         ,
27 ,    4725 ,     q ,    3 ,     6734 ,     3336 ,    79425 ,    3585         ,
27 ,    4765 ,     q ,    3 ,     6792 ,     3884 ,    80091 ,    3639         ,
27 ,    4805 ,     q ,    3 ,     7438 ,     4419 ,    80289 ,    5261         ,
27 ,    4845 ,     q ,    3 ,     7248 ,     3333 ,    81339 ,    3971         ,
27 ,    4885 ,     q ,    3 ,     6562 ,     3408 ,    81414 ,    3665         ,
27 ,    4925 ,     q ,    3 ,     6818 ,     3685 ,    82431 ,    3717         ,
27 ,    4965 ,     q ,    3 ,     6800 ,     4106 ,    83472 ,    3856         ,
27 ,    5 ,     q ,    4 ,     6 ,     3 ,    12 ,    4         ,
27 ,    45 ,     q ,    4 ,     58 ,     81 ,    258 ,    28         ,
27 ,    85 ,     q ,    4 ,     136 ,     158 ,    615 ,    60         ,
27 ,    125 ,     q ,    4 ,     200 ,     229 ,    1029 ,    85         ,
27 ,    165 ,     q ,    4 ,     250 ,     231 ,    1434 ,    112         ,
27 ,    205 ,     q ,    4 ,     318 ,     430 ,    1845 ,    140         ,
27 ,    245 ,     q ,    4 ,     382 ,     405 ,    2301 ,    171         ,
27 ,    285 ,     q ,    4 ,     420 ,     562 ,    2733 ,    198         ,
27 ,    325 ,     q ,    4 ,     478 ,     455 ,    3276 ,    222         ,
27 ,    365 ,     q ,    4 ,     540 ,     530 ,    3747 ,    246         ,
27 ,    405 ,     q ,    4 ,     560 ,     677 ,    4224 ,    279         ,
27 ,    445 ,     q ,    4 ,     644 ,     862 ,    4749 ,    311         ,
27 ,    485 ,     q ,    4 ,     684 ,     961 ,    5148 ,    339         ,
27 ,    525 ,     q ,    4 ,     716 ,     870 ,    5721 ,    372         ,
27 ,    565 ,     q ,    4 ,     864 ,     1179 ,    6234 ,    405         ,
27 ,    605 ,     q ,    4 ,     1022 ,     943 ,    6966 ,    440         ,
27 ,    645 ,     q ,    4 ,     948 ,     990 ,    7368 ,    463         ,
27 ,    685 ,     q ,    4 ,     1000 ,     1150 ,    7965 ,    2030         ,
27 ,    725 ,     q ,    4 ,     992 ,     1547 ,    8418 ,    514         ,
27 ,    765 ,     q ,    4 ,     1078 ,     1082 ,    8937 ,    544         ,
27 ,    805 ,     q ,    4 ,     1144 ,     1587 ,    9384 ,    572         ,
27 ,    845 ,     q ,    4 ,     1190 ,     1830 ,    10086 ,    613         ,
27 ,    885 ,     q ,    4 ,     1306 ,     2778 ,    10461 ,    645         ,
27 ,    925 ,     q ,    4 ,     1312 ,     1463 ,    11289 ,    672         ,
27 ,    965 ,     q ,    4 ,     1460 ,     1407 ,    11829 ,    710         ,
27 ,    1005 ,     q ,    4 ,     1396 ,     1843 ,    12366 ,    726         ,
27 ,    1045 ,     q ,    4 ,     1552 ,     1698 ,    13047 ,    772         ,
27 ,    1085 ,     q ,    4 ,     1672 ,     1594 ,    13692 ,    814         ,
27 ,    1125 ,     q ,    4 ,     1766 ,     2402 ,    14118 ,    858         ,
27 ,    1165 ,     q ,    4 ,     1810 ,     1861 ,    14829 ,    879         ,
27 ,    1205 ,     q ,    4 ,     1630 ,     2091 ,    15276 ,    892         ,
27 ,    1245 ,     q ,    4 ,     1854 ,     2046 ,    15978 ,    939         ,
27 ,    1285 ,     q ,    4 ,     1834 ,     2563 ,    16404 ,    979         ,
27 ,    1325 ,     q ,    4 ,     1830 ,     2146 ,    17124 ,    1103         ,
27 ,    1365 ,     q ,    4 ,     2240 ,     2476 ,    17895 ,    1051         ,
27 ,    1405 ,     q ,    4 ,     2128 ,     2022 ,    18486 ,    1065         ,
27 ,    1445 ,     q ,    4 ,     2116 ,     2121 ,    19059 ,    1207         ,
27 ,    1485 ,     q ,    4 ,     2204 ,     4310 ,    19323 ,    1155         ,
27 ,    1525 ,     q ,    4 ,     2144 ,     2640 ,    19962 ,    1149         ,
27 ,    1565 ,     q ,    4 ,     2234 ,     2920 ,    20592 ,    1188         ,
27 ,    1605 ,     q ,    4 ,     2246 ,     2519 ,    21255 ,    1214         ,
27 ,    1645 ,     q ,    4 ,     2254 ,     2735 ,    22194 ,    1250         ,
27 ,    1685 ,     q ,    4 ,     2530 ,     3397 ,    22656 ,    1387         ,
27 ,    1725 ,     q ,    4 ,     2572 ,     3594 ,    23178 ,    1339         ,
27 ,    1765 ,     q ,    4 ,     2248 ,     2690 ,    23781 ,    1318         ,
27 ,    1805 ,     q ,    4 ,     2356 ,     4370 ,    24249 ,    1383         ,
27 ,    1845 ,     q ,    4 ,     2740 ,     3873 ,    24963 ,    1421         ,
27 ,    1885 ,     q ,    4 ,     2520 ,     3509 ,    25620 ,    1424         ,
27 ,    1925 ,     q ,    4 ,     2550 ,     3623 ,    26259 ,    1478         ,
27 ,    1965 ,     q ,    4 ,     2640 ,     3716 ,    26691 ,    1484         ,
27 ,    2005 ,     q ,    4 ,     2858 ,     3321 ,    27657 ,    1576         ,
27 ,    2045 ,     q ,    4 ,     2816 ,     3146 ,    28281 ,    3214         ,
27 ,    2085 ,     q ,    4 ,     2956 ,     3315 ,    28824 ,    1710         ,
27 ,    2125 ,     q ,    4 ,     3210 ,     3263 ,    29604 ,    1667         ,
27 ,    2165 ,     q ,    4 ,     3332 ,     4257 ,    30090 ,    1694         ,
27 ,    2205 ,     q ,    4 ,     3276 ,     6023 ,    30498 ,    1726         ,
27 ,    2245 ,     q ,    4 ,     2796 ,     3429 ,    30993 ,    1732         ,
27 ,    2285 ,     q ,    4 ,     3454 ,     3962 ,    32163 ,    1816         ,
27 ,    2325 ,     q ,    4 ,     3582 ,     3303 ,    33096 ,    1848         ,
27 ,    2365 ,     q ,    4 ,     3456 ,     4446 ,    33555 ,    1883         ,
27 ,    2405 ,     q ,    4 ,     3856 ,     3922 ,    34362 ,    1922         ,
27 ,    2445 ,     q ,    4 ,     3578 ,     4379 ,    34806 ,    1934         ,
27 ,    2485 ,     q ,    4 ,     3886 ,     4522 ,    35568 ,    2012         ,
27 ,    2525 ,     q ,    4 ,     3688 ,     4949 ,    35892 ,    1976         ,
27 ,    2565 ,     q ,    4 ,     3812 ,     5711 ,    36558 ,    2048         ,
27 ,    2605 ,     q ,    4 ,     3674 ,     5076 ,    37350 ,    2058         ,
27 ,    2645 ,     q ,    4 ,     3650 ,     4630 ,    37860 ,    2068         ,
27 ,    2685 ,     q ,    4 ,     3696 ,     5570 ,    38229 ,    2113         ,
27 ,    2725 ,     q ,    4 ,     3740 ,     5683 ,    38955 ,    2131         ,
27 ,    2765 ,     q ,    4 ,     4032 ,     4409 ,    40068 ,    4065         ,
27 ,    2805 ,     q ,    4 ,     3702 ,     6551 ,    40050 ,    2194         ,
27 ,    2845 ,     q ,    4 ,     3778 ,     5678 ,    40842 ,    2235         ,
27 ,    2885 ,     q ,    4 ,     3856 ,     6244 ,    41298 ,    2365         ,
27 ,    2925 ,     q ,    4 ,     4508 ,     5776 ,    42840 ,    2350         ,
27 ,    2965 ,     q ,    4 ,     4604 ,     7089 ,    43434 ,    2371         ,
27 ,    3005 ,     q ,    4 ,     4004 ,     5747 ,    43350 ,    2367         ,
27 ,    3045 ,     q ,    4 ,     4586 ,     5999 ,    44352 ,    2438         ,
27 ,    3085 ,     q ,    4 ,     4328 ,     6279 ,    45084 ,    2466         ,
27 ,    3125 ,     q ,    4 ,     4282 ,     5372 ,    45843 ,    2599         ,
27 ,    3165 ,     q ,    4 ,     4562 ,     5047 ,    46566 ,    2530         ,
27 ,    3205 ,     q ,    4 ,     4808 ,     7222 ,    47037 ,    2559         ,
27 ,    3245 ,     q ,    4 ,     5048 ,     6254 ,    48246 ,    2614         ,
27 ,    3285 ,     q ,    4 ,     4816 ,     6023 ,    48834 ,    2683         ,
27 ,    3325 ,     q ,    4 ,     4874 ,     7889 ,    48978 ,    2813         ,
27 ,    3365 ,     q ,    4 ,     5120 ,     6502 ,    50397 ,    2747         ,
27 ,    3405 ,     q ,    4 ,     5390 ,     7178 ,    50907 ,    2779         ,
27 ,    3445 ,     q ,    4 ,     4966 ,     7239 ,    51447 ,    2898         ,
27 ,    3485 ,     q ,    4 ,     5424 ,     7509 ,    52092 ,    2800         ,
27 ,    3525 ,     q ,    4 ,     5640 ,     9146 ,    52902 ,    2855         ,
27 ,    3565 ,     q ,    4 ,     4730 ,     5855 ,    53148 ,    2991         ,
27 ,    3605 ,     q ,    4 ,     4978 ,     5821 ,    54081 ,    2899         ,
27 ,    3645 ,     q ,    4 ,     4904 ,     6265 ,    54459 ,    2914         ,
27 ,    3685 ,     q ,    4 ,     5134 ,     5222 ,    56184 ,    20263         ,
27 ,    3725 ,     q ,    4 ,     5046 ,     6101 ,    55890 ,    2966         ,
27 ,    3765 ,     q ,    4 ,     5496 ,     6248 ,    57048 ,    3177         ,
27 ,    3805 ,     q ,    4 ,     5442 ,     7017 ,    57639 ,    3076         ,
27 ,    3845 ,     q ,    4 ,     5202 ,     6706 ,    58119 ,    3189         ,
27 ,    3885 ,     q ,    4 ,     5654 ,     8633 ,    58890 ,    4642         ,
27 ,    3925 ,     q ,    4 ,     5516 ,     6579 ,    59616 ,    6190         ,
27 ,    3965 ,     q ,    4 ,     5654 ,     6651 ,    60063 ,    3377         ,
27 ,    4005 ,     q ,    4 ,     5654 ,     6493 ,    61125 ,    3265         ,
27 ,    4045 ,     q ,    4 ,     5606 ,     6725 ,    61629 ,    3453         ,
27 ,    4085 ,     q ,    4 ,     5940 ,     8711 ,    62034 ,    3342         ,
27 ,    4125 ,     q ,    4 ,     5834 ,     8642 ,    62589 ,    3336         ,
27 ,    4165 ,     q ,    4 ,     5844 ,     9167 ,    63327 ,    7279         ,
27 ,    4205 ,     q ,    4 ,     6214 ,     9095 ,    64008 ,    3584         ,
27 ,    4245 ,     q ,    4 ,     6412 ,     6852 ,    65589 ,    3556         ,
27 ,    4285 ,     q ,    4 ,     5804 ,     9087 ,    65286 ,    3487         ,
27 ,    4325 ,     q ,    4 ,     6290 ,     8886 ,    66189 ,    3711         ,
27 ,    4365 ,     q ,    4 ,     6262 ,     8236 ,    66879 ,    3542         ,
27 ,    4405 ,     q ,    4 ,     6644 ,     8933 ,    68313 ,    3793         ,
27 ,    4445 ,     q ,    4 ,     6894 ,     9202 ,    68721 ,    3699         ,
27 ,    4485 ,     q ,    4 ,     6052 ,     9107 ,    68805 ,    3656         ,
27 ,    4525 ,     q ,    4 ,     6134 ,     9445 ,    69609 ,    4987         ,
27 ,    4565 ,     q ,    4 ,     6544 ,     8615 ,    70164 ,    5398         ,
27 ,    4605 ,     q ,    4 ,     6858 ,     7570 ,    71964 ,    3932         ,
27 ,    4645 ,     q ,    4 ,     7524 ,     6295 ,    73431 ,    4007         ,
27 ,    4685 ,     q ,    4 ,     7132 ,     8072 ,    72843 ,    3914         ,
27 ,    4725 ,     q ,    4 ,     6656 ,     8300 ,    73713 ,    3975         ,
27 ,    4765 ,     q ,    4 ,     7216 ,     8960 ,    74868 ,    4226         ,
27 ,    4805 ,     q ,    4 ,     6506 ,     10749 ,    74817 ,    3936         ,
27 ,    4845 ,     q ,    4 ,     7120 ,     9541 ,    75897 ,    3979         ,
27 ,    4885 ,     q ,    4 ,     7252 ,     9383 ,    76932 ,    4081         ,
27 ,    4925 ,     q ,    4 ,     7054 ,     7900 ,    76887 ,    4086         ,
27 ,    4965 ,     q ,    4 ,     7302 ,     7954 ,    77937 ,    4163         ,


