SEED ,  SIZE ,  ALG ,  TYPE ,  CALLS ,  CMP ,     MOVE ,    TIME              ,
27 ,    5 ,     qi ,    0 ,     3 ,     11 ,    14 ,    4         ,
27 ,    45 ,     qi ,    0 ,     4 ,     491 ,    499 ,    34         ,
27 ,    85 ,     qi ,    0 ,     10 ,     973 ,    996 ,    69         ,
27 ,    125 ,     qi ,    0 ,     16 ,     1197 ,    1240 ,    95         ,
27 ,    165 ,     qi ,    0 ,     13 ,     1696 ,    1878 ,    133         ,
27 ,    205 ,     qi ,    0 ,     24 ,     2498 ,    2268 ,    177         ,
27 ,    245 ,     qi ,    0 ,     19 ,     3240 ,    3238 ,    369         ,
27 ,    285 ,     qi ,    0 ,     28 ,     3141 ,    3464 ,    257         ,
27 ,    325 ,     qi ,    0 ,     28 ,     3750 ,    4065 ,    296         ,
27 ,    365 ,     qi ,    0 ,     40 ,     4126 ,    4349 ,    335         ,
27 ,    405 ,     qi ,    0 ,     46 ,     4799 ,    4789 ,    378         ,
27 ,    445 ,     qi ,    0 ,     49 ,     5318 ,    5684 ,    429         ,
27 ,    485 ,     qi ,    0 ,     52 ,     6144 ,    6388 ,    480         ,
27 ,    525 ,     qi ,    0 ,     63 ,     6320 ,    6683 ,    511         ,
27 ,    565 ,     qi ,    0 ,     58 ,     6615 ,    7013 ,    569         ,
27 ,    605 ,     qi ,    0 ,     64 ,     6722 ,    7383 ,    2267         ,
27 ,    645 ,     qi ,    0 ,     79 ,     9395 ,    8252 ,    670         ,
27 ,    685 ,     qi ,    0 ,     82 ,     8303 ,    8751 ,    690         ,
27 ,    725 ,     qi ,    0 ,     90 ,     9572 ,    9471 ,    758         ,
27 ,    765 ,     qi ,    0 ,     82 ,     10016 ,    10245 ,    801         ,
27 ,    805 ,     qi ,    0 ,     100 ,     11320 ,    10991 ,    874         ,
27 ,    845 ,     qi ,    0 ,     97 ,     9755 ,    10759 ,    861         ,
27 ,    885 ,     qi ,    0 ,     127 ,     11264 ,    11058 ,    914         ,
27 ,    925 ,     qi ,    0 ,     91 ,     12166 ,    12789 ,    988         ,
27 ,    965 ,     qi ,    0 ,     118 ,     12719 ,    12164 ,    1015         ,
27 ,    1005 ,     qi ,    0 ,     117 ,     14371 ,    12757 ,    1069         ,
27 ,    1045 ,     qi ,    0 ,     111 ,     12939 ,    14025 ,    1212         ,
27 ,    1085 ,     qi ,    0 ,     111 ,     15972 ,    14420 ,    1188         ,
27 ,    1125 ,     qi ,    0 ,     133 ,     14660 ,    13779 ,    1172         ,
27 ,    1165 ,     qi ,    0 ,     129 ,     15618 ,    15826 ,    1262         ,
27 ,    1205 ,     qi ,    0 ,     126 ,     15430 ,    16697 ,    1322         ,
27 ,    1245 ,     qi ,    0 ,     145 ,     17350 ,    16030 ,    1460         ,
27 ,    1285 ,     qi ,    0 ,     154 ,     18349 ,    17884 ,    1438         ,
27 ,    1325 ,     qi ,    0 ,     151 ,     17395 ,    17239 ,    1415         ,
27 ,    1365 ,     qi ,    0 ,     167 ,     19041 ,    18654 ,    1517         ,
27 ,    1405 ,     qi ,    0 ,     136 ,     19977 ,    19889 ,    3229         ,
27 ,    1445 ,     qi ,    0 ,     168 ,     21306 ,    20420 ,    1672         ,
27 ,    1485 ,     qi ,    0 ,     159 ,     20561 ,    20584 ,    1660         ,
27 ,    1525 ,     qi ,    0 ,     154 ,     20851 ,    21356 ,    1711         ,
27 ,    1565 ,     qi ,    0 ,     174 ,     21999 ,    21599 ,    1736         ,
27 ,    1605 ,     qi ,    0 ,     203 ,     22447 ,    21319 ,    1778         ,
27 ,    1645 ,     qi ,    0 ,     169 ,     23291 ,    23449 ,    1872         ,
27 ,    1685 ,     qi ,    0 ,     178 ,     21380 ,    23042 ,    1972         ,
27 ,    1725 ,     qi ,    0 ,     182 ,     22495 ,    23921 ,    1950         ,
27 ,    1765 ,     qi ,    0 ,     190 ,     26706 ,    25563 ,    2083         ,
27 ,    1805 ,     qi ,    0 ,     216 ,     28332 ,    24187 ,    2073         ,
27 ,    1845 ,     qi ,    0 ,     208 ,     25641 ,    26050 ,    2223         ,
27 ,    1885 ,     qi ,    0 ,     193 ,     28982 ,    26941 ,    2210         ,
27 ,    1925 ,     qi ,    0 ,     201 ,     29446 ,    27280 ,    2228         ,
27 ,    1965 ,     qi ,    0 ,     217 ,     28266 ,    27901 ,    4361         ,
27 ,    2005 ,     qi ,    0 ,     217 ,     27902 ,    27870 ,    2291         ,
27 ,    2045 ,     qi ,    0 ,     244 ,     29151 ,    29159 ,    2518         ,
27 ,    2085 ,     qi ,    0 ,     231 ,     29794 ,    29640 ,    2461         ,
27 ,    2125 ,     qi ,    0 ,     229 ,     32092 ,    30417 ,    2486         ,
27 ,    2165 ,     qi ,    0 ,     246 ,     30026 ,    31030 ,    2900         ,
27 ,    2205 ,     qi ,    0 ,     247 ,     34243 ,    31012 ,    2643         ,
27 ,    2245 ,     qi ,    0 ,     256 ,     33564 ,    32068 ,    2684         ,
27 ,    2285 ,     qi ,    0 ,     237 ,     32349 ,    33163 ,    2814         ,
27 ,    2325 ,     qi ,    0 ,     271 ,     33171 ,    33319 ,    2777         ,
27 ,    2365 ,     qi ,    0 ,     280 ,     35643 ,    33493 ,    2912         ,
27 ,    2405 ,     qi ,    0 ,     258 ,     36080 ,    35629 ,    2929         ,
27 ,    2445 ,     qi ,    0 ,     274 ,     36243 ,    35325 ,    2966         ,
27 ,    2485 ,     qi ,    0 ,     279 ,     35644 ,    35511 ,    2979         ,
27 ,    2525 ,     qi ,    0 ,     268 ,     37368 ,    37047 ,    3004         ,
27 ,    2565 ,     qi ,    0 ,     279 ,     36563 ,    37483 ,    3171         ,
27 ,    2605 ,     qi ,    0 ,     279 ,     39155 ,    37302 ,    3073         ,
27 ,    2645 ,     qi ,    0 ,     300 ,     43575 ,    37965 ,    3475         ,
27 ,    2685 ,     qi ,    0 ,     284 ,     38982 ,    39783 ,    3257         ,
27 ,    2725 ,     qi ,    0 ,     326 ,     40835 ,    39382 ,    3318         ,
27 ,    2765 ,     qi ,    0 ,     305 ,     43286 ,    39426 ,    4946         ,
27 ,    2805 ,     qi ,    0 ,     320 ,     40117 ,    40542 ,    3527         ,
27 ,    2845 ,     qi ,    0 ,     359 ,     40881 ,    39422 ,    3409         ,
27 ,    2885 ,     qi ,    0 ,     322 ,     41337 ,    41753 ,    3481         ,
27 ,    2925 ,     qi ,    0 ,     340 ,     42055 ,    42817 ,    3556         ,
27 ,    2965 ,     qi ,    0 ,     372 ,     42044 ,    41145 ,    3523         ,
27 ,    3005 ,     qi ,    0 ,     345 ,     45118 ,    44558 ,    3663         ,
27 ,    3045 ,     qi ,    0 ,     348 ,     42214 ,    45198 ,    3674         ,
27 ,    3085 ,     qi ,    0 ,     372 ,     44155 ,    43381 ,    7755         ,
27 ,    3125 ,     qi ,    0 ,     345 ,     43843 ,    45548 ,    3934         ,
27 ,    3165 ,     qi ,    0 ,     367 ,     47166 ,    45520 ,    3910         ,
27 ,    3205 ,     qi ,    0 ,     354 ,     45689 ,    46785 ,    4009         ,
27 ,    3245 ,     qi ,    0 ,     391 ,     49663 ,    48426 ,    4059         ,
27 ,    3285 ,     qi ,    0 ,     371 ,     49691 ,    48733 ,    4229         ,
27 ,    3325 ,     qi ,    0 ,     408 ,     51931 ,    48248 ,    4130         ,
27 ,    3365 ,     qi ,    0 ,     415 ,     50996 ,    48486 ,    4146         ,
27 ,    3405 ,     qi ,    0 ,     370 ,     51595 ,    50008 ,    5821         ,
27 ,    3445 ,     qi ,    0 ,     403 ,     48534 ,    48907 ,    4166         ,
27 ,    3485 ,     qi ,    0 ,     403 ,     52240 ,    51542 ,    4648         ,
27 ,    3525 ,     qi ,    0 ,     408 ,     54532 ,    52313 ,    4372         ,
27 ,    3565 ,     qi ,    0 ,     451 ,     53942 ,    50076 ,    4463         ,
27 ,    3605 ,     qi ,    0 ,     422 ,     53938 ,    51968 ,    4461         ,
27 ,    3645 ,     qi ,    0 ,     434 ,     55793 ,    53368 ,    4556         ,
27 ,    3685 ,     qi ,    0 ,     420 ,     50413 ,    53703 ,    6169         ,
27 ,    3725 ,     qi ,    0 ,     417 ,     56497 ,    54288 ,    4548         ,
27 ,    3765 ,     qi ,    0 ,     406 ,     54958 ,    54713 ,    4727         ,
27 ,    3805 ,     qi ,    0 ,     419 ,     59184 ,    57117 ,    4920         ,
27 ,    3845 ,     qi ,    0 ,     445 ,     59263 ,    56650 ,    4820         ,
27 ,    3885 ,     qi ,    0 ,     427 ,     58930 ,    57639 ,    7775         ,
27 ,    3925 ,     qi ,    0 ,     408 ,     57481 ,    57952 ,    4966         ,
27 ,    3965 ,     qi ,    0 ,     473 ,     64634 ,    57473 ,    5000         ,
27 ,    4005 ,     qi ,    0 ,     464 ,     61007 ,    59234 ,    5174         ,
27 ,    4045 ,     qi ,    0 ,     468 ,     60785 ,    59774 ,    5116         ,
27 ,    4085 ,     qi ,    0 ,     456 ,     59515 ,    60464 ,    5099         ,
27 ,    4125 ,     qi ,    0 ,     469 ,     64048 ,    61033 ,    6545         ,
27 ,    4165 ,     qi ,    0 ,     473 ,     62598 ,    62618 ,    5348         ,
27 ,    4205 ,     qi ,    0 ,     497 ,     65416 ,    62937 ,    5392         ,
27 ,    4245 ,     qi ,    0 ,     473 ,     63501 ,    62830 ,    6918         ,
27 ,    4285 ,     qi ,    0 ,     482 ,     65591 ,    63886 ,    5503         ,
27 ,    4325 ,     qi ,    0 ,     504 ,     66164 ,    63529 ,    5567         ,
27 ,    4365 ,     qi ,    0 ,     510 ,     65649 ,    63602 ,    5507         ,
27 ,    4405 ,     qi ,    0 ,     492 ,     74724 ,    65594 ,    7451         ,
27 ,    4445 ,     qi ,    0 ,     484 ,     66765 ,    68468 ,    5774         ,
27 ,    4485 ,     qi ,    0 ,     490 ,     69173 ,    67191 ,    5823         ,
27 ,    4525 ,     qi ,    0 ,     499 ,     72974 ,    69342 ,    5915         ,
27 ,    4565 ,     qi ,    0 ,     527 ,     75286 ,    68512 ,    5996         ,
27 ,    4605 ,     qi ,    0 ,     509 ,     71270 ,    69778 ,    7602         ,
27 ,    4645 ,     qi ,    0 ,     534 ,     70642 ,    69963 ,    6071         ,
27 ,    4685 ,     qi ,    0 ,     536 ,     73158 ,    68841 ,    5888         ,
27 ,    4725 ,     qi ,    0 ,     551 ,     67620 ,    69330 ,    6059         ,
27 ,    4765 ,     qi ,    0 ,     531 ,     71782 ,    70966 ,    6193         ,
27 ,    4805 ,     qi ,    0 ,     550 ,     75502 ,    71457 ,    7982         ,
27 ,    4845 ,     qi ,    0 ,     555 ,     76048 ,    71823 ,    6474         ,
27 ,    4885 ,     qi ,    0 ,     546 ,     74933 ,    72541 ,    6156         ,
27 ,    4925 ,     qi ,    0 ,     564 ,     77337 ,    73114 ,    8593         ,
27 ,    4965 ,     qi ,    0 ,     569 ,     82550 ,    75202 ,    10176         ,
27 ,    5 ,     qi ,    1 ,     4 ,     6 ,    7 ,    6         ,
27 ,    45 ,     qi ,    1 ,     4 ,     86 ,    87 ,    12         ,
27 ,    85 ,     qi ,    1 ,     4 ,     166 ,    167 ,    20         ,
27 ,    125 ,     qi ,    1 ,     10 ,     364 ,    245 ,    39         ,
27 ,    165 ,     qi ,    1 ,     10 ,     484 ,    325 ,    51         ,
27 ,    205 ,     qi ,    1 ,     10 ,     604 ,    405 ,    59         ,
27 ,    245 ,     qi ,    1 ,     22 ,     954 ,    481 ,    90         ,
27 ,    285 ,     qi ,    1 ,     22 ,     1114 ,    561 ,    98         ,
27 ,    325 ,     qi ,    1 ,     22 ,     1274 ,    641 ,    112         ,
27 ,    365 ,     qi ,    1 ,     22 ,     1434 ,    721 ,    125         ,
27 ,    405 ,     qi ,    1 ,     22 ,     1594 ,    801 ,    137         ,
27 ,    445 ,     qi ,    1 ,     46 ,     2168 ,    873 ,    314         ,
27 ,    485 ,     qi ,    1 ,     46 ,     2368 ,    953 ,    204         ,
27 ,    525 ,     qi ,    1 ,     46 ,     2568 ,    1033 ,    214         ,
27 ,    565 ,     qi ,    1 ,     46 ,     2768 ,    1113 ,    231         ,
27 ,    605 ,     qi ,    1 ,     46 ,     2968 ,    1193 ,    250         ,
27 ,    645 ,     qi ,    1 ,     46 ,     3168 ,    1273 ,    257         ,
27 ,    685 ,     qi ,    1 ,     46 ,     3368 ,    1353 ,    266         ,
27 ,    725 ,     qi ,    1 ,     46 ,     3568 ,    1433 ,    288         ,
27 ,    765 ,     qi ,    1 ,     46 ,     3768 ,    1513 ,    320         ,
27 ,    805 ,     qi ,    1 ,     46 ,     3968 ,    1593 ,    327         ,
27 ,    845 ,     qi ,    1 ,     88 ,     4854 ,    1659 ,    386         ,
27 ,    885 ,     qi ,    1 ,     94 ,     5190 ,    1737 ,    421         ,
27 ,    925 ,     qi ,    1 ,     94 ,     5430 ,    1817 ,    441         ,
27 ,    965 ,     qi ,    1 ,     94 ,     5670 ,    1897 ,    467         ,
27 ,    1005 ,     qi ,    1 ,     94 ,     5910 ,    1977 ,    248         ,
27 ,    1045 ,     qi ,    1 ,     94 ,     6150 ,    2057 ,    258         ,
27 ,    1085 ,     qi ,    1 ,     94 ,     6390 ,    2137 ,    265         ,
27 ,    1125 ,     qi ,    1 ,     94 ,     6630 ,    2217 ,    278         ,
27 ,    1165 ,     qi ,    1 ,     94 ,     6870 ,    2297 ,    284         ,
27 ,    1205 ,     qi ,    1 ,     94 ,     7110 ,    2377 ,    294         ,
27 ,    1245 ,     qi ,    1 ,     94 ,     7350 ,    2457 ,    301         ,
27 ,    1285 ,     qi ,    1 ,     94 ,     7590 ,    2537 ,    310         ,
27 ,    1325 ,     qi ,    1 ,     94 ,     7830 ,    2617 ,    322         ,
27 ,    1365 ,     qi ,    1 ,     94 ,     8070 ,    2697 ,    331         ,
27 ,    1405 ,     qi ,    1 ,     94 ,     8310 ,    2777 ,    337         ,
27 ,    1445 ,     qi ,    1 ,     94 ,     8550 ,    2857 ,    347         ,
27 ,    1485 ,     qi ,    1 ,     94 ,     8790 ,    2937 ,    356         ,
27 ,    1525 ,     qi ,    1 ,     94 ,     9030 ,    3017 ,    366         ,
27 ,    1565 ,     qi ,    1 ,     94 ,     9270 ,    3097 ,    374         ,
27 ,    1605 ,     qi ,    1 ,     94 ,     9510 ,    3177 ,    382         ,
27 ,    1645 ,     qi ,    1 ,     94 ,     9750 ,    3257 ,    391         ,
27 ,    1685 ,     qi ,    1 ,     160 ,     11068 ,    3315 ,    451         ,
27 ,    1725 ,     qi ,    1 ,     190 ,     11828 ,    3385 ,    480         ,
27 ,    1765 ,     qi ,    1 ,     190 ,     12108 ,    3465 ,    27740         ,
27 ,    1805 ,     qi ,    1 ,     190 ,     12388 ,    3545 ,    501         ,
27 ,    1845 ,     qi ,    1 ,     190 ,     12668 ,    3625 ,    514         ,
27 ,    1885 ,     qi ,    1 ,     190 ,     12948 ,    3705 ,    524         ,
27 ,    1925 ,     qi ,    1 ,     190 ,     13228 ,    3785 ,    529         ,
27 ,    1965 ,     qi ,    1 ,     190 ,     13508 ,    3865 ,    542         ,
27 ,    2005 ,     qi ,    1 ,     190 ,     13788 ,    3945 ,    554         ,
27 ,    2045 ,     qi ,    1 ,     190 ,     14068 ,    4025 ,    724         ,
27 ,    2085 ,     qi ,    1 ,     190 ,     14348 ,    4105 ,    574         ,
27 ,    2125 ,     qi ,    1 ,     190 ,     14628 ,    4185 ,    583         ,
27 ,    2165 ,     qi ,    1 ,     190 ,     14908 ,    4265 ,    595         ,
27 ,    2205 ,     qi ,    1 ,     190 ,     15188 ,    4345 ,    605         ,
27 ,    2245 ,     qi ,    1 ,     190 ,     15468 ,    4425 ,    618         ,
27 ,    2285 ,     qi ,    1 ,     190 ,     15748 ,    4505 ,    625         ,
27 ,    2325 ,     qi ,    1 ,     190 ,     16028 ,    4585 ,    633         ,
27 ,    2365 ,     qi ,    1 ,     190 ,     16308 ,    4665 ,    647         ,
27 ,    2405 ,     qi ,    1 ,     190 ,     16588 ,    4745 ,    655         ,
27 ,    2445 ,     qi ,    1 ,     190 ,     16868 ,    4825 ,    665         ,
27 ,    2485 ,     qi ,    1 ,     190 ,     17148 ,    4905 ,    678         ,
27 ,    2525 ,     qi ,    1 ,     190 ,     17428 ,    4985 ,    792         ,
27 ,    2565 ,     qi ,    1 ,     190 ,     17708 ,    5065 ,    696         ,
27 ,    2605 ,     qi ,    1 ,     190 ,     17988 ,    5145 ,    708         ,
27 ,    2645 ,     qi ,    1 ,     190 ,     18268 ,    5225 ,    711         ,
27 ,    2685 ,     qi ,    1 ,     190 ,     18548 ,    5305 ,    727         ,
27 ,    2725 ,     qi ,    1 ,     190 ,     18828 ,    5385 ,    737         ,
27 ,    2765 ,     qi ,    1 ,     190 ,     19108 ,    5465 ,    748         ,
27 ,    2805 ,     qi ,    1 ,     190 ,     19388 ,    5545 ,    759         ,
27 ,    2845 ,     qi ,    1 ,     190 ,     19668 ,    5625 ,    870         ,
27 ,    2885 ,     qi ,    1 ,     190 ,     19948 ,    5705 ,    780         ,
27 ,    2925 ,     qi ,    1 ,     190 ,     20228 ,    5785 ,    788         ,
27 ,    2965 ,     qi ,    1 ,     190 ,     20508 ,    5865 ,    800         ,
27 ,    3005 ,     qi ,    1 ,     190 ,     20788 ,    5945 ,    807         ,
27 ,    3045 ,     qi ,    1 ,     190 ,     21068 ,    6025 ,    821         ,
27 ,    3085 ,     qi ,    1 ,     190 ,     21348 ,    6105 ,    830         ,
27 ,    3125 ,     qi ,    1 ,     190 ,     21628 ,    6185 ,    840         ,
27 ,    3165 ,     qi ,    1 ,     190 ,     21908 ,    6265 ,    846         ,
27 ,    3205 ,     qi ,    1 ,     190 ,     22188 ,    6345 ,    859         ,
27 ,    3245 ,     qi ,    1 ,     190 ,     22468 ,    6425 ,    870         ,
27 ,    3285 ,     qi ,    1 ,     190 ,     22748 ,    6505 ,    880         ,
27 ,    3325 ,     qi ,    1 ,     190 ,     23028 ,    6585 ,    15375         ,
27 ,    3365 ,     qi ,    1 ,     304 ,     25170 ,    6627 ,    1488         ,
27 ,    3405 ,     qi ,    1 ,     382 ,     26738 ,    6681 ,    1040         ,
27 ,    3445 ,     qi ,    1 ,     382 ,     27058 ,    6761 ,    1057         ,
27 ,    3485 ,     qi ,    1 ,     382 ,     27378 ,    6841 ,    1065         ,
27 ,    3525 ,     qi ,    1 ,     382 ,     27698 ,    6921 ,    1656         ,
27 ,    3565 ,     qi ,    1 ,     382 ,     28018 ,    7001 ,    1094         ,
27 ,    3605 ,     qi ,    1 ,     382 ,     28338 ,    7081 ,    1447         ,
27 ,    3645 ,     qi ,    1 ,     382 ,     28658 ,    7161 ,    1109         ,
27 ,    3685 ,     qi ,    1 ,     382 ,     28978 ,    7241 ,    1583         ,
27 ,    3725 ,     qi ,    1 ,     382 ,     29298 ,    7321 ,    2365         ,
27 ,    3765 ,     qi ,    1 ,     382 ,     29618 ,    7401 ,    2221         ,
27 ,    3805 ,     qi ,    1 ,     382 ,     29938 ,    7481 ,    2128         ,
27 ,    3845 ,     qi ,    1 ,     382 ,     30258 ,    7561 ,    2625         ,
27 ,    3885 ,     qi ,    1 ,     382 ,     30578 ,    7641 ,    2306         ,
27 ,    3925 ,     qi ,    1 ,     382 ,     30898 ,    7721 ,    2339         ,
27 ,    3965 ,     qi ,    1 ,     382 ,     31218 ,    7801 ,    4975         ,
27 ,    4005 ,     qi ,    1 ,     382 ,     31538 ,    7881 ,    5135         ,
27 ,    4045 ,     qi ,    1 ,     382 ,     31858 ,    7961 ,    2124         ,
27 ,    4085 ,     qi ,    1 ,     382 ,     32178 ,    8041 ,    2108         ,
27 ,    4125 ,     qi ,    1 ,     382 ,     32498 ,    8121 ,    1856         ,
27 ,    4165 ,     qi ,    1 ,     382 ,     32818 ,    8201 ,    1889         ,
27 ,    4205 ,     qi ,    1 ,     382 ,     33138 ,    8281 ,    1867         ,
27 ,    4245 ,     qi ,    1 ,     382 ,     33458 ,    8361 ,    1819         ,
27 ,    4285 ,     qi ,    1 ,     382 ,     33778 ,    8441 ,    2005         ,
27 ,    4325 ,     qi ,    1 ,     382 ,     34098 ,    8521 ,    1960         ,
27 ,    4365 ,     qi ,    1 ,     382 ,     34418 ,    8601 ,    1895         ,
27 ,    4405 ,     qi ,    1 ,     382 ,     34738 ,    8681 ,    2029         ,
27 ,    4445 ,     qi ,    1 ,     382 ,     35058 ,    8761 ,    2428         ,
27 ,    4485 ,     qi ,    1 ,     382 ,     35378 ,    8841 ,    2018         ,
27 ,    4525 ,     qi ,    1 ,     382 ,     35698 ,    8921 ,    2041         ,
27 ,    4565 ,     qi ,    1 ,     382 ,     36018 ,    9001 ,    2137         ,
27 ,    4605 ,     qi ,    1 ,     382 ,     36338 ,    9081 ,    2009         ,
27 ,    4645 ,     qi ,    1 ,     382 ,     36658 ,    9161 ,    2134         ,
27 ,    4685 ,     qi ,    1 ,     382 ,     36978 ,    9241 ,    2573         ,
27 ,    4725 ,     qi ,    1 ,     382 ,     37298 ,    9321 ,    2162         ,
27 ,    4765 ,     qi ,    1 ,     382 ,     37618 ,    9401 ,    2142         ,
27 ,    4805 ,     qi ,    1 ,     382 ,     37938 ,    9481 ,    2262         ,
27 ,    4845 ,     qi ,    1 ,     382 ,     38258 ,    9561 ,    2145         ,
27 ,    4885 ,     qi ,    1 ,     382 ,     38578 ,    9641 ,    2239         ,
27 ,    4925 ,     qi ,    1 ,     382 ,     38898 ,    9721 ,    2194         ,
27 ,    4965 ,     qi ,    1 ,     382 ,     39218 ,    9801 ,    2224         ,
27 ,    5 ,     qi ,    2 ,     4 ,     2 ,    13 ,    2         ,
27 ,    45 ,     qi ,    2 ,     4 ,     42 ,    153 ,    11         ,
27 ,    85 ,     qi ,    2 ,     4 ,     82 ,    293 ,    17         ,
27 ,    125 ,     qi ,    2 ,     10 ,     240 ,    431 ,    34         ,
27 ,    165 ,     qi ,    2 ,     10 ,     320 ,    571 ,    43         ,
27 ,    205 ,     qi ,    2 ,     10 ,     400 ,    711 ,    50         ,
27 ,    245 ,     qi ,    2 ,     22 ,     710 ,    847 ,    66         ,
27 ,    285 ,     qi ,    2 ,     22 ,     830 ,    987 ,    74         ,
27 ,    325 ,     qi ,    2 ,     22 ,     950 ,    1127 ,    85         ,
27 ,    365 ,     qi ,    2 ,     22 ,     1070 ,    1267 ,    100         ,
27 ,    405 ,     qi ,    2 ,     22 ,     1190 ,    1407 ,    118         ,
27 ,    445 ,     qi ,    2 ,     46 ,     1724 ,    1539 ,    155         ,
27 ,    485 ,     qi ,    2 ,     46 ,     1884 ,    1679 ,    169         ,
27 ,    525 ,     qi ,    2 ,     46 ,     2044 ,    1819 ,    185         ,
27 ,    565 ,     qi ,    2 ,     46 ,     2204 ,    1959 ,    179         ,
27 ,    605 ,     qi ,    2 ,     46 ,     2364 ,    2099 ,    210         ,
27 ,    645 ,     qi ,    2 ,     46 ,     2524 ,    2239 ,    210         ,
27 ,    685 ,     qi ,    2 ,     46 ,     2684 ,    2379 ,    221         ,
27 ,    725 ,     qi ,    2 ,     46 ,     2844 ,    2519 ,    259         ,
27 ,    765 ,     qi ,    2 ,     46 ,     3004 ,    2659 ,    271         ,
27 ,    805 ,     qi ,    2 ,     46 ,     3164 ,    2799 ,    283         ,
27 ,    845 ,     qi ,    2 ,     88 ,     4010 ,    2925 ,    338         ,
27 ,    885 ,     qi ,    2 ,     94 ,     4306 ,    3063 ,    350         ,
27 ,    925 ,     qi ,    2 ,     94 ,     4506 ,    3203 ,    349         ,
27 ,    965 ,     qi ,    2 ,     94 ,     4706 ,    3343 ,    371         ,
27 ,    1005 ,     qi ,    2 ,     94 ,     4906 ,    3483 ,    395         ,
27 ,    1045 ,     qi ,    2 ,     94 ,     5106 ,    3623 ,    2965         ,
27 ,    1085 ,     qi ,    2 ,     94 ,     5306 ,    3763 ,    423         ,
27 ,    1125 ,     qi ,    2 ,     94 ,     5506 ,    3903 ,    443         ,
27 ,    1165 ,     qi ,    2 ,     94 ,     5706 ,    4043 ,    469         ,
27 ,    1205 ,     qi ,    2 ,     94 ,     5906 ,    4183 ,    476         ,
27 ,    1245 ,     qi ,    2 ,     94 ,     6106 ,    4323 ,    486         ,
27 ,    1285 ,     qi ,    2 ,     94 ,     6306 ,    4463 ,    502         ,
27 ,    1325 ,     qi ,    2 ,     94 ,     6506 ,    4603 ,    486         ,
27 ,    1365 ,     qi ,    2 ,     94 ,     6706 ,    4743 ,    506         ,
27 ,    1405 ,     qi ,    2 ,     94 ,     6906 ,    4883 ,    520         ,
27 ,    1445 ,     qi ,    2 ,     94 ,     7106 ,    5023 ,    530         ,
27 ,    1485 ,     qi ,    2 ,     94 ,     7306 ,    5163 ,    750         ,
27 ,    1525 ,     qi ,    2 ,     94 ,     7506 ,    5303 ,    561         ,
27 ,    1565 ,     qi ,    2 ,     94 ,     7706 ,    5443 ,    598         ,
27 ,    1605 ,     qi ,    2 ,     94 ,     7906 ,    5583 ,    583         ,
27 ,    1645 ,     qi ,    2 ,     94 ,     8106 ,    5723 ,    631         ,
27 ,    1685 ,     qi ,    2 ,     160 ,     9384 ,    5841 ,    724         ,
27 ,    1725 ,     qi ,    2 ,     190 ,     10104 ,    5971 ,    749         ,
27 ,    1765 ,     qi ,    2 ,     190 ,     10344 ,    6111 ,    766         ,
27 ,    1805 ,     qi ,    2 ,     190 ,     10584 ,    6251 ,    785         ,
27 ,    1845 ,     qi ,    2 ,     190 ,     10824 ,    6391 ,    787         ,
27 ,    1885 ,     qi ,    2 ,     190 ,     11064 ,    6531 ,    777         ,
27 ,    1925 ,     qi ,    2 ,     190 ,     11304 ,    6671 ,    765         ,
27 ,    1965 ,     qi ,    2 ,     190 ,     11544 ,    6811 ,    781         ,
27 ,    2005 ,     qi ,    2 ,     190 ,     11784 ,    6951 ,    822         ,
27 ,    2045 ,     qi ,    2 ,     190 ,     12024 ,    7091 ,    908         ,
27 ,    2085 ,     qi ,    2 ,     190 ,     12264 ,    7231 ,    849         ,
27 ,    2125 ,     qi ,    2 ,     190 ,     12504 ,    7371 ,    845         ,
27 ,    2165 ,     qi ,    2 ,     190 ,     12744 ,    7511 ,    910         ,
27 ,    2205 ,     qi ,    2 ,     190 ,     12984 ,    7651 ,    971         ,
27 ,    2245 ,     qi ,    2 ,     190 ,     13224 ,    7791 ,    1220         ,
27 ,    2285 ,     qi ,    2 ,     190 ,     13464 ,    7931 ,    891         ,
27 ,    2325 ,     qi ,    2 ,     190 ,     13704 ,    8071 ,    984         ,
27 ,    2365 ,     qi ,    2 ,     190 ,     13944 ,    8211 ,    934         ,
27 ,    2405 ,     qi ,    2 ,     190 ,     14184 ,    8351 ,    986         ,
27 ,    2445 ,     qi ,    2 ,     190 ,     14424 ,    8491 ,    985         ,
27 ,    2485 ,     qi ,    2 ,     190 ,     14664 ,    8631 ,    998         ,
27 ,    2525 ,     qi ,    2 ,     190 ,     14904 ,    8771 ,    1019         ,
27 ,    2565 ,     qi ,    2 ,     190 ,     15144 ,    8911 ,    4790         ,
27 ,    2605 ,     qi ,    2 ,     190 ,     15384 ,    9051 ,    1131         ,
27 ,    2645 ,     qi ,    2 ,     190 ,     15624 ,    9191 ,    1159         ,
27 ,    2685 ,     qi ,    2 ,     190 ,     15864 ,    9331 ,    1040         ,
27 ,    2725 ,     qi ,    2 ,     190 ,     16104 ,    9471 ,    1593         ,
27 ,    2765 ,     qi ,    2 ,     190 ,     16344 ,    9611 ,    1150         ,
27 ,    2805 ,     qi ,    2 ,     190 ,     16584 ,    9751 ,    1247         ,
27 ,    2845 ,     qi ,    2 ,     190 ,     16824 ,    9891 ,    1311         ,
27 ,    2885 ,     qi ,    2 ,     190 ,     17064 ,    10031 ,    1286         ,
27 ,    2925 ,     qi ,    2 ,     190 ,     17304 ,    10171 ,    1230         ,
27 ,    2965 ,     qi ,    2 ,     190 ,     17544 ,    10311 ,    1181         ,
27 ,    3005 ,     qi ,    2 ,     190 ,     17784 ,    10451 ,    1218         ,
27 ,    3045 ,     qi ,    2 ,     190 ,     18024 ,    10591 ,    1254         ,
27 ,    3085 ,     qi ,    2 ,     190 ,     18264 ,    10731 ,    1323         ,
27 ,    3125 ,     qi ,    2 ,     190 ,     18504 ,    10871 ,    1299         ,
27 ,    3165 ,     qi ,    2 ,     190 ,     18744 ,    11011 ,    1312         ,
27 ,    3205 ,     qi ,    2 ,     190 ,     18984 ,    11151 ,    4718         ,
27 ,    3245 ,     qi ,    2 ,     190 ,     19224 ,    11291 ,    1383         ,
27 ,    3285 ,     qi ,    2 ,     190 ,     19464 ,    11431 ,    1386         ,
27 ,    3325 ,     qi ,    2 ,     190 ,     19704 ,    11571 ,    1400         ,
27 ,    3365 ,     qi ,    2 ,     304 ,     21806 ,    11673 ,    1538         ,
27 ,    3405 ,     qi ,    2 ,     382 ,     23334 ,    11787 ,    1625         ,
27 ,    3445 ,     qi ,    2 ,     382 ,     23614 ,    11927 ,    1625         ,
27 ,    3485 ,     qi ,    2 ,     382 ,     23894 ,    12067 ,    1652         ,
27 ,    3525 ,     qi ,    2 ,     382 ,     24174 ,    12207 ,    1811         ,
27 ,    3565 ,     qi ,    2 ,     382 ,     24454 ,    12347 ,    2020         ,
27 ,    3605 ,     qi ,    2 ,     382 ,     24734 ,    12487 ,    1703         ,
27 ,    3645 ,     qi ,    2 ,     382 ,     25014 ,    12627 ,    1704         ,
27 ,    3685 ,     qi ,    2 ,     382 ,     25294 ,    12767 ,    2012         ,
27 ,    3725 ,     qi ,    2 ,     382 ,     25574 ,    12907 ,    1757         ,
27 ,    3765 ,     qi ,    2 ,     382 ,     25854 ,    13047 ,    1704         ,
27 ,    3805 ,     qi ,    2 ,     382 ,     26134 ,    13187 ,    1869         ,
27 ,    3845 ,     qi ,    2 ,     382 ,     26414 ,    13327 ,    1719         ,
27 ,    3885 ,     qi ,    2 ,     382 ,     26694 ,    13467 ,    4470         ,
27 ,    3925 ,     qi ,    2 ,     382 ,     26974 ,    13607 ,    1992         ,
27 ,    3965 ,     qi ,    2 ,     382 ,     27254 ,    13747 ,    1888         ,
27 ,    4005 ,     qi ,    2 ,     382 ,     27534 ,    13887 ,    1964         ,
27 ,    4045 ,     qi ,    2 ,     382 ,     27814 ,    14027 ,    1995         ,
27 ,    4085 ,     qi ,    2 ,     382 ,     28094 ,    14167 ,    1983         ,
27 ,    4125 ,     qi ,    2 ,     382 ,     28374 ,    14307 ,    2184         ,
27 ,    4165 ,     qi ,    2 ,     382 ,     28654 ,    14447 ,    2167         ,
27 ,    4205 ,     qi ,    2 ,     382 ,     28934 ,    14587 ,    2082         ,
27 ,    4245 ,     qi ,    2 ,     382 ,     29214 ,    14727 ,    2104         ,
27 ,    4285 ,     qi ,    2 ,     382 ,     29494 ,    14867 ,    2370         ,
27 ,    4325 ,     qi ,    2 ,     382 ,     29774 ,    15007 ,    2159         ,
27 ,    4365 ,     qi ,    2 ,     382 ,     30054 ,    15147 ,    5975         ,
27 ,    4405 ,     qi ,    2 ,     382 ,     30334 ,    15287 ,    4848         ,
27 ,    4445 ,     qi ,    2 ,     382 ,     30614 ,    15427 ,    2384         ,
27 ,    4485 ,     qi ,    2 ,     382 ,     30894 ,    15567 ,    1998         ,
27 ,    4525 ,     qi ,    2 ,     382 ,     31174 ,    15707 ,    1985         ,
27 ,    4565 ,     qi ,    2 ,     382 ,     31454 ,    15847 ,    2022         ,
27 ,    4605 ,     qi ,    2 ,     382 ,     31734 ,    15987 ,    2045         ,
27 ,    4645 ,     qi ,    2 ,     382 ,     32014 ,    16127 ,    2150         ,
27 ,    4685 ,     qi ,    2 ,     382 ,     32294 ,    16267 ,    2132         ,
27 ,    4725 ,     qi ,    2 ,     382 ,     32574 ,    16407 ,    2333         ,
27 ,    4765 ,     qi ,    2 ,     382 ,     32854 ,    16547 ,    2221         ,
27 ,    4805 ,     qi ,    2 ,     382 ,     33134 ,    16687 ,    2269         ,
27 ,    4845 ,     qi ,    2 ,     382 ,     33414 ,    16827 ,    2331         ,
27 ,    4885 ,     qi ,    2 ,     382 ,     33694 ,    16967 ,    2360         ,
27 ,    4925 ,     qi ,    2 ,     382 ,     33974 ,    17107 ,    4333         ,
27 ,    4965 ,     qi ,    2 ,     382 ,     34254 ,    17247 ,    2413         ,
27 ,    5 ,     qi ,    3 ,     4 ,     4 ,    12 ,    4         ,
27 ,    45 ,     qi ,    3 ,     4 ,     180 ,    238 ,    26         ,
27 ,    85 ,     qi ,    3 ,     7 ,     180 ,    334 ,    33         ,
27 ,    125 ,     qi ,    3 ,     7 ,     490 ,    806 ,    72         ,
27 ,    165 ,     qi ,    3 ,     13 ,     396 ,    936 ,    77         ,
27 ,    205 ,     qi ,    3 ,     19 ,     451 ,    1163 ,    104         ,
27 ,    245 ,     qi ,    3 ,     19 ,     502 ,    1392 ,    117         ,
27 ,    285 ,     qi ,    3 ,     19 ,     630 ,    1752 ,    127         ,
27 ,    325 ,     qi ,    3 ,     28 ,     571 ,    2030 ,    168         ,
27 ,    365 ,     qi ,    3 ,     28 ,     779 ,    2392 ,    176         ,
27 ,    405 ,     qi ,    3 ,     34 ,     830 ,    2807 ,    202         ,
27 ,    445 ,     qi ,    3 ,     37 ,     882 ,    3130 ,    226         ,
27 ,    485 ,     qi ,    3 ,     40 ,     1051 ,    3501 ,    254         ,
27 ,    525 ,     qi ,    3 ,     43 ,     944 ,    3684 ,    257         ,
27 ,    565 ,     qi ,    3 ,     40 ,     1050 ,    4041 ,    278         ,
27 ,    605 ,     qi ,    3 ,     43 ,     1184 ,    4259 ,    291         ,
27 ,    645 ,     qi ,    3 ,     55 ,     1252 ,    4799 ,    242         ,
27 ,    685 ,     qi ,    3 ,     55 ,     1199 ,    5212 ,    588         ,
27 ,    725 ,     qi ,    3 ,     55 ,     1402 ,    5657 ,    537         ,
27 ,    765 ,     qi ,    3 ,     67 ,     1444 ,    6239 ,    431         ,
27 ,    805 ,     qi ,    3 ,     73 ,     1481 ,    6729 ,    453         ,
27 ,    845 ,     qi ,    3 ,     67 ,     1521 ,    6847 ,    461         ,
27 ,    885 ,     qi ,    3 ,     73 ,     1660 ,    7444 ,    537         ,
27 ,    925 ,     qi ,    3 ,     76 ,     1749 ,    7889 ,    548         ,
27 ,    965 ,     qi ,    3 ,     73 ,     1815 ,    8157 ,    578         ,
27 ,    1005 ,     qi ,    3 ,     82 ,     1798 ,    8523 ,    592         ,
27 ,    1045 ,     qi ,    3 ,     79 ,     1854 ,    8733 ,    601         ,
27 ,    1085 ,     qi ,    3 ,     85 ,     2065 ,    9193 ,    656         ,
27 ,    1125 ,     qi ,    3 ,     85 ,     1938 ,    9545 ,    653         ,
27 ,    1165 ,     qi ,    3 ,     85 ,     2066 ,    9921 ,    671         ,
27 ,    1205 ,     qi ,    3 ,     85 ,     2170 ,    10318 ,    692         ,
27 ,    1245 ,     qi ,    3 ,     109 ,     2173 ,    11224 ,    770         ,
27 ,    1285 ,     qi ,    3 ,     109 ,     2316 ,    11628 ,    781         ,
27 ,    1325 ,     qi ,    3 ,     112 ,     2299 ,    11745 ,    818         ,
27 ,    1365 ,     qi ,    3 ,     112 ,     2510 ,    12444 ,    849         ,
27 ,    1405 ,     qi ,    3 ,     112 ,     2573 ,    12798 ,    868         ,
27 ,    1445 ,     qi ,    3 ,     109 ,     2839 ,    12968 ,    1061         ,
27 ,    1485 ,     qi ,    3 ,     139 ,     2544 ,    14032 ,    965         ,
27 ,    1525 ,     qi ,    3 ,     133 ,     2751 ,    14513 ,    998         ,
27 ,    1565 ,     qi ,    3 ,     121 ,     3118 ,    14507 ,    1014         ,
27 ,    1605 ,     qi ,    3 ,     139 ,     2787 ,    15138 ,    1045         ,
27 ,    1645 ,     qi ,    3 ,     136 ,     3084 ,    15677 ,    1106         ,
27 ,    1685 ,     qi ,    3 ,     139 ,     2843 ,    15922 ,    1123         ,
27 ,    1725 ,     qi ,    3 ,     154 ,     2907 ,    16653 ,    1219         ,
27 ,    1765 ,     qi ,    3 ,     157 ,     3022 ,    17336 ,    1276         ,
27 ,    1805 ,     qi ,    3 ,     151 ,     3125 ,    17411 ,    1219         ,
27 ,    1845 ,     qi ,    3 ,     169 ,     3427 ,    18209 ,    1236         ,
27 ,    1885 ,     qi ,    3 ,     172 ,     3718 ,    18508 ,    1268         ,
27 ,    1925 ,     qi ,    3 ,     169 ,     3571 ,    18978 ,    1291         ,
27 ,    1965 ,     qi ,    3 ,     169 ,     3560 ,    19469 ,    1340         ,
27 ,    2005 ,     qi ,    3 ,     169 ,     3660 ,    19849 ,    1363         ,
27 ,    2045 ,     qi ,    3 ,     172 ,     4502 ,    20126 ,    1422         ,
27 ,    2085 ,     qi ,    3 ,     172 ,     3533 ,    20564 ,    1593         ,
27 ,    2125 ,     qi ,    3 ,     175 ,     3896 ,    21007 ,    1594         ,
27 ,    2165 ,     qi ,    3 ,     169 ,     3661 ,    21393 ,    4378         ,
27 ,    2205 ,     qi ,    3 ,     157 ,     3941 ,    21682 ,    1523         ,
27 ,    2245 ,     qi ,    3 ,     169 ,     4198 ,    22320 ,    1591         ,
27 ,    2285 ,     qi ,    3 ,     172 ,     4121 ,    22854 ,    1611         ,
27 ,    2325 ,     qi ,    3 ,     157 ,     3970 ,    22660 ,    1557         ,
27 ,    2365 ,     qi ,    3 ,     175 ,     4387 ,    23498 ,    1632         ,
27 ,    2405 ,     qi ,    3 ,     175 ,     4093 ,    23911 ,    3710         ,
27 ,    2445 ,     qi ,    3 ,     172 ,     4129 ,    24119 ,    1640         ,
27 ,    2485 ,     qi ,    3 ,     172 ,     4221 ,    24495 ,    1658         ,
27 ,    2525 ,     qi ,    3 ,     217 ,     4336 ,    26459 ,    1959         ,
27 ,    2565 ,     qi ,    3 ,     223 ,     4254 ,    26628 ,    1935         ,
27 ,    2605 ,     qi ,    3 ,     232 ,     4862 ,    27129 ,    2054         ,
27 ,    2645 ,     qi ,    3 ,     223 ,     4905 ,    27407 ,    1943         ,
27 ,    2685 ,     qi ,    3 ,     223 ,     4491 ,    28022 ,    2054         ,
27 ,    2725 ,     qi ,    3 ,     229 ,     4716 ,    28646 ,    1976         ,
27 ,    2765 ,     qi ,    3 ,     223 ,     5144 ,    28851 ,    1938         ,
27 ,    2805 ,     qi ,    3 ,     226 ,     5178 ,    29510 ,    1982         ,
27 ,    2845 ,     qi ,    3 ,     220 ,     5601 ,    29744 ,    2055         ,
27 ,    2885 ,     qi ,    3 ,     226 ,     4793 ,    30135 ,    2026         ,
27 ,    2925 ,     qi ,    3 ,     223 ,     5428 ,    30413 ,    2158         ,
27 ,    2965 ,     qi ,    3 ,     229 ,     5054 ,    31196 ,    2159         ,
27 ,    3005 ,     qi ,    3 ,     223 ,     5525 ,    31389 ,    1513         ,
27 ,    3045 ,     qi ,    3 ,     223 ,     5663 ,    31803 ,    1496         ,
27 ,    3085 ,     qi ,    3 ,     223 ,     5720 ,    32226 ,    1942         ,
27 ,    3125 ,     qi ,    3 ,     277 ,     5461 ,    34046 ,    1972         ,
27 ,    3165 ,     qi ,    3 ,     301 ,     5309 ,    35081 ,    2489         ,
27 ,    3205 ,     qi ,    3 ,     271 ,     5446 ,    34938 ,    2250         ,
27 ,    3245 ,     qi ,    3 ,     301 ,     5371 ,    36208 ,    2467         ,
27 ,    3285 ,     qi ,    3 ,     307 ,     5416 ,    36491 ,    2471         ,
27 ,    3325 ,     qi ,    3 ,     301 ,     5763 ,    36935 ,    2629         ,
27 ,    3365 ,     qi ,    3 ,     277 ,     5779 ,    36808 ,    5355         ,
27 ,    3405 ,     qi ,    3 ,     304 ,     5537 ,    37819 ,    2740         ,
27 ,    3445 ,     qi ,    3 ,     283 ,     5788 ,    37452 ,    2547         ,
27 ,    3485 ,     qi ,    3 ,     304 ,     5676 ,    38805 ,    2240         ,
27 ,    3525 ,     qi ,    3 ,     304 ,     6186 ,    39377 ,    1801         ,
27 ,    3565 ,     qi ,    3 ,     337 ,     6533 ,    40431 ,    1850         ,
27 ,    3605 ,     qi ,    3 ,     307 ,     6244 ,    40264 ,    1839         ,
27 ,    3645 ,     qi ,    3 ,     337 ,     6724 ,    41361 ,    1992         ,
27 ,    3685 ,     qi ,    3 ,     304 ,     6331 ,    41296 ,    1912         ,
27 ,    3725 ,     qi ,    3 ,     304 ,     6468 ,    41668 ,    1911         ,
27 ,    3765 ,     qi ,    3 ,     337 ,     7033 ,    42765 ,    2067         ,
27 ,    3805 ,     qi ,    3 ,     307 ,     6330 ,    42317 ,    1935         ,
27 ,    3845 ,     qi ,    3 ,     304 ,     6622 ,    43086 ,    1929         ,
27 ,    3885 ,     qi ,    3 ,     346 ,     7503 ,    44088 ,    1942         ,
27 ,    3925 ,     qi ,    3 ,     343 ,     6529 ,    44605 ,    1995         ,
27 ,    3965 ,     qi ,    3 ,     340 ,     7268 ,    44964 ,    2180         ,
27 ,    4005 ,     qi ,    3 ,     337 ,     6842 ,    45533 ,    2075         ,
27 ,    4045 ,     qi ,    3 ,     307 ,     6710 ,    45128 ,    1951         ,
27 ,    4085 ,     qi ,    3 ,     304 ,     7100 ,    45701 ,    1977         ,
27 ,    4125 ,     qi ,    3 ,     307 ,     6966 ,    46026 ,    2105         ,
27 ,    4165 ,     qi ,    3 ,     346 ,     7419 ,    47566 ,    2057         ,
27 ,    4205 ,     qi ,    3 ,     340 ,     7207 ,    48064 ,    2087         ,
27 ,    4245 ,     qi ,    3 ,     343 ,     7157 ,    48212 ,    2089         ,
27 ,    4285 ,     qi ,    3 ,     340 ,     7861 ,    48873 ,    2073         ,
27 ,    4325 ,     qi ,    3 ,     346 ,     7508 ,    49493 ,    2253         ,
27 ,    4365 ,     qi ,    3 ,     340 ,     7243 ,    49716 ,    2153         ,
27 ,    4405 ,     qi ,    3 ,     343 ,     8254 ,    49872 ,    2243         ,
27 ,    4445 ,     qi ,    3 ,     343 ,     7992 ,    50565 ,    2178         ,
27 ,    4485 ,     qi ,    3 ,     349 ,     8034 ,    50963 ,    2196         ,
27 ,    4525 ,     qi ,    3 ,     340 ,     7589 ,    51504 ,    2238         ,
27 ,    4565 ,     qi ,    3 ,     349 ,     8209 ,    51941 ,    2218         ,
27 ,    4605 ,     qi ,    3 ,     349 ,     8348 ,    52516 ,    2243         ,
27 ,    4645 ,     qi ,    3 ,     346 ,     9109 ,    52826 ,    2384         ,
27 ,    4685 ,     qi ,    3 ,     361 ,     8256 ,    53717 ,    2311         ,
27 ,    4725 ,     qi ,    3 ,     319 ,     8090 ,    53112 ,    3880         ,
27 ,    4765 ,     qi ,    3 ,     355 ,     8109 ,    54463 ,    2351         ,
27 ,    4805 ,     qi ,    3 ,     343 ,     8050 ,    54714 ,    3864         ,
27 ,    4845 ,     qi ,    3 ,     343 ,     8094 ,    55134 ,    2373         ,
27 ,    4885 ,     qi ,    3 ,     349 ,     8215 ,    55826 ,    2400         ,
27 ,    4925 ,     qi ,    3 ,     352 ,     8995 ,    56049 ,    2367         ,
27 ,    4965 ,     qi ,    3 ,     349 ,     9162 ,    56584 ,    2432         ,
27 ,    5 ,     qi ,    4 ,     4 ,     6 ,    9 ,    4         ,
27 ,    45 ,     qi ,    4 ,     4 ,     359 ,    382 ,    29         ,
27 ,    85 ,     qi ,    4 ,     7 ,     417 ,    570 ,    46         ,
27 ,    125 ,     qi ,    4 ,     7 ,     905 ,    1126 ,    81         ,
27 ,    165 ,     qi ,    4 ,     13 ,     951 ,    1179 ,    92         ,
27 ,    205 ,     qi ,    4 ,     16 ,     977 ,    1300 ,    102         ,
27 ,    245 ,     qi ,    4 ,     22 ,     1020 ,    1504 ,    116         ,
27 ,    285 ,     qi ,    4 ,     25 ,     1203 ,    1800 ,    137         ,
27 ,    325 ,     qi ,    4 ,     28 ,     1310 ,    2174 ,    156         ,
27 ,    365 ,     qi ,    4 ,     34 ,     1637 ,    2658 ,    272         ,
27 ,    405 ,     qi ,    4 ,     31 ,     1771 ,    2872 ,    210         ,
27 ,    445 ,     qi ,    4 ,     40 ,     1632 ,    3197 ,    222         ,
27 ,    485 ,     qi ,    4 ,     46 ,     1510 ,    3260 ,    225         ,
27 ,    525 ,     qi ,    4 ,     46 ,     2050 ,    3529 ,    249         ,
27 ,    565 ,     qi ,    4 ,     46 ,     2037 ,    4251 ,    279         ,
27 ,    605 ,     qi ,    4 ,     52 ,     2256 ,    4600 ,    310         ,
27 ,    645 ,     qi ,    4 ,     49 ,     2777 ,    4912 ,    329         ,
27 ,    685 ,     qi ,    4 ,     61 ,     2288 ,    5125 ,    340         ,
27 ,    725 ,     qi ,    4 ,     58 ,     2403 ,    5281 ,    350         ,
27 ,    765 ,     qi ,    4 ,     64 ,     2739 ,    5855 ,    387         ,
27 ,    805 ,     qi ,    4 ,     73 ,     2373 ,    6166 ,    397         ,
27 ,    845 ,     qi ,    4 ,     64 ,     2541 ,    6363 ,    420         ,
27 ,    885 ,     qi ,    4 ,     73 ,     3043 ,    6872 ,    437         ,
27 ,    925 ,     qi ,    4 ,     85 ,     3236 ,    7340 ,    465         ,
27 ,    965 ,     qi ,    4 ,     85 ,     2895 ,    7521 ,    472         ,
27 ,    1005 ,     qi ,    4 ,     79 ,     3135 ,    7926 ,    498         ,
27 ,    1045 ,     qi ,    4 ,     85 ,     3545 ,    7826 ,    498         ,
27 ,    1085 ,     qi ,    4 ,     88 ,     3284 ,    8609 ,    644         ,
27 ,    1125 ,     qi ,    4 ,     106 ,     3308 ,    8945 ,    545         ,
27 ,    1165 ,     qi ,    4 ,     103 ,     3301 ,    9729 ,    604         ,
27 ,    1205 ,     qi ,    4 ,     106 ,     3616 ,    9846 ,    609         ,
27 ,    1245 ,     qi ,    4 ,     109 ,     3588 ,    9972 ,    622         ,
27 ,    1285 ,     qi ,    4 ,     100 ,     3731 ,    10506 ,    650         ,
27 ,    1325 ,     qi ,    4 ,     97 ,     3817 ,    10884 ,    677         ,
27 ,    1365 ,     qi ,    4 ,     115 ,     3938 ,    11692 ,    718         ,
27 ,    1405 ,     qi ,    4 ,     121 ,     4837 ,    11637 ,    723         ,
27 ,    1445 ,     qi ,    4 ,     127 ,     4101 ,    12430 ,    740         ,
27 ,    1485 ,     qi ,    4 ,     124 ,     4336 ,    12676 ,    760         ,
27 ,    1525 ,     qi ,    4 ,     115 ,     4564 ,    13018 ,    893         ,
27 ,    1565 ,     qi ,    4 ,     121 ,     4731 ,    13474 ,    806         ,
27 ,    1605 ,     qi ,    4 ,     130 ,     4158 ,    13763 ,    809         ,
27 ,    1645 ,     qi ,    4 ,     142 ,     5161 ,    14154 ,    844         ,
27 ,    1685 ,     qi ,    4 ,     145 ,     6645 ,    14596 ,    887         ,
27 ,    1725 ,     qi ,    4 ,     148 ,     4967 ,    14791 ,    978         ,
27 ,    1765 ,     qi ,    4 ,     148 ,     5235 ,    15677 ,    929         ,
27 ,    1805 ,     qi ,    4 ,     157 ,     5298 ,    16363 ,    965         ,
27 ,    1845 ,     qi ,    4 ,     157 ,     4846 ,    15945 ,    1117         ,
27 ,    1885 ,     qi ,    4 ,     154 ,     7086 ,    16601 ,    997         ,
27 ,    1925 ,     qi ,    4 ,     172 ,     5837 ,    17678 ,    1041         ,
27 ,    1965 ,     qi ,    4 ,     160 ,     5507 ,    17858 ,    1077         ,
27 ,    2005 ,     qi ,    4 ,     169 ,     6130 ,    18154 ,    1055         ,
27 ,    2045 ,     qi ,    4 ,     169 ,     5703 ,    18847 ,    1100         ,
27 ,    2085 ,     qi ,    4 ,     199 ,     5913 ,    19368 ,    1122         ,
27 ,    2125 ,     qi ,    4 ,     187 ,     6709 ,    19489 ,    1103         ,
27 ,    2165 ,     qi ,    4 ,     163 ,     8112 ,    19604 ,    1143         ,
27 ,    2205 ,     qi ,    4 ,     166 ,     7977 ,    19597 ,    1174         ,
27 ,    2245 ,     qi ,    4 ,     184 ,     6043 ,    20754 ,    1618         ,
27 ,    2285 ,     qi ,    4 ,     205 ,     6684 ,    21522 ,    1241         ,
27 ,    2325 ,     qi ,    4 ,     196 ,     6881 ,    21938 ,    1335         ,
27 ,    2365 ,     qi ,    4 ,     193 ,     8491 ,    21852 ,    1265         ,
27 ,    2405 ,     qi ,    4 ,     205 ,     6566 ,    22614 ,    1290         ,
27 ,    2445 ,     qi ,    4 ,     211 ,     6266 ,    23224 ,    1472         ,
27 ,    2485 ,     qi ,    4 ,     196 ,     6694 ,    23372 ,    1361         ,
27 ,    2525 ,     qi ,    4 ,     193 ,     7071 ,    23431 ,    1333         ,
27 ,    2565 ,     qi ,    4 ,     223 ,     7778 ,    24425 ,    1398         ,
27 ,    2605 ,     qi ,    4 ,     235 ,     8623 ,    24855 ,    1425         ,
27 ,    2645 ,     qi ,    4 ,     208 ,     7255 ,    25039 ,    1430         ,
27 ,    2685 ,     qi ,    4 ,     211 ,     8413 ,    25835 ,    1463         ,
27 ,    2725 ,     qi ,    4 ,     223 ,     7247 ,    26559 ,    1500         ,
27 ,    2765 ,     qi ,    4 ,     244 ,     7596 ,    26977 ,    1649         ,
27 ,    2805 ,     qi ,    4 ,     259 ,     8959 ,    27439 ,    1805         ,
27 ,    2845 ,     qi ,    4 ,     208 ,     7985 ,    27207 ,    4220         ,
27 ,    2885 ,     qi ,    4 ,     211 ,     8496 ,    27131 ,    1549         ,
27 ,    2925 ,     qi ,    4 ,     223 ,     7911 ,    28715 ,    1598         ,
27 ,    2965 ,     qi ,    4 ,     238 ,     7972 ,    28763 ,    1606         ,
27 ,    3005 ,     qi ,    4 ,     256 ,     9581 ,    29837 ,    1654         ,
27 ,    3045 ,     qi ,    4 ,     241 ,     8184 ,    29381 ,    1653         ,
27 ,    3085 ,     qi ,    4 ,     265 ,     8654 ,    30488 ,    1708         ,
27 ,    3125 ,     qi ,    4 ,     271 ,     8089 ,    31062 ,    1752         ,
27 ,    3165 ,     qi ,    4 ,     253 ,     8550 ,    30771 ,    1736         ,
27 ,    3205 ,     qi ,    4 ,     301 ,     9171 ,    32504 ,    1807         ,
27 ,    3245 ,     qi ,    4 ,     283 ,     10818 ,    32468 ,    1806         ,
27 ,    3285 ,     qi ,    4 ,     274 ,     10271 ,    32500 ,    1792         ,
27 ,    3325 ,     qi ,    4 ,     259 ,     9777 ,    32898 ,    2214         ,
27 ,    3365 ,     qi ,    4 ,     295 ,     11962 ,    33644 ,    2584         ,
27 ,    3405 ,     qi ,    4 ,     259 ,     10577 ,    33645 ,    1910         ,
27 ,    3445 ,     qi ,    4 ,     292 ,     9169 ,    34615 ,    2032         ,
27 ,    3485 ,     qi ,    4 ,     274 ,     9599 ,    34590 ,    2034         ,
27 ,    3525 ,     qi ,    4 ,     298 ,     9560 ,    36100 ,    1965         ,
27 ,    3565 ,     qi ,    4 ,     322 ,     8962 ,    37281 ,    2025         ,
27 ,    3605 ,     qi ,    4 ,     313 ,     12443 ,    36322 ,    17574         ,
27 ,    3645 ,     qi ,    4 ,     292 ,     11574 ,    36638 ,    2121         ,
27 ,    3685 ,     qi ,    4 ,     322 ,     9827 ,    38104 ,    2367         ,
27 ,    3725 ,     qi ,    4 ,     331 ,     12376 ,    38152 ,    2507         ,
27 ,    3765 ,     qi ,    4 ,     316 ,     10972 ,    38687 ,    2279         ,
27 ,    3805 ,     qi ,    4 ,     334 ,     9551 ,    39835 ,    2158         ,
27 ,    3845 ,     qi ,    4 ,     322 ,     9844 ,    39839 ,    2148         ,
27 ,    3885 ,     qi ,    4 ,     292 ,     11340 ,    38980 ,    2155         ,
27 ,    3925 ,     qi ,    4 ,     358 ,     11462 ,    40932 ,    2240         ,
27 ,    3965 ,     qi ,    4 ,     343 ,     12207 ,    41179 ,    2257         ,
27 ,    4005 ,     qi ,    4 ,     340 ,     10793 ,    42047 ,    2402         ,
27 ,    4045 ,     qi ,    4 ,     361 ,     10476 ,    43167 ,    2316         ,
27 ,    4085 ,     qi ,    4 ,     352 ,     11225 ,    43189 ,    2360         ,
27 ,    4125 ,     qi ,    4 ,     370 ,     10994 ,    43775 ,    2556         ,
27 ,    4165 ,     qi ,    4 ,     355 ,     11283 ,    43540 ,    2348         ,
27 ,    4205 ,     qi ,    4 ,     358 ,     13287 ,    43818 ,    2370         ,
27 ,    4245 ,     qi ,    4 ,     382 ,     11928 ,    45133 ,    2442         ,
27 ,    4285 ,     qi ,    4 ,     385 ,     11181 ,    45965 ,    2455         ,
27 ,    4325 ,     qi ,    4 ,     388 ,     11111 ,    46624 ,    2501         ,
27 ,    4365 ,     qi ,    4 ,     367 ,     13733 ,    45744 ,    20042         ,
27 ,    4405 ,     qi ,    4 ,     370 ,     12588 ,    46543 ,    2586         ,
27 ,    4445 ,     qi ,    4 ,     400 ,     11935 ,    47839 ,    2567         ,
27 ,    4485 ,     qi ,    4 ,     391 ,     12283 ,    48041 ,    2743         ,
27 ,    4525 ,     qi ,    4 ,     376 ,     14454 ,    47638 ,    2574         ,
27 ,    4565 ,     qi ,    4 ,     388 ,     13409 ,    48729 ,    2915         ,
27 ,    4605 ,     qi ,    4 ,     397 ,     12096 ,    49637 ,    2676         ,
27 ,    4645 ,     qi ,    4 ,     370 ,     14331 ,    48946 ,    2715         ,
27 ,    4685 ,     qi ,    4 ,     364 ,     17219 ,    48182 ,    2765         ,
27 ,    4725 ,     qi ,    4 ,     370 ,     13534 ,    50283 ,    2833         ,
27 ,    4765 ,     qi ,    4 ,     376 ,     13013 ,    50303 ,    2717         ,
27 ,    4805 ,     qi ,    4 ,     349 ,     15925 ,    49500 ,    2706         ,
27 ,    4845 ,     qi ,    4 ,     397 ,     19116 ,    51148 ,    2804         ,
27 ,    4885 ,     qi ,    4 ,     421 ,     12780 ,    53345 ,    8159         ,
27 ,    4925 ,     qi ,    4 ,     409 ,     12807 ,    52890 ,    2844         ,
27 ,    4965 ,     qi ,    4 ,     400 ,     14544 ,    53149 ,    2981         ,


