SEED ,  SIZE ,  ALG ,  TYPE ,  CALLS ,  CMP ,     MOVE ,    TIME              ,
27 ,    5 ,     rx ,    0 ,     0 ,     0 ,    0 ,    5         ,
27 ,    45 ,     rx ,    0 ,     0 ,     0 ,    0 ,    18         ,
27 ,    85 ,     rx ,    0 ,     0 ,     0 ,    0 ,    30         ,
27 ,    125 ,     rx ,    0 ,     0 ,     0 ,    0 ,    58         ,
27 ,    165 ,     rx ,    0 ,     0 ,     0 ,    0 ,    78         ,
27 ,    205 ,     rx ,    0 ,     0 ,     0 ,    0 ,    96         ,
27 ,    245 ,     rx ,    0 ,     0 ,     0 ,    0 ,    112         ,
27 ,    285 ,     rx ,    0 ,     0 ,     0 ,    0 ,    129         ,
27 ,    325 ,     rx ,    0 ,     0 ,     0 ,    0 ,    148         ,
27 ,    365 ,     rx ,    0 ,     0 ,     0 ,    0 ,    166         ,
27 ,    405 ,     rx ,    0 ,     0 ,     0 ,    0 ,    182         ,
27 ,    445 ,     rx ,    0 ,     0 ,     0 ,    0 ,    218         ,
27 ,    485 ,     rx ,    0 ,     0 ,     0 ,    0 ,    219         ,
27 ,    525 ,     rx ,    0 ,     0 ,     0 ,    0 ,    236         ,
27 ,    565 ,     rx ,    0 ,     0 ,     0 ,    0 ,    252         ,
27 ,    605 ,     rx ,    0 ,     0 ,     0 ,    0 ,    271         ,
27 ,    645 ,     rx ,    0 ,     0 ,     0 ,    0 ,    309         ,
27 ,    685 ,     rx ,    0 ,     0 ,     0 ,    0 ,    306         ,
27 ,    725 ,     rx ,    0 ,     0 ,     0 ,    0 ,    324         ,
27 ,    765 ,     rx ,    0 ,     0 ,     0 ,    0 ,    348         ,
27 ,    805 ,     rx ,    0 ,     0 ,     0 ,    0 ,    366         ,
27 ,    845 ,     rx ,    0 ,     0 ,     0 ,    0 ,    384         ,
27 ,    885 ,     rx ,    0 ,     0 ,     0 ,    0 ,    401         ,
27 ,    925 ,     rx ,    0 ,     0 ,     0 ,    0 ,    450         ,
27 ,    965 ,     rx ,    0 ,     0 ,     0 ,    0 ,    469         ,
27 ,    1005 ,     rx ,    0 ,     0 ,     0 ,    0 ,    621         ,
27 ,    1045 ,     rx ,    0 ,     0 ,     0 ,    0 ,    686         ,
27 ,    1085 ,     rx ,    0 ,     0 ,     0 ,    0 ,    663         ,
27 ,    1125 ,     rx ,    0 ,     0 ,     0 ,    0 ,    671         ,
27 ,    1165 ,     rx ,    0 ,     0 ,     0 ,    0 ,    3131         ,
27 ,    1205 ,     rx ,    0 ,     0 ,     0 ,    0 ,    760         ,
27 ,    1245 ,     rx ,    0 ,     0 ,     0 ,    0 ,    747         ,
27 ,    1285 ,     rx ,    0 ,     0 ,     0 ,    0 ,    786         ,
27 ,    1325 ,     rx ,    0 ,     0 ,     0 ,    0 ,    791         ,
27 ,    1365 ,     rx ,    0 ,     0 ,     0 ,    0 ,    812         ,
27 ,    1405 ,     rx ,    0 ,     0 ,     0 ,    0 ,    2626         ,
27 ,    1445 ,     rx ,    0 ,     0 ,     0 ,    0 ,    860         ,
27 ,    1485 ,     rx ,    0 ,     0 ,     0 ,    0 ,    883         ,
27 ,    1525 ,     rx ,    0 ,     0 ,     0 ,    0 ,    911         ,
27 ,    1565 ,     rx ,    0 ,     0 ,     0 ,    0 ,    933         ,
27 ,    1605 ,     rx ,    0 ,     0 ,     0 ,    0 ,    980         ,
27 ,    1645 ,     rx ,    0 ,     0 ,     0 ,    0 ,    978         ,
27 ,    1685 ,     rx ,    0 ,     0 ,     0 ,    0 ,    1020         ,
27 ,    1725 ,     rx ,    0 ,     0 ,     0 ,    0 ,    1025         ,
27 ,    1765 ,     rx ,    0 ,     0 ,     0 ,    0 ,    1047         ,
27 ,    1805 ,     rx ,    0 ,     0 ,     0 ,    0 ,    1093         ,
27 ,    1845 ,     rx ,    0 ,     0 ,     0 ,    0 ,    1096         ,
27 ,    1885 ,     rx ,    0 ,     0 ,     0 ,    0 ,    1123         ,
27 ,    1925 ,     rx ,    0 ,     0 ,     0 ,    0 ,    1145         ,
27 ,    1965 ,     rx ,    0 ,     0 ,     0 ,    0 ,    1167         ,
27 ,    2005 ,     rx ,    0 ,     0 ,     0 ,    0 ,    1213         ,
27 ,    2045 ,     rx ,    0 ,     0 ,     0 ,    0 ,    1215         ,
27 ,    2085 ,     rx ,    0 ,     0 ,     0 ,    0 ,    1240         ,
27 ,    2125 ,     rx ,    0 ,     0 ,     0 ,    0 ,    1287         ,
27 ,    2165 ,     rx ,    0 ,     0 ,     0 ,    0 ,    1287         ,
27 ,    2205 ,     rx ,    0 ,     0 ,     0 ,    0 ,    1462         ,
27 ,    2245 ,     rx ,    0 ,     0 ,     0 ,    0 ,    1334         ,
27 ,    2285 ,     rx ,    0 ,     0 ,     0 ,    0 ,    1366         ,
27 ,    2325 ,     rx ,    0 ,     0 ,     0 ,    0 ,    1380         ,
27 ,    2365 ,     rx ,    0 ,     0 ,     0 ,    0 ,    1401         ,
27 ,    2405 ,     rx ,    0 ,     0 ,     0 ,    0 ,    1428         ,
27 ,    2445 ,     rx ,    0 ,     0 ,     0 ,    0 ,    1453         ,
27 ,    2485 ,     rx ,    0 ,     0 ,     0 ,    0 ,    1597         ,
27 ,    2525 ,     rx ,    0 ,     0 ,     0 ,    0 ,    1498         ,
27 ,    2565 ,     rx ,    0 ,     0 ,     0 ,    0 ,    3549         ,
27 ,    2605 ,     rx ,    0 ,     0 ,     0 ,    0 ,    1567         ,
27 ,    2645 ,     rx ,    0 ,     0 ,     0 ,    0 ,    1569         ,
27 ,    2685 ,     rx ,    0 ,     0 ,     0 ,    0 ,    1634         ,
27 ,    2725 ,     rx ,    0 ,     0 ,     0 ,    0 ,    1620         ,
27 ,    2765 ,     rx ,    0 ,     0 ,     0 ,    0 ,    1647         ,
27 ,    2805 ,     rx ,    0 ,     0 ,     0 ,    0 ,    1690         ,
27 ,    2845 ,     rx ,    0 ,     0 ,     0 ,    0 ,    1694         ,
27 ,    2885 ,     rx ,    0 ,     0 ,     0 ,    0 ,    1716         ,
27 ,    2925 ,     rx ,    0 ,     0 ,     0 ,    0 ,    1734         ,
27 ,    2965 ,     rx ,    0 ,     0 ,     0 ,    0 ,    3598         ,
27 ,    3005 ,     rx ,    0 ,     0 ,     0 ,    0 ,    1782         ,
27 ,    3045 ,     rx ,    0 ,     0 ,     0 ,    0 ,    1917         ,
27 ,    3085 ,     rx ,    0 ,     0 ,     0 ,    0 ,    1823         ,
27 ,    3125 ,     rx ,    0 ,     0 ,     0 ,    0 ,    1854         ,
27 ,    3165 ,     rx ,    0 ,     0 ,     0 ,    0 ,    1998         ,
27 ,    3205 ,     rx ,    0 ,     0 ,     0 ,    0 ,    1918         ,
27 ,    3245 ,     rx ,    0 ,     0 ,     0 ,    0 ,    1946         ,
27 ,    3285 ,     rx ,    0 ,     0 ,     0 ,    0 ,    1952         ,
27 ,    3325 ,     rx ,    0 ,     0 ,     0 ,    0 ,    1993         ,
27 ,    3365 ,     rx ,    0 ,     0 ,     0 ,    0 ,    2110         ,
27 ,    3405 ,     rx ,    0 ,     0 ,     0 ,    0 ,    2016         ,
27 ,    3445 ,     rx ,    0 ,     0 ,     0 ,    0 ,    2074         ,
27 ,    3485 ,     rx ,    0 ,     0 ,     0 ,    0 ,    2203         ,
27 ,    3525 ,     rx ,    0 ,     0 ,     0 ,    0 ,    2091         ,
27 ,    3565 ,     rx ,    0 ,     0 ,     0 ,    0 ,    2308         ,
27 ,    3605 ,     rx ,    0 ,     0 ,     0 ,    0 ,    2135         ,
27 ,    3645 ,     rx ,    0 ,     0 ,     0 ,    0 ,    2166         ,
27 ,    3685 ,     rx ,    0 ,     0 ,     0 ,    0 ,    2590         ,
27 ,    3725 ,     rx ,    0 ,     0 ,     0 ,    0 ,    2243         ,
27 ,    3765 ,     rx ,    0 ,     0 ,     0 ,    0 ,    2232         ,
27 ,    3805 ,     rx ,    0 ,     0 ,     0 ,    0 ,    2453         ,
27 ,    3845 ,     rx ,    0 ,     0 ,     0 ,    0 ,    2307         ,
27 ,    3885 ,     rx ,    0 ,     0 ,     0 ,    0 ,    36193         ,
27 ,    3925 ,     rx ,    0 ,     0 ,     0 ,    0 ,    2352         ,
27 ,    3965 ,     rx ,    0 ,     0 ,     0 ,    0 ,    2462         ,
27 ,    4005 ,     rx ,    0 ,     0 ,     0 ,    0 ,    2408         ,
27 ,    4045 ,     rx ,    0 ,     0 ,     0 ,    0 ,    2400         ,
27 ,    4085 ,     rx ,    0 ,     0 ,     0 ,    0 ,    2656         ,
27 ,    4125 ,     rx ,    0 ,     0 ,     0 ,    0 ,    2468         ,
27 ,    4165 ,     rx ,    0 ,     0 ,     0 ,    0 ,    2501         ,
27 ,    4205 ,     rx ,    0 ,     0 ,     0 ,    0 ,    2492         ,
27 ,    4245 ,     rx ,    0 ,     0 ,     0 ,    0 ,    2539         ,
27 ,    4285 ,     rx ,    0 ,     0 ,     0 ,    0 ,    2511         ,
27 ,    4325 ,     rx ,    0 ,     0 ,     0 ,    0 ,    2554         ,
27 ,    4365 ,     rx ,    0 ,     0 ,     0 ,    0 ,    2602         ,
27 ,    4405 ,     rx ,    0 ,     0 ,     0 ,    0 ,    2636         ,
27 ,    4445 ,     rx ,    0 ,     0 ,     0 ,    0 ,    2587         ,
27 ,    4485 ,     rx ,    0 ,     0 ,     0 ,    0 ,    2734         ,
27 ,    4525 ,     rx ,    0 ,     0 ,     0 ,    0 ,    2666         ,
27 ,    4565 ,     rx ,    0 ,     0 ,     0 ,    0 ,    2659         ,
27 ,    4605 ,     rx ,    0 ,     0 ,     0 ,    0 ,    2945         ,
27 ,    4645 ,     rx ,    0 ,     0 ,     0 ,    0 ,    2800         ,
27 ,    4685 ,     rx ,    0 ,     0 ,     0 ,    0 ,    2785         ,
27 ,    4725 ,     rx ,    0 ,     0 ,     0 ,    0 ,    2924         ,
27 ,    4765 ,     rx ,    0 ,     0 ,     0 ,    0 ,    2889         ,
27 ,    4805 ,     rx ,    0 ,     0 ,     0 ,    0 ,    2849         ,
27 ,    4845 ,     rx ,    0 ,     0 ,     0 ,    0 ,    3045         ,
27 ,    4885 ,     rx ,    0 ,     0 ,     0 ,    0 ,    2917         ,
27 ,    4925 ,     rx ,    0 ,     0 ,     0 ,    0 ,    2936         ,
27 ,    4965 ,     rx ,    0 ,     0 ,     0 ,    0 ,    4662         ,
27 ,    5 ,     rx ,    1 ,     0 ,     0 ,    0 ,    3         ,
27 ,    45 ,     rx ,    1 ,     0 ,     0 ,    0 ,    18         ,
27 ,    85 ,     rx ,    1 ,     0 ,     0 ,    0 ,    28         ,
27 ,    125 ,     rx ,    1 ,     0 ,     0 ,    0 ,    58         ,
27 ,    165 ,     rx ,    1 ,     0 ,     0 ,    0 ,    76         ,
27 ,    205 ,     rx ,    1 ,     0 ,     0 ,    0 ,    94         ,
27 ,    245 ,     rx ,    1 ,     0 ,     0 ,    0 ,    111         ,
27 ,    285 ,     rx ,    1 ,     0 ,     0 ,    0 ,    129         ,
27 ,    325 ,     rx ,    1 ,     0 ,     0 ,    0 ,    147         ,
27 ,    365 ,     rx ,    1 ,     0 ,     0 ,    0 ,    166         ,
27 ,    405 ,     rx ,    1 ,     0 ,     0 ,    0 ,    183         ,
27 ,    445 ,     rx ,    1 ,     0 ,     0 ,    0 ,    211         ,
27 ,    485 ,     rx ,    1 ,     0 ,     0 ,    0 ,    218         ,
27 ,    525 ,     rx ,    1 ,     0 ,     0 ,    0 ,    237         ,
27 ,    565 ,     rx ,    1 ,     0 ,     0 ,    0 ,    255         ,
27 ,    605 ,     rx ,    1 ,     0 ,     0 ,    0 ,    286         ,
27 ,    645 ,     rx ,    1 ,     0 ,     0 ,    0 ,    293         ,
27 ,    685 ,     rx ,    1 ,     0 ,     0 ,    0 ,    411         ,
27 ,    725 ,     rx ,    1 ,     0 ,     0 ,    0 ,    326         ,
27 ,    765 ,     rx ,    1 ,     0 ,     0 ,    0 ,    344         ,
27 ,    805 ,     rx ,    1 ,     0 ,     0 ,    0 ,    380         ,
27 ,    845 ,     rx ,    1 ,     0 ,     0 ,    0 ,    382         ,
27 ,    885 ,     rx ,    1 ,     0 ,     0 ,    0 ,    397         ,
27 ,    925 ,     rx ,    1 ,     0 ,     0 ,    0 ,    417         ,
27 ,    965 ,     rx ,    1 ,     0 ,     0 ,    0 ,    433         ,
27 ,    1005 ,     rx ,    1 ,     0 ,     0 ,    0 ,    597         ,
27 ,    1045 ,     rx ,    1 ,     0 ,     0 ,    0 ,    620         ,
27 ,    1085 ,     rx ,    1 ,     0 ,     0 ,    0 ,    645         ,
27 ,    1125 ,     rx ,    1 ,     0 ,     0 ,    0 ,    691         ,
27 ,    1165 ,     rx ,    1 ,     0 ,     0 ,    0 ,    845         ,
27 ,    1205 ,     rx ,    1 ,     0 ,     0 ,    0 ,    712         ,
27 ,    1245 ,     rx ,    1 ,     0 ,     0 ,    0 ,    765         ,
27 ,    1285 ,     rx ,    1 ,     0 ,     0 ,    0 ,    765         ,
27 ,    1325 ,     rx ,    1 ,     0 ,     0 ,    0 ,    785         ,
27 ,    1365 ,     rx ,    1 ,     0 ,     0 ,    0 ,    808         ,
27 ,    1405 ,     rx ,    1 ,     0 ,     0 ,    0 ,    833         ,
27 ,    1445 ,     rx ,    1 ,     0 ,     0 ,    0 ,    859         ,
27 ,    1485 ,     rx ,    1 ,     0 ,     0 ,    0 ,    879         ,
27 ,    1525 ,     rx ,    1 ,     0 ,     0 ,    0 ,    906         ,
27 ,    1565 ,     rx ,    1 ,     0 ,     0 ,    0 ,    1047         ,
27 ,    1605 ,     rx ,    1 ,     0 ,     0 ,    0 ,    978         ,
27 ,    1645 ,     rx ,    1 ,     0 ,     0 ,    0 ,    975         ,
27 ,    1685 ,     rx ,    1 ,     0 ,     0 ,    0 ,    1025         ,
27 ,    1725 ,     rx ,    1 ,     0 ,     0 ,    0 ,    1020         ,
27 ,    1765 ,     rx ,    1 ,     0 ,     0 ,    0 ,    1041         ,
27 ,    1805 ,     rx ,    1 ,     0 ,     0 ,    0 ,    1068         ,
27 ,    1845 ,     rx ,    1 ,     0 ,     0 ,    0 ,    1118         ,
27 ,    1885 ,     rx ,    1 ,     0 ,     0 ,    0 ,    1244         ,
27 ,    1925 ,     rx ,    1 ,     0 ,     0 ,    0 ,    1160         ,
27 ,    1965 ,     rx ,    1 ,     0 ,     0 ,    0 ,    1161         ,
27 ,    2005 ,     rx ,    1 ,     0 ,     0 ,    0 ,    1183         ,
27 ,    2045 ,     rx ,    1 ,     0 ,     0 ,    0 ,    1231         ,
27 ,    2085 ,     rx ,    1 ,     0 ,     0 ,    0 ,    1232         ,
27 ,    2125 ,     rx ,    1 ,     0 ,     0 ,    0 ,    1443         ,
27 ,    2165 ,     rx ,    1 ,     0 ,     0 ,    0 ,    1285         ,
27 ,    2205 ,     rx ,    1 ,     0 ,     0 ,    0 ,    1305         ,
27 ,    2245 ,     rx ,    1 ,     0 ,     0 ,    0 ,    1329         ,
27 ,    2285 ,     rx ,    1 ,     0 ,     0 ,    0 ,    1453         ,
27 ,    2325 ,     rx ,    1 ,     0 ,     0 ,    0 ,    1377         ,
27 ,    2365 ,     rx ,    1 ,     0 ,     0 ,    0 ,    1406         ,
27 ,    2405 ,     rx ,    1 ,     0 ,     0 ,    0 ,    1427         ,
27 ,    2445 ,     rx ,    1 ,     0 ,     0 ,    0 ,    1498         ,
27 ,    2485 ,     rx ,    1 ,     0 ,     0 ,    0 ,    1497         ,
27 ,    2525 ,     rx ,    1 ,     0 ,     0 ,    0 ,    1491         ,
27 ,    2565 ,     rx ,    1 ,     0 ,     0 ,    0 ,    1523         ,
27 ,    2605 ,     rx ,    1 ,     0 ,     0 ,    0 ,    1591         ,
27 ,    2645 ,     rx ,    1 ,     0 ,     0 ,    0 ,    1598         ,
27 ,    2685 ,     rx ,    1 ,     0 ,     0 ,    0 ,    1708         ,
27 ,    2725 ,     rx ,    1 ,     0 ,     0 ,    0 ,    2388         ,
27 ,    2765 ,     rx ,    1 ,     0 ,     0 ,    0 ,    1981         ,
27 ,    2805 ,     rx ,    1 ,     0 ,     0 ,    0 ,    2229         ,
27 ,    2845 ,     rx ,    1 ,     0 ,     0 ,    0 ,    2796         ,
27 ,    2885 ,     rx ,    1 ,     0 ,     0 ,    0 ,    1755         ,
27 ,    2925 ,     rx ,    1 ,     0 ,     0 ,    0 ,    1770         ,
27 ,    2965 ,     rx ,    1 ,     0 ,     0 ,    0 ,    1752         ,
27 ,    3005 ,     rx ,    1 ,     0 ,     0 ,    0 ,    1782         ,
27 ,    3045 ,     rx ,    1 ,     0 ,     0 ,    0 ,    1822         ,
27 ,    3085 ,     rx ,    1 ,     0 ,     0 ,    0 ,    1821         ,
27 ,    3125 ,     rx ,    1 ,     0 ,     0 ,    0 ,    1872         ,
27 ,    3165 ,     rx ,    1 ,     0 ,     0 ,    0 ,    1982         ,
27 ,    3205 ,     rx ,    1 ,     0 ,     0 ,    0 ,    1899         ,
27 ,    3245 ,     rx ,    1 ,     0 ,     0 ,    0 ,    1912         ,
27 ,    3285 ,     rx ,    1 ,     0 ,     0 ,    0 ,    1968         ,
27 ,    3325 ,     rx ,    1 ,     0 ,     0 ,    0 ,    2076         ,
27 ,    3365 ,     rx ,    1 ,     0 ,     0 ,    0 ,    2017         ,
27 ,    3405 ,     rx ,    1 ,     0 ,     0 ,    0 ,    2035         ,
27 ,    3445 ,     rx ,    1 ,     0 ,     0 ,    0 ,    2049         ,
27 ,    3485 ,     rx ,    1 ,     0 ,     0 ,    0 ,    2061         ,
27 ,    3525 ,     rx ,    1 ,     0 ,     0 ,    0 ,    2196         ,
27 ,    3565 ,     rx ,    1 ,     0 ,     0 ,    0 ,    2154         ,
27 ,    3605 ,     rx ,    1 ,     0 ,     0 ,    0 ,    2150         ,
27 ,    3645 ,     rx ,    1 ,     0 ,     0 ,    0 ,    2152         ,
27 ,    3685 ,     rx ,    1 ,     0 ,     0 ,    0 ,    2288         ,
27 ,    3725 ,     rx ,    1 ,     0 ,     0 ,    0 ,    2232         ,
27 ,    3765 ,     rx ,    1 ,     0 ,     0 ,    0 ,    2289         ,
27 ,    3805 ,     rx ,    1 ,     0 ,     0 ,    0 ,    2259         ,
27 ,    3845 ,     rx ,    1 ,     0 ,     0 ,    0 ,    2435         ,
27 ,    3885 ,     rx ,    1 ,     0 ,     0 ,    0 ,    2308         ,
27 ,    3925 ,     rx ,    1 ,     0 ,     0 ,    0 ,    2332         ,
27 ,    3965 ,     rx ,    1 ,     0 ,     0 ,    0 ,    2703         ,
27 ,    4005 ,     rx ,    1 ,     0 ,     0 ,    0 ,    9212         ,
27 ,    4045 ,     rx ,    1 ,     0 ,     0 ,    0 ,    42218         ,
27 ,    4085 ,     rx ,    1 ,     0 ,     0 ,    0 ,    3616         ,
27 ,    4125 ,     rx ,    1 ,     0 ,     0 ,    0 ,    32420         ,
27 ,    4165 ,     rx ,    1 ,     0 ,     0 ,    0 ,    2813         ,
27 ,    4205 ,     rx ,    1 ,     0 ,     0 ,    0 ,    3205         ,
27 ,    4245 ,     rx ,    1 ,     0 ,     0 ,    0 ,    2534         ,
27 ,    4285 ,     rx ,    1 ,     0 ,     0 ,    0 ,    2746         ,
27 ,    4325 ,     rx ,    1 ,     0 ,     0 ,    0 ,    2607         ,
27 ,    4365 ,     rx ,    1 ,     0 ,     0 ,    0 ,    2606         ,
27 ,    4405 ,     rx ,    1 ,     0 ,     0 ,    0 ,    2789         ,
27 ,    4445 ,     rx ,    1 ,     0 ,     0 ,    0 ,    2634         ,
27 ,    4485 ,     rx ,    1 ,     0 ,     0 ,    0 ,    2652         ,
27 ,    4525 ,     rx ,    1 ,     0 ,     0 ,    0 ,    2700         ,
27 ,    4565 ,     rx ,    1 ,     0 ,     0 ,    0 ,    2835         ,
27 ,    4605 ,     rx ,    1 ,     0 ,     0 ,    0 ,    2781         ,
27 ,    4645 ,     rx ,    1 ,     0 ,     0 ,    0 ,    2816         ,
27 ,    4685 ,     rx ,    1 ,     0 ,     0 ,    0 ,    3008         ,
27 ,    4725 ,     rx ,    1 ,     0 ,     0 ,    0 ,    2790         ,
27 ,    4765 ,     rx ,    1 ,     0 ,     0 ,    0 ,    2838         ,
27 ,    4805 ,     rx ,    1 ,     0 ,     0 ,    0 ,    3141         ,
27 ,    4845 ,     rx ,    1 ,     0 ,     0 ,    0 ,    2799         ,
27 ,    4885 ,     rx ,    1 ,     0 ,     0 ,    0 ,    2826         ,
27 ,    4925 ,     rx ,    1 ,     0 ,     0 ,    0 ,    3069         ,
27 ,    4965 ,     rx ,    1 ,     0 ,     0 ,    0 ,    2877         ,
27 ,    5 ,     rx ,    2 ,     0 ,     0 ,    0 ,    2         ,
27 ,    45 ,     rx ,    2 ,     0 ,     0 ,    0 ,    16         ,
27 ,    85 ,     rx ,    2 ,     0 ,     0 ,    0 ,    27         ,
27 ,    125 ,     rx ,    2 ,     0 ,     0 ,    0 ,    57         ,
27 ,    165 ,     rx ,    2 ,     0 ,     0 ,    0 ,    75         ,
27 ,    205 ,     rx ,    2 ,     0 ,     0 ,    0 ,    92         ,
27 ,    245 ,     rx ,    2 ,     0 ,     0 ,    0 ,    110         ,
27 ,    285 ,     rx ,    2 ,     0 ,     0 ,    0 ,    128         ,
27 ,    325 ,     rx ,    2 ,     0 ,     0 ,    0 ,    145         ,
27 ,    365 ,     rx ,    2 ,     0 ,     0 ,    0 ,    162         ,
27 ,    405 ,     rx ,    2 ,     0 ,     0 ,    0 ,    181         ,
27 ,    445 ,     rx ,    2 ,     0 ,     0 ,    0 ,    199         ,
27 ,    485 ,     rx ,    2 ,     0 ,     0 ,    0 ,    214         ,
27 ,    525 ,     rx ,    2 ,     0 ,     0 ,    0 ,    232         ,
27 ,    565 ,     rx ,    2 ,     0 ,     0 ,    0 ,    269         ,
27 ,    605 ,     rx ,    2 ,     0 ,     0 ,    0 ,    268         ,
27 ,    645 ,     rx ,    2 ,     0 ,     0 ,    0 ,    285         ,
27 ,    685 ,     rx ,    2 ,     0 ,     0 ,    0 ,    304         ,
27 ,    725 ,     rx ,    2 ,     0 ,     0 ,    0 ,    335         ,
27 ,    765 ,     rx ,    2 ,     0 ,     0 ,    0 ,    338         ,
27 ,    805 ,     rx ,    2 ,     0 ,     0 ,    0 ,    528         ,
27 ,    845 ,     rx ,    2 ,     0 ,     0 ,    0 ,    376         ,
27 ,    885 ,     rx ,    2 ,     0 ,     0 ,    0 ,    390         ,
27 ,    925 ,     rx ,    2 ,     0 ,     0 ,    0 ,    408         ,
27 ,    965 ,     rx ,    2 ,     0 ,     0 ,    0 ,    423         ,
27 ,    1005 ,     rx ,    2 ,     0 ,     0 ,    0 ,    588         ,
27 ,    1045 ,     rx ,    2 ,     0 ,     0 ,    0 ,    608         ,
27 ,    1085 ,     rx ,    2 ,     0 ,     0 ,    0 ,    30942         ,
27 ,    1125 ,     rx ,    2 ,     0 ,     0 ,    0 ,    655         ,
27 ,    1165 ,     rx ,    2 ,     0 ,     0 ,    0 ,    702         ,
27 ,    1205 ,     rx ,    2 ,     0 ,     0 ,    0 ,    699         ,
27 ,    1245 ,     rx ,    2 ,     0 ,     0 ,    0 ,    725         ,
27 ,    1285 ,     rx ,    2 ,     0 ,     0 ,    0 ,    746         ,
27 ,    1325 ,     rx ,    2 ,     0 ,     0 ,    0 ,    895         ,
27 ,    1365 ,     rx ,    2 ,     0 ,     0 ,    0 ,    798         ,
27 ,    1405 ,     rx ,    2 ,     0 ,     0 ,    0 ,    816         ,
27 ,    1445 ,     rx ,    2 ,     0 ,     0 ,    0 ,    865         ,
27 ,    1485 ,     rx ,    2 ,     0 ,     0 ,    0 ,    871         ,
27 ,    1525 ,     rx ,    2 ,     0 ,     0 ,    0 ,    891         ,
27 ,    1565 ,     rx ,    2 ,     0 ,     0 ,    0 ,    908         ,
27 ,    1605 ,     rx ,    2 ,     0 ,     0 ,    0 ,    935         ,
27 ,    1645 ,     rx ,    2 ,     0 ,     0 ,    0 ,    955         ,
27 ,    1685 ,     rx ,    2 ,     0 ,     0 ,    0 ,    1200         ,
27 ,    1725 ,     rx ,    2 ,     0 ,     0 ,    0 ,    1029         ,
27 ,    1765 ,     rx ,    2 ,     0 ,     0 ,    0 ,    1059         ,
27 ,    1805 ,     rx ,    2 ,     0 ,     0 ,    0 ,    1095         ,
27 ,    1845 ,     rx ,    2 ,     0 ,     0 ,    0 ,    1100         ,
27 ,    1885 ,     rx ,    2 ,     0 ,     0 ,    0 ,    1117         ,
27 ,    1925 ,     rx ,    2 ,     0 ,     0 ,    0 ,    1138         ,
27 ,    1965 ,     rx ,    2 ,     0 ,     0 ,    0 ,    1160         ,
27 ,    2005 ,     rx ,    2 ,     0 ,     0 ,    0 ,    1369         ,
27 ,    2045 ,     rx ,    2 ,     0 ,     0 ,    0 ,    1243         ,
27 ,    2085 ,     rx ,    2 ,     0 ,     0 ,    0 ,    8982         ,
27 ,    2125 ,     rx ,    2 ,     0 ,     0 ,    0 ,    1269         ,
27 ,    2165 ,     rx ,    2 ,     0 ,     0 ,    0 ,    1292         ,
27 ,    2205 ,     rx ,    2 ,     0 ,     0 ,    0 ,    1319         ,
27 ,    2245 ,     rx ,    2 ,     0 ,     0 ,    0 ,    2620         ,
27 ,    2285 ,     rx ,    2 ,     0 ,     0 ,    0 ,    1369         ,
27 ,    2325 ,     rx ,    2 ,     0 ,     0 ,    0 ,    1381         ,
27 ,    2365 ,     rx ,    2 ,     0 ,     0 ,    0 ,    1416         ,
27 ,    2405 ,     rx ,    2 ,     0 ,     0 ,    0 ,    1461         ,
27 ,    2445 ,     rx ,    2 ,     0 ,     0 ,    0 ,    1654         ,
27 ,    2485 ,     rx ,    2 ,     0 ,     0 ,    0 ,    1486         ,
27 ,    2525 ,     rx ,    2 ,     0 ,     0 ,    0 ,    1514         ,
27 ,    2565 ,     rx ,    2 ,     0 ,     0 ,    0 ,    1565         ,
27 ,    2605 ,     rx ,    2 ,     0 ,     0 ,    0 ,    1558         ,
27 ,    2645 ,     rx ,    2 ,     0 ,     0 ,    0 ,    1577         ,
27 ,    2685 ,     rx ,    2 ,     0 ,     0 ,    0 ,    1761         ,
27 ,    2725 ,     rx ,    2 ,     0 ,     0 ,    0 ,    1649         ,
27 ,    2765 ,     rx ,    2 ,     0 ,     0 ,    0 ,    1664         ,
27 ,    2805 ,     rx ,    2 ,     0 ,     0 ,    0 ,    1709         ,
27 ,    2845 ,     rx ,    2 ,     0 ,     0 ,    0 ,    1701         ,
27 ,    2885 ,     rx ,    2 ,     0 ,     0 ,    0 ,    1717         ,
27 ,    2925 ,     rx ,    2 ,     0 ,     0 ,    0 ,    1744         ,
27 ,    2965 ,     rx ,    2 ,     0 ,     0 ,    0 ,    1792         ,
27 ,    3005 ,     rx ,    2 ,     0 ,     0 ,    0 ,    1787         ,
27 ,    3045 ,     rx ,    2 ,     0 ,     0 ,    0 ,    1810         ,
27 ,    3085 ,     rx ,    2 ,     0 ,     0 ,    0 ,    1975         ,
27 ,    3125 ,     rx ,    2 ,     0 ,     0 ,    0 ,    1855         ,
27 ,    3165 ,     rx ,    2 ,     0 ,     0 ,    0 ,    37607         ,
27 ,    3205 ,     rx ,    2 ,     0 ,     0 ,    0 ,    2998         ,
27 ,    3245 ,     rx ,    2 ,     0 ,     0 ,    0 ,    1948         ,
27 ,    3285 ,     rx ,    2 ,     0 ,     0 ,    0 ,    1948         ,
27 ,    3325 ,     rx ,    2 ,     0 ,     0 ,    0 ,    2086         ,
27 ,    3365 ,     rx ,    2 ,     0 ,     0 ,    0 ,    2022         ,
27 ,    3405 ,     rx ,    2 ,     0 ,     0 ,    0 ,    2052         ,
27 ,    3445 ,     rx ,    2 ,     0 ,     0 ,    0 ,    2088         ,
27 ,    3485 ,     rx ,    2 ,     0 ,     0 ,    0 ,    2204         ,
27 ,    3525 ,     rx ,    2 ,     0 ,     0 ,    0 ,    2092         ,
27 ,    3565 ,     rx ,    2 ,     0 ,     0 ,    0 ,    2122         ,
27 ,    3605 ,     rx ,    2 ,     0 ,     0 ,    0 ,    2151         ,
27 ,    3645 ,     rx ,    2 ,     0 ,     0 ,    0 ,    2274         ,
27 ,    3685 ,     rx ,    2 ,     0 ,     0 ,    0 ,    2212         ,
27 ,    3725 ,     rx ,    2 ,     0 ,     0 ,    0 ,    2228         ,
27 ,    3765 ,     rx ,    2 ,     0 ,     0 ,    0 ,    2330         ,
27 ,    3805 ,     rx ,    2 ,     0 ,     0 ,    0 ,    2378         ,
27 ,    3845 ,     rx ,    2 ,     0 ,     0 ,    0 ,    2302         ,
27 ,    3885 ,     rx ,    2 ,     0 ,     0 ,    0 ,    2298         ,
27 ,    3925 ,     rx ,    2 ,     0 ,     0 ,    0 ,    2324         ,
27 ,    3965 ,     rx ,    2 ,     0 ,     0 ,    0 ,    2380         ,
27 ,    4005 ,     rx ,    2 ,     0 ,     0 ,    0 ,    2343         ,
27 ,    4045 ,     rx ,    2 ,     0 ,     0 ,    0 ,    3641         ,
27 ,    4085 ,     rx ,    2 ,     0 ,     0 ,    0 ,    2383         ,
27 ,    4125 ,     rx ,    2 ,     0 ,     0 ,    0 ,    2715         ,
27 ,    4165 ,     rx ,    2 ,     0 ,     0 ,    0 ,    2658         ,
27 ,    4205 ,     rx ,    2 ,     0 ,     0 ,    0 ,    2548         ,
27 ,    4245 ,     rx ,    2 ,     0 ,     0 ,    0 ,    3284         ,
27 ,    4285 ,     rx ,    2 ,     0 ,     0 ,    0 ,    2911         ,
27 ,    4325 ,     rx ,    2 ,     0 ,     0 ,    0 ,    2930         ,
27 ,    4365 ,     rx ,    2 ,     0 ,     0 ,    0 ,    2909         ,
27 ,    4405 ,     rx ,    2 ,     0 ,     0 ,    0 ,    2681         ,
27 ,    4445 ,     rx ,    2 ,     0 ,     0 ,    0 ,    2700         ,
27 ,    4485 ,     rx ,    2 ,     0 ,     0 ,    0 ,    2879         ,
27 ,    4525 ,     rx ,    2 ,     0 ,     0 ,    0 ,    2746         ,
27 ,    4565 ,     rx ,    2 ,     0 ,     0 ,    0 ,    2775         ,
27 ,    4605 ,     rx ,    2 ,     0 ,     0 ,    0 ,    2911         ,
27 ,    4645 ,     rx ,    2 ,     0 ,     0 ,    0 ,    2832         ,
27 ,    4685 ,     rx ,    2 ,     0 ,     0 ,    0 ,    2863         ,
27 ,    4725 ,     rx ,    2 ,     0 ,     0 ,    0 ,    2802         ,
27 ,    4765 ,     rx ,    2 ,     0 ,     0 ,    0 ,    2783         ,
27 ,    4805 ,     rx ,    2 ,     0 ,     0 ,    0 ,    30195         ,
27 ,    4845 ,     rx ,    2 ,     0 ,     0 ,    0 ,    2867         ,
27 ,    4885 ,     rx ,    2 ,     0 ,     0 ,    0 ,    2994         ,
27 ,    4925 ,     rx ,    2 ,     0 ,     0 ,    0 ,    2911         ,
27 ,    4965 ,     rx ,    2 ,     0 ,     0 ,    0 ,    2911         ,
27 ,    5 ,     rx ,    3 ,     0 ,     0 ,    0 ,    10         ,
27 ,    45 ,     rx ,    3 ,     0 ,     0 ,    0 ,    15         ,
27 ,    85 ,     rx ,    3 ,     0 ,     0 ,    0 ,    23         ,
27 ,    125 ,     rx ,    3 ,     0 ,     0 ,    0 ,    26         ,
27 ,    165 ,     rx ,    3 ,     0 ,     0 ,    0 ,    32         ,
27 ,    205 ,     rx ,    3 ,     0 ,     0 ,    0 ,    39         ,
27 ,    245 ,     rx ,    3 ,     0 ,     0 ,    0 ,    45         ,
27 ,    285 ,     rx ,    3 ,     0 ,     0 ,    0 ,    52         ,
27 ,    325 ,     rx ,    3 ,     0 ,     0 ,    0 ,    58         ,
27 ,    365 ,     rx ,    3 ,     0 ,     0 ,    0 ,    65         ,
27 ,    405 ,     rx ,    3 ,     0 ,     0 ,    0 ,    71         ,
27 ,    445 ,     rx ,    3 ,     0 ,     0 ,    0 ,    77         ,
27 ,    485 ,     rx ,    3 ,     0 ,     0 ,    0 ,    83         ,
27 ,    525 ,     rx ,    3 ,     0 ,     0 ,    0 ,    90         ,
27 ,    565 ,     rx ,    3 ,     0 ,     0 ,    0 ,    97         ,
27 ,    605 ,     rx ,    3 ,     0 ,     0 ,    0 ,    103         ,
27 ,    645 ,     rx ,    3 ,     0 ,     0 ,    0 ,    108         ,
27 ,    685 ,     rx ,    3 ,     0 ,     0 ,    0 ,    218         ,
27 ,    725 ,     rx ,    3 ,     0 ,     0 ,    0 ,    124         ,
27 ,    765 ,     rx ,    3 ,     0 ,     0 ,    0 ,    129         ,
27 ,    805 ,     rx ,    3 ,     0 ,     0 ,    0 ,    136         ,
27 ,    845 ,     rx ,    3 ,     0 ,     0 ,    0 ,    141         ,
27 ,    885 ,     rx ,    3 ,     0 ,     0 ,    0 ,    146         ,
27 ,    925 ,     rx ,    3 ,     0 ,     0 ,    0 ,    154         ,
27 ,    965 ,     rx ,    3 ,     0 ,     0 ,    0 ,    159         ,
27 ,    1005 ,     rx ,    3 ,     0 ,     0 ,    0 ,    166         ,
27 ,    1045 ,     rx ,    3 ,     0 ,     0 ,    0 ,    178         ,
27 ,    1085 ,     rx ,    3 ,     0 ,     0 ,    0 ,    178         ,
27 ,    1125 ,     rx ,    3 ,     0 ,     0 ,    0 ,    408         ,
27 ,    1165 ,     rx ,    3 ,     0 ,     0 ,    0 ,    244         ,
27 ,    1205 ,     rx ,    3 ,     0 ,     0 ,    0 ,    388         ,
27 ,    1245 ,     rx ,    3 ,     0 ,     0 ,    0 ,    209         ,
27 ,    1285 ,     rx ,    3 ,     0 ,     0 ,    0 ,    222         ,
27 ,    1325 ,     rx ,    3 ,     0 ,     0 ,    0 ,    219         ,
27 ,    1365 ,     rx ,    3 ,     0 ,     0 ,    0 ,    231         ,
27 ,    1405 ,     rx ,    3 ,     0 ,     0 ,    0 ,    253         ,
27 ,    1445 ,     rx ,    3 ,     0 ,     0 ,    0 ,    251         ,
27 ,    1485 ,     rx ,    3 ,     0 ,     0 ,    0 ,    377         ,
27 ,    1525 ,     rx ,    3 ,     0 ,     0 ,    0 ,    257         ,
27 ,    1565 ,     rx ,    3 ,     0 ,     0 ,    0 ,    261         ,
27 ,    1605 ,     rx ,    3 ,     0 ,     0 ,    0 ,    260         ,
27 ,    1645 ,     rx ,    3 ,     0 ,     0 ,    0 ,    268         ,
27 ,    1685 ,     rx ,    3 ,     0 ,     0 ,    0 ,    274         ,
27 ,    1725 ,     rx ,    3 ,     0 ,     0 ,    0 ,    280         ,
27 ,    1765 ,     rx ,    3 ,     0 ,     0 ,    0 ,    285         ,
27 ,    1805 ,     rx ,    3 ,     0 ,     0 ,    0 ,    296         ,
27 ,    1845 ,     rx ,    3 ,     0 ,     0 ,    0 ,    304         ,
27 ,    1885 ,     rx ,    3 ,     0 ,     0 ,    0 ,    314         ,
27 ,    1925 ,     rx ,    3 ,     0 ,     0 ,    0 ,    417         ,
27 ,    1965 ,     rx ,    3 ,     0 ,     0 ,    0 ,    422         ,
27 ,    2005 ,     rx ,    3 ,     0 ,     0 ,    0 ,    323         ,
27 ,    2045 ,     rx ,    3 ,     0 ,     0 ,    0 ,    346         ,
27 ,    2085 ,     rx ,    3 ,     0 ,     0 ,    0 ,    526         ,
27 ,    2125 ,     rx ,    3 ,     0 ,     0 ,    0 ,    350         ,
27 ,    2165 ,     rx ,    3 ,     0 ,     0 ,    0 ,    359         ,
27 ,    2205 ,     rx ,    3 ,     0 ,     0 ,    0 ,    363         ,
27 ,    2245 ,     rx ,    3 ,     0 ,     0 ,    0 ,    369         ,
27 ,    2285 ,     rx ,    3 ,     0 ,     0 ,    0 ,    375         ,
27 ,    2325 ,     rx ,    3 ,     0 ,     0 ,    0 ,    380         ,
27 ,    2365 ,     rx ,    3 ,     0 ,     0 ,    0 ,    388         ,
27 ,    2405 ,     rx ,    3 ,     0 ,     0 ,    0 ,    395         ,
27 ,    2445 ,     rx ,    3 ,     0 ,     0 ,    0 ,    405         ,
27 ,    2485 ,     rx ,    3 ,     0 ,     0 ,    0 ,    405         ,
27 ,    2525 ,     rx ,    3 ,     0 ,     0 ,    0 ,    413         ,
27 ,    2565 ,     rx ,    3 ,     0 ,     0 ,    0 ,    420         ,
27 ,    2605 ,     rx ,    3 ,     0 ,     0 ,    0 ,    430         ,
27 ,    2645 ,     rx ,    3 ,     0 ,     0 ,    0 ,    438         ,
27 ,    2685 ,     rx ,    3 ,     0 ,     0 ,    0 ,    545         ,
27 ,    2725 ,     rx ,    3 ,     0 ,     0 ,    0 ,    798         ,
27 ,    2765 ,     rx ,    3 ,     0 ,     0 ,    0 ,    872         ,
27 ,    2805 ,     rx ,    3 ,     0 ,     0 ,    0 ,    468         ,
27 ,    2845 ,     rx ,    3 ,     0 ,     0 ,    0 ,    471         ,
27 ,    2885 ,     rx ,    3 ,     0 ,     0 ,    0 ,    577         ,
27 ,    2925 ,     rx ,    3 ,     0 ,     0 ,    0 ,    480         ,
27 ,    2965 ,     rx ,    3 ,     0 ,     0 ,    0 ,    492         ,
27 ,    3005 ,     rx ,    3 ,     0 ,     0 ,    0 ,    497         ,
27 ,    3045 ,     rx ,    3 ,     0 ,     0 ,    0 ,    501         ,
27 ,    3085 ,     rx ,    3 ,     0 ,     0 ,    0 ,    513         ,
27 ,    3125 ,     rx ,    3 ,     0 ,     0 ,    0 ,    513         ,
27 ,    3165 ,     rx ,    3 ,     0 ,     0 ,    0 ,    509         ,
27 ,    3205 ,     rx ,    3 ,     0 ,     0 ,    0 ,    541         ,
27 ,    3245 ,     rx ,    3 ,     0 ,     0 ,    0 ,    548         ,
27 ,    3285 ,     rx ,    3 ,     0 ,     0 ,    0 ,    556         ,
27 ,    3325 ,     rx ,    3 ,     0 ,     0 ,    0 ,    605         ,
27 ,    3365 ,     rx ,    3 ,     0 ,     0 ,    0 ,    570         ,
27 ,    3405 ,     rx ,    3 ,     0 ,     0 ,    0 ,    635         ,
27 ,    3445 ,     rx ,    3 ,     0 ,     0 ,    0 ,    567         ,
27 ,    3485 ,     rx ,    3 ,     0 ,     0 ,    0 ,    569         ,
27 ,    3525 ,     rx ,    3 ,     0 ,     0 ,    0 ,    568         ,
27 ,    3565 ,     rx ,    3 ,     0 ,     0 ,    0 ,    596         ,
27 ,    3605 ,     rx ,    3 ,     0 ,     0 ,    0 ,    602         ,
27 ,    3645 ,     rx ,    3 ,     0 ,     0 ,    0 ,    596         ,
27 ,    3685 ,     rx ,    3 ,     0 ,     0 ,    0 ,    605         ,
27 ,    3725 ,     rx ,    3 ,     0 ,     0 ,    0 ,    607         ,
27 ,    3765 ,     rx ,    3 ,     0 ,     0 ,    0 ,    1611         ,
27 ,    3805 ,     rx ,    3 ,     0 ,     0 ,    0 ,    989         ,
27 ,    3845 ,     rx ,    3 ,     0 ,     0 ,    0 ,    634         ,
27 ,    3885 ,     rx ,    3 ,     0 ,     0 ,    0 ,    634         ,
27 ,    3925 ,     rx ,    3 ,     0 ,     0 ,    0 ,    638         ,
27 ,    3965 ,     rx ,    3 ,     0 ,     0 ,    0 ,    645         ,
27 ,    4005 ,     rx ,    3 ,     0 ,     0 ,    0 ,    655         ,
27 ,    4045 ,     rx ,    3 ,     0 ,     0 ,    0 ,    758         ,
27 ,    4085 ,     rx ,    3 ,     0 ,     0 ,    0 ,    670         ,
27 ,    4125 ,     rx ,    3 ,     0 ,     0 ,    0 ,    670         ,
27 ,    4165 ,     rx ,    3 ,     0 ,     0 ,    0 ,    682         ,
27 ,    4205 ,     rx ,    3 ,     0 ,     0 ,    0 ,    686         ,
27 ,    4245 ,     rx ,    3 ,     0 ,     0 ,    0 ,    712         ,
27 ,    4285 ,     rx ,    3 ,     0 ,     0 ,    0 ,    1210         ,
27 ,    4325 ,     rx ,    3 ,     0 ,     0 ,    0 ,    718         ,
27 ,    4365 ,     rx ,    3 ,     0 ,     0 ,    0 ,    725         ,
27 ,    4405 ,     rx ,    3 ,     0 ,     0 ,    0 ,    741         ,
27 ,    4445 ,     rx ,    3 ,     0 ,     0 ,    0 ,    732         ,
27 ,    4485 ,     rx ,    3 ,     0 ,     0 ,    0 ,    739         ,
27 ,    4525 ,     rx ,    3 ,     0 ,     0 ,    0 ,    748         ,
27 ,    4565 ,     rx ,    3 ,     0 ,     0 ,    0 ,    742         ,
27 ,    4605 ,     rx ,    3 ,     0 ,     0 ,    0 ,    749         ,
27 ,    4645 ,     rx ,    3 ,     0 ,     0 ,    0 ,    762         ,
27 ,    4685 ,     rx ,    3 ,     0 ,     0 ,    0 ,    760         ,
27 ,    4725 ,     rx ,    3 ,     0 ,     0 ,    0 ,    771         ,
27 ,    4765 ,     rx ,    3 ,     0 ,     0 ,    0 ,    773         ,
27 ,    4805 ,     rx ,    3 ,     0 ,     0 ,    0 ,    780         ,
27 ,    4845 ,     rx ,    3 ,     0 ,     0 ,    0 ,    795         ,
27 ,    4885 ,     rx ,    3 ,     0 ,     0 ,    0 ,    873         ,
27 ,    4925 ,     rx ,    3 ,     0 ,     0 ,    0 ,    827         ,
27 ,    4965 ,     rx ,    3 ,     0 ,     0 ,    0 ,    839         ,
27 ,    5 ,     rx ,    4 ,     0 ,     0 ,    0 ,    4         ,
27 ,    45 ,     rx ,    4 ,     0 ,     0 ,    0 ,    14         ,
27 ,    85 ,     rx ,    4 ,     0 ,     0 ,    0 ,    20         ,
27 ,    125 ,     rx ,    4 ,     0 ,     0 ,    0 ,    27         ,
27 ,    165 ,     rx ,    4 ,     0 ,     0 ,    0 ,    32         ,
27 ,    205 ,     rx ,    4 ,     0 ,     0 ,    0 ,    40         ,
27 ,    245 ,     rx ,    4 ,     0 ,     0 ,    0 ,    46         ,
27 ,    285 ,     rx ,    4 ,     0 ,     0 ,    0 ,    59         ,
27 ,    325 ,     rx ,    4 ,     0 ,     0 ,    0 ,    60         ,
27 ,    365 ,     rx ,    4 ,     0 ,     0 ,    0 ,    66         ,
27 ,    405 ,     rx ,    4 ,     0 ,     0 ,    0 ,    73         ,
27 ,    445 ,     rx ,    4 ,     0 ,     0 ,    0 ,    82         ,
27 ,    485 ,     rx ,    4 ,     0 ,     0 ,    0 ,    87         ,
27 ,    525 ,     rx ,    4 ,     0 ,     0 ,    0 ,    93         ,
27 ,    565 ,     rx ,    4 ,     0 ,     0 ,    0 ,    98         ,
27 ,    605 ,     rx ,    4 ,     0 ,     0 ,    0 ,    105         ,
27 ,    645 ,     rx ,    4 ,     0 ,     0 ,    0 ,    111         ,
27 ,    685 ,     rx ,    4 ,     0 ,     0 ,    0 ,    117         ,
27 ,    725 ,     rx ,    4 ,     0 ,     0 ,    0 ,    125         ,
27 ,    765 ,     rx ,    4 ,     0 ,     0 ,    0 ,    129         ,
27 ,    805 ,     rx ,    4 ,     0 ,     0 ,    0 ,    138         ,
27 ,    845 ,     rx ,    4 ,     0 ,     0 ,    0 ,    149         ,
27 ,    885 ,     rx ,    4 ,     0 ,     0 ,    0 ,    147         ,
27 ,    925 ,     rx ,    4 ,     0 ,     0 ,    0 ,    153         ,
27 ,    965 ,     rx ,    4 ,     0 ,     0 ,    0 ,    161         ,
27 ,    1005 ,     rx ,    4 ,     0 ,     0 ,    0 ,    166         ,
27 ,    1045 ,     rx ,    4 ,     0 ,     0 ,    0 ,    173         ,
27 ,    1085 ,     rx ,    4 ,     0 ,     0 ,    0 ,    185         ,
27 ,    1125 ,     rx ,    4 ,     0 ,     0 ,    0 ,    190         ,
27 ,    1165 ,     rx ,    4 ,     0 ,     0 ,    0 ,    195         ,
27 ,    1205 ,     rx ,    4 ,     0 ,     0 ,    0 ,    199         ,
27 ,    1245 ,     rx ,    4 ,     0 ,     0 ,    0 ,    217         ,
27 ,    1285 ,     rx ,    4 ,     0 ,     0 ,    0 ,    217         ,
27 ,    1325 ,     rx ,    4 ,     0 ,     0 ,    0 ,    224         ,
27 ,    1365 ,     rx ,    4 ,     0 ,     0 ,    0 ,    233         ,
27 ,    1405 ,     rx ,    4 ,     0 ,     0 ,    0 ,    234         ,
27 ,    1445 ,     rx ,    4 ,     0 ,     0 ,    0 ,    239         ,
27 ,    1485 ,     rx ,    4 ,     0 ,     0 ,    0 ,    243         ,
27 ,    1525 ,     rx ,    4 ,     0 ,     0 ,    0 ,    248         ,
27 ,    1565 ,     rx ,    4 ,     0 ,     0 ,    0 ,    259         ,
27 ,    1605 ,     rx ,    4 ,     0 ,     0 ,    0 ,    267         ,
27 ,    1645 ,     rx ,    4 ,     0 ,     0 ,    0 ,    278         ,
27 ,    1685 ,     rx ,    4 ,     0 ,     0 ,    0 ,    282         ,
27 ,    1725 ,     rx ,    4 ,     0 ,     0 ,    0 ,    288         ,
27 ,    1765 ,     rx ,    4 ,     0 ,     0 ,    0 ,    291         ,
27 ,    1805 ,     rx ,    4 ,     0 ,     0 ,    0 ,    300         ,
27 ,    1845 ,     rx ,    4 ,     0 ,     0 ,    0 ,    418         ,
27 ,    1885 ,     rx ,    4 ,     0 ,     0 ,    0 ,    317         ,
27 ,    1925 ,     rx ,    4 ,     0 ,     0 ,    0 ,    318         ,
27 ,    1965 ,     rx ,    4 ,     0 ,     0 ,    0 ,    324         ,
27 ,    2005 ,     rx ,    4 ,     0 ,     0 ,    0 ,    330         ,
27 ,    2045 ,     rx ,    4 ,     0 ,     0 ,    0 ,    338         ,
27 ,    2085 ,     rx ,    4 ,     0 ,     0 ,    0 ,    344         ,
27 ,    2125 ,     rx ,    4 ,     0 ,     0 ,    0 ,    350         ,
27 ,    2165 ,     rx ,    4 ,     0 ,     0 ,    0 ,    359         ,
27 ,    2205 ,     rx ,    4 ,     0 ,     0 ,    0 ,    468         ,
27 ,    2245 ,     rx ,    4 ,     0 ,     0 ,    0 ,    371         ,
27 ,    2285 ,     rx ,    4 ,     0 ,     0 ,    0 ,    383         ,
27 ,    2325 ,     rx ,    4 ,     0 ,     0 ,    0 ,    375         ,
27 ,    2365 ,     rx ,    4 ,     0 ,     0 ,    0 ,    391         ,
27 ,    2405 ,     rx ,    4 ,     0 ,     0 ,    0 ,    403         ,
27 ,    2445 ,     rx ,    4 ,     0 ,     0 ,    0 ,    406         ,
27 ,    2485 ,     rx ,    4 ,     0 ,     0 ,    0 ,    408         ,
27 ,    2525 ,     rx ,    4 ,     0 ,     0 ,    0 ,    417         ,
27 ,    2565 ,     rx ,    4 ,     0 ,     0 ,    0 ,    422         ,
27 ,    2605 ,     rx ,    4 ,     0 ,     0 ,    0 ,    429         ,
27 ,    2645 ,     rx ,    4 ,     0 ,     0 ,    0 ,    426         ,
27 ,    2685 ,     rx ,    4 ,     0 ,     0 ,    0 ,    439         ,
27 ,    2725 ,     rx ,    4 ,     0 ,     0 ,    0 ,    684         ,
27 ,    2765 ,     rx ,    4 ,     0 ,     0 ,    0 ,    465         ,
27 ,    2805 ,     rx ,    4 ,     0 ,     0 ,    0 ,    472         ,
27 ,    2845 ,     rx ,    4 ,     0 ,     0 ,    0 ,    480         ,
27 ,    2885 ,     rx ,    4 ,     0 ,     0 ,    0 ,    486         ,
27 ,    2925 ,     rx ,    4 ,     0 ,     0 ,    0 ,    496         ,
27 ,    2965 ,     rx ,    4 ,     0 ,     0 ,    0 ,    500         ,
27 ,    3005 ,     rx ,    4 ,     0 ,     0 ,    0 ,    508         ,
27 ,    3045 ,     rx ,    4 ,     0 ,     0 ,    0 ,    512         ,
27 ,    3085 ,     rx ,    4 ,     0 ,     0 ,    0 ,    514         ,
27 ,    3125 ,     rx ,    4 ,     0 ,     0 ,    0 ,    524         ,
27 ,    3165 ,     rx ,    4 ,     0 ,     0 ,    0 ,    534         ,
27 ,    3205 ,     rx ,    4 ,     0 ,     0 ,    0 ,    546         ,
27 ,    3245 ,     rx ,    4 ,     0 ,     0 ,    0 ,    546         ,
27 ,    3285 ,     rx ,    4 ,     0 ,     0 ,    0 ,    555         ,
27 ,    3325 ,     rx ,    4 ,     0 ,     0 ,    0 ,    564         ,
27 ,    3365 ,     rx ,    4 ,     0 ,     0 ,    0 ,    573         ,
27 ,    3405 ,     rx ,    4 ,     0 ,     0 ,    0 ,    573         ,
27 ,    3445 ,     rx ,    4 ,     0 ,     0 ,    0 ,    578         ,
27 ,    3485 ,     rx ,    4 ,     0 ,     0 ,    0 ,    589         ,
27 ,    3525 ,     rx ,    4 ,     0 ,     0 ,    0 ,    601         ,
27 ,    3565 ,     rx ,    4 ,     0 ,     0 ,    0 ,    598         ,
27 ,    3605 ,     rx ,    4 ,     0 ,     0 ,    0 ,    611         ,
27 ,    3645 ,     rx ,    4 ,     0 ,     0 ,    0 ,    623         ,
27 ,    3685 ,     rx ,    4 ,     0 ,     0 ,    0 ,    620         ,
27 ,    3725 ,     rx ,    4 ,     0 ,     0 ,    0 ,    633         ,
27 ,    3765 ,     rx ,    4 ,     0 ,     0 ,    0 ,    634         ,
27 ,    3805 ,     rx ,    4 ,     0 ,     0 ,    0 ,    742         ,
27 ,    3845 ,     rx ,    4 ,     0 ,     0 ,    0 ,    638         ,
27 ,    3885 ,     rx ,    4 ,     0 ,     0 ,    0 ,    654         ,
27 ,    3925 ,     rx ,    4 ,     0 ,     0 ,    0 ,    665         ,
27 ,    3965 ,     rx ,    4 ,     0 ,     0 ,    0 ,    683         ,
27 ,    4005 ,     rx ,    4 ,     0 ,     0 ,    0 ,    676         ,
27 ,    4045 ,     rx ,    4 ,     0 ,     0 ,    0 ,    679         ,
27 ,    4085 ,     rx ,    4 ,     0 ,     0 ,    0 ,    685         ,
27 ,    4125 ,     rx ,    4 ,     0 ,     0 ,    0 ,    697         ,
27 ,    4165 ,     rx ,    4 ,     0 ,     0 ,    0 ,    701         ,
27 ,    4205 ,     rx ,    4 ,     0 ,     0 ,    0 ,    704         ,
27 ,    4245 ,     rx ,    4 ,     0 ,     0 ,    0 ,    713         ,
27 ,    4285 ,     rx ,    4 ,     0 ,     0 ,    0 ,    722         ,
27 ,    4325 ,     rx ,    4 ,     0 ,     0 ,    0 ,    731         ,
27 ,    4365 ,     rx ,    4 ,     0 ,     0 ,    0 ,    731         ,
27 ,    4405 ,     rx ,    4 ,     0 ,     0 ,    0 ,    739         ,
27 ,    4445 ,     rx ,    4 ,     0 ,     0 ,    0 ,    746         ,
27 ,    4485 ,     rx ,    4 ,     0 ,     0 ,    0 ,    794         ,
27 ,    4525 ,     rx ,    4 ,     0 ,     0 ,    0 ,    743         ,
27 ,    4565 ,     rx ,    4 ,     0 ,     0 ,    0 ,    769         ,
27 ,    4605 ,     rx ,    4 ,     0 ,     0 ,    0 ,    875         ,
27 ,    4645 ,     rx ,    4 ,     0 ,     0 ,    0 ,    780         ,
27 ,    4685 ,     rx ,    4 ,     0 ,     0 ,    0 ,    785         ,
27 ,    4725 ,     rx ,    4 ,     0 ,     0 ,    0 ,    778         ,
27 ,    4765 ,     rx ,    4 ,     0 ,     0 ,    0 ,    913         ,
27 ,    4805 ,     rx ,    4 ,     0 ,     0 ,    0 ,    808         ,
27 ,    4845 ,     rx ,    4 ,     0 ,     0 ,    0 ,    828         ,
27 ,    4885 ,     rx ,    4 ,     0 ,     0 ,    0 ,    819         ,
27 ,    4925 ,     rx ,    4 ,     0 ,     0 ,    0 ,    827         ,
27 ,    4965 ,     rx ,    4 ,     0 ,     0 ,    0 ,    838         ,


