SEED ,  SIZE ,  ALG ,  TYPE ,  CALLS ,  CMP ,     MOVE ,    TIME              ,
27 ,    5 ,     i ,    0 ,     1 ,     11 ,    15 ,    5         ,
27 ,    45 ,     i ,    0 ,     1 ,     520 ,    564 ,    35         ,
27 ,    85 ,     i ,    0 ,     1 ,     1913 ,    1997 ,    112         ,
27 ,    125 ,     i ,    0 ,     1 ,     3952 ,    4076 ,    221         ,
27 ,    165 ,     i ,    0 ,     1 ,     6938 ,    7102 ,    380         ,
27 ,    205 ,     i ,    0 ,     1 ,     10709 ,    10913 ,    8103         ,
27 ,    245 ,     i ,    0 ,     1 ,     15547 ,    15791 ,    837         ,
27 ,    285 ,     i ,    0 ,     1 ,     20253 ,    20537 ,    1083         ,
27 ,    325 ,     i ,    0 ,     1 ,     27447 ,    27771 ,    1462         ,
27 ,    365 ,     i ,    0 ,     1 ,     34906 ,    35270 ,    1977         ,
27 ,    405 ,     i ,    0 ,     1 ,     43483 ,    43887 ,    5343         ,
27 ,    445 ,     i ,    0 ,     1 ,     52112 ,    52556 ,    3257         ,
27 ,    485 ,     i ,    0 ,     1 ,     62568 ,    63052 ,    3307         ,
27 ,    525 ,     i ,    0 ,     1 ,     71588 ,    72112 ,    3914         ,
27 ,    565 ,     i ,    0 ,     1 ,     80602 ,    81166 ,    4243         ,
27 ,    605 ,     i ,    0 ,     1 ,     93671 ,    94275 ,    5047         ,
27 ,    645 ,     i ,    0 ,     1 ,     105874 ,    106518 ,    5675         ,
27 ,    685 ,     i ,    0 ,     1 ,     119009 ,    119693 ,    6242         ,
27 ,    725 ,     i ,    0 ,     1 ,     133268 ,    133992 ,    7110         ,
27 ,    765 ,     i ,    0 ,     1 ,     147817 ,    148581 ,    7868         ,
27 ,    805 ,     i ,    0 ,     1 ,     165016 ,    165820 ,    8754         ,
27 ,    845 ,     i ,    0 ,     1 ,     183655 ,    184499 ,    9729         ,
27 ,    885 ,     i ,    0 ,     1 ,     201034 ,    201918 ,    10756         ,
27 ,    925 ,     i ,    0 ,     1 ,     217185 ,    218109 ,    37185         ,
27 ,    965 ,     i ,    0 ,     1 ,     240046 ,    241010 ,    18332         ,
27 ,    1005 ,     i ,    0 ,     1 ,     260632 ,    261636 ,    24962         ,
27 ,    1045 ,     i ,    0 ,     1 ,     279820 ,    280864 ,    14957         ,
27 ,    1085 ,     i ,    0 ,     1 ,     296563 ,    297647 ,    19971         ,
27 ,    1125 ,     i ,    0 ,     1 ,     317535 ,    318659 ,    16849         ,
27 ,    1165 ,     i ,    0 ,     1 ,     338945 ,    340109 ,    17846         ,
27 ,    1205 ,     i ,    0 ,     1 ,     363211 ,    364415 ,    19184         ,
27 ,    1245 ,     i ,    0 ,     1 ,     389785 ,    391029 ,    26119         ,
27 ,    1285 ,     i ,    0 ,     1 ,     414698 ,    415982 ,    25135         ,
27 ,    1325 ,     i ,    0 ,     1 ,     442726 ,    444050 ,    23513         ,
27 ,    1365 ,     i ,    0 ,     1 ,     472451 ,    473815 ,    25103         ,
27 ,    1405 ,     i ,    0 ,     1 ,     496413 ,    497817 ,    26210         ,
27 ,    1445 ,     i ,    0 ,     1 ,     521145 ,    522589 ,    27497         ,
27 ,    1485 ,     i ,    0 ,     1 ,     551274 ,    552758 ,    30654         ,
27 ,    1525 ,     i ,    0 ,     1 ,     579979 ,    581503 ,    31451         ,
27 ,    1565 ,     i ,    0 ,     1 ,     616169 ,    617733 ,    33324         ,
27 ,    1605 ,     i ,    0 ,     1 ,     647801 ,    649405 ,    35408         ,
27 ,    1645 ,     i ,    0 ,     1 ,     684115 ,    685759 ,    37120         ,
27 ,    1685 ,     i ,    0 ,     1 ,     716426 ,    718110 ,    41374         ,
27 ,    1725 ,     i ,    0 ,     1 ,     748980 ,    750704 ,    40642         ,
27 ,    1765 ,     i ,    0 ,     1 ,     782805 ,    784569 ,    43158         ,
27 ,    1805 ,     i ,    0 ,     1 ,     817979 ,    819783 ,    44928         ,
27 ,    1845 ,     i ,    0 ,     1 ,     856481 ,    858325 ,    47167         ,
27 ,    1885 ,     i ,    0 ,     1 ,     897837 ,    899721 ,    77276         ,
27 ,    1925 ,     i ,    0 ,     1 ,     935716 ,    937640 ,    96292         ,
27 ,    1965 ,     i ,    0 ,     1 ,     972811 ,    974775 ,    158083         ,
27 ,    2005 ,     i ,    0 ,     1 ,     1014443 ,    1016447 ,    85855         ,
27 ,    2045 ,     i ,    0 ,     1 ,     1059456 ,    1061500 ,    57804         ,
27 ,    2085 ,     i ,    0 ,     1 ,     1095829 ,    1097913 ,    76731         ,
27 ,    2125 ,     i ,    0 ,     1 ,     1132995 ,    1135119 ,    63523         ,
27 ,    2165 ,     i ,    0 ,     1 ,     1172639 ,    1174803 ,    65423         ,
27 ,    2205 ,     i ,    0 ,     1 ,     1214886 ,    1217090 ,    76791         ,
27 ,    2245 ,     i ,    0 ,     1 ,     1252463 ,    1254707 ,    71299         ,
27 ,    2285 ,     i ,    0 ,     1 ,     1292827 ,    1295111 ,    71618         ,
27 ,    2325 ,     i ,    0 ,     1 ,     1338434 ,    1340758 ,    74421         ,
27 ,    2365 ,     i ,    0 ,     1 ,     1384315 ,    1386679 ,    77504         ,
27 ,    2405 ,     i ,    0 ,     1 ,     1434656 ,    1437060 ,    91955         ,
27 ,    2445 ,     i ,    0 ,     1 ,     1482910 ,    1485354 ,    85736         ,
27 ,    2485 ,     i ,    0 ,     1 ,     1535798 ,    1538282 ,    151457         ,
27 ,    2525 ,     i ,    0 ,     1 ,     1589623 ,    1592147 ,    163207         ,
27 ,    2565 ,     i ,    0 ,     1 ,     1641176 ,    1643740 ,    91601         ,
27 ,    2605 ,     i ,    0 ,     1 ,     1693439 ,    1696043 ,    97447         ,
27 ,    2645 ,     i ,    0 ,     1 ,     1747983 ,    1750627 ,    98055         ,
27 ,    2685 ,     i ,    0 ,     1 ,     1799144 ,    1801828 ,    104022         ,
27 ,    2725 ,     i ,    0 ,     1 ,     1852344 ,    1855068 ,    105098         ,
27 ,    2765 ,     i ,    0 ,     1 ,     1901627 ,    1904391 ,    108288         ,
27 ,    2805 ,     i ,    0 ,     1 ,     1951753 ,    1954557 ,    111871         ,
27 ,    2845 ,     i ,    0 ,     1 ,     2010060 ,    2012904 ,    130741         ,
27 ,    2885 ,     i ,    0 ,     1 ,     2064463 ,    2067347 ,    158175         ,
27 ,    2925 ,     i ,    0 ,     1 ,     2124426 ,    2127350 ,    150104         ,
27 ,    2965 ,     i ,    0 ,     1 ,     2191397 ,    2194361 ,    121077         ,
27 ,    3005 ,     i ,    0 ,     1 ,     2253090 ,    2256094 ,    122081         ,
27 ,    3045 ,     i ,    0 ,     1 ,     2301722 ,    2304766 ,    127474         ,
27 ,    3085 ,     i ,    0 ,     1 ,     2354455 ,    2357539 ,    126118         ,
27 ,    3125 ,     i ,    0 ,     1 ,     2410655 ,    2413779 ,    132604         ,
27 ,    3165 ,     i ,    0 ,     1 ,     2474771 ,    2477935 ,    366627         ,
27 ,    3205 ,     i ,    0 ,     1 ,     2541813 ,    2545017 ,    141430         ,
27 ,    3245 ,     i ,    0 ,     1 ,     2604137 ,    2607381 ,    144506         ,
27 ,    3285 ,     i ,    0 ,     1 ,     2669651 ,    2672935 ,    150128         ,
27 ,    3325 ,     i ,    0 ,     1 ,     2722616 ,    2725940 ,    163561         ,
27 ,    3365 ,     i ,    0 ,     1 ,     2783570 ,    2786934 ,    203311         ,
27 ,    3405 ,     i ,    0 ,     1 ,     2846675 ,    2850079 ,    182894         ,
27 ,    3445 ,     i ,    0 ,     1 ,     2912944 ,    2916388 ,    163687         ,
27 ,    3485 ,     i ,    0 ,     1 ,     2981773 ,    2985257 ,    190374         ,
27 ,    3525 ,     i ,    0 ,     1 ,     3048084 ,    3051608 ,    170463         ,
27 ,    3565 ,     i ,    0 ,     1 ,     3112860 ,    3116424 ,    172414         ,
27 ,    3605 ,     i ,    0 ,     1 ,     3193692 ,    3197296 ,    175230         ,
27 ,    3645 ,     i ,    0 ,     1 ,     3274373 ,    3278017 ,    179927         ,
27 ,    3685 ,     i ,    0 ,     1 ,     3350263 ,    3353947 ,    185676         ,
27 ,    3725 ,     i ,    0 ,     1 ,     3422811 ,    3426535 ,    190094         ,
27 ,    3765 ,     i ,    0 ,     1 ,     3494983 ,    3498747 ,    192487         ,
27 ,    3805 ,     i ,    0 ,     1 ,     3564385 ,    3568189 ,    197956         ,
27 ,    3845 ,     i ,    0 ,     1 ,     3627429 ,    3631273 ,    199584         ,
27 ,    3885 ,     i ,    0 ,     1 ,     3696063 ,    3699947 ,    201967         ,
27 ,    3925 ,     i ,    0 ,     1 ,     3773686 ,    3777610 ,    208871         ,
27 ,    3965 ,     i ,    0 ,     1 ,     3862732 ,    3866696 ,    210789         ,
27 ,    4005 ,     i ,    0 ,     1 ,     3930605 ,    3934609 ,    214157         ,
27 ,    4045 ,     i ,    0 ,     1 ,     4018546 ,    4022590 ,    218580         ,
27 ,    4085 ,     i ,    0 ,     1 ,     4102957 ,    4107041 ,    224963         ,
27 ,    4125 ,     i ,    0 ,     1 ,     4196545 ,    4200669 ,    226664         ,
27 ,    4165 ,     i ,    0 ,     1 ,     4307069 ,    4311233 ,    235099         ,
27 ,    4205 ,     i ,    0 ,     1 ,     4390575 ,    4394779 ,    239030         ,
27 ,    4245 ,     i ,    0 ,     1 ,     4463358 ,    4467602 ,    244904         ,
27 ,    4285 ,     i ,    0 ,     1 ,     4562019 ,    4566303 ,    248140         ,
27 ,    4325 ,     i ,    0 ,     1 ,     4642296 ,    4646620 ,    254355         ,
27 ,    4365 ,     i ,    0 ,     1 ,     4741780 ,    4746144 ,    257974         ,
27 ,    4405 ,     i ,    0 ,     1 ,     4831307 ,    4835711 ,    263302         ,
27 ,    4445 ,     i ,    0 ,     1 ,     4923702 ,    4928146 ,    283844         ,
27 ,    4485 ,     i ,    0 ,     1 ,     5000812 ,    5005296 ,    272693         ,
27 ,    4525 ,     i ,    0 ,     1 ,     5096850 ,    5101374 ,    277169         ,
27 ,    4565 ,     i ,    0 ,     1 ,     5184342 ,    5188906 ,    282910         ,
27 ,    4605 ,     i ,    0 ,     1 ,     5282819 ,    5287423 ,    288966         ,
27 ,    4645 ,     i ,    0 ,     1 ,     5374909 ,    5379553 ,    290934         ,
27 ,    4685 ,     i ,    0 ,     1 ,     5458643 ,    5463327 ,    294944         ,
27 ,    4725 ,     i ,    0 ,     1 ,     5558476 ,    5563200 ,    304192         ,
27 ,    4765 ,     i ,    0 ,     1 ,     5654717 ,    5659481 ,    309435         ,
27 ,    4805 ,     i ,    0 ,     1 ,     5756878 ,    5761682 ,    311790         ,
27 ,    4845 ,     i ,    0 ,     1 ,     5843853 ,    5848697 ,    315738         ,
27 ,    4885 ,     i ,    0 ,     1 ,     5947287 ,    5952171 ,    321514         ,
27 ,    4925 ,     i ,    0 ,     1 ,     6053858 ,    6058782 ,    327299         ,
27 ,    4965 ,     i ,    0 ,     1 ,     6144812 ,    6149776 ,    333306         ,
27 ,    5 ,     i ,    1 ,     1 ,     4 ,    8 ,    3         ,
27 ,    45 ,     i ,    1 ,     1 ,     44 ,    88 ,    4         ,
27 ,    85 ,     i ,    1 ,     1 ,     84 ,    168 ,    7         ,
27 ,    125 ,     i ,    1 ,     1 ,     124 ,    248 ,    10         ,
27 ,    165 ,     i ,    1 ,     1 ,     164 ,    328 ,    13         ,
27 ,    205 ,     i ,    1 ,     1 ,     204 ,    408 ,    16         ,
27 ,    245 ,     i ,    1 ,     1 ,     244 ,    488 ,    19         ,
27 ,    285 ,     i ,    1 ,     1 ,     284 ,    568 ,    22         ,
27 ,    325 ,     i ,    1 ,     1 ,     324 ,    648 ,    25         ,
27 ,    365 ,     i ,    1 ,     1 ,     364 ,    728 ,    28         ,
27 ,    405 ,     i ,    1 ,     1 ,     404 ,    808 ,    31         ,
27 ,    445 ,     i ,    1 ,     1 ,     444 ,    888 ,    34         ,
27 ,    485 ,     i ,    1 ,     1 ,     484 ,    968 ,    37         ,
27 ,    525 ,     i ,    1 ,     1 ,     524 ,    1048 ,    40         ,
27 ,    565 ,     i ,    1 ,     1 ,     564 ,    1128 ,    43         ,
27 ,    605 ,     i ,    1 ,     1 ,     604 ,    1208 ,    48         ,
27 ,    645 ,     i ,    1 ,     1 ,     644 ,    1288 ,    48         ,
27 ,    685 ,     i ,    1 ,     1 ,     684 ,    1368 ,    51         ,
27 ,    725 ,     i ,    1 ,     1 ,     724 ,    1448 ,    55         ,
27 ,    765 ,     i ,    1 ,     1 ,     764 ,    1528 ,    59         ,
27 ,    805 ,     i ,    1 ,     1 ,     804 ,    1608 ,    60         ,
27 ,    845 ,     i ,    1 ,     1 ,     844 ,    1688 ,    63         ,
27 ,    885 ,     i ,    1 ,     1 ,     884 ,    1768 ,    67         ,
27 ,    925 ,     i ,    1 ,     1 ,     924 ,    1848 ,    69         ,
27 ,    965 ,     i ,    1 ,     1 ,     964 ,    1928 ,    110         ,
27 ,    1005 ,     i ,    1 ,     1 ,     1004 ,    2008 ,    75         ,
27 ,    1045 ,     i ,    1 ,     1 ,     1044 ,    2088 ,    79         ,
27 ,    1085 ,     i ,    1 ,     1 ,     1084 ,    2168 ,    81         ,
27 ,    1125 ,     i ,    1 ,     1 ,     1124 ,    2248 ,    85         ,
27 ,    1165 ,     i ,    1 ,     1 ,     1164 ,    2328 ,    88         ,
27 ,    1205 ,     i ,    1 ,     1 ,     1204 ,    2408 ,    91         ,
27 ,    1245 ,     i ,    1 ,     1 ,     1244 ,    2488 ,    94         ,
27 ,    1285 ,     i ,    1 ,     1 ,     1284 ,    2568 ,    98         ,
27 ,    1325 ,     i ,    1 ,     1 ,     1324 ,    2648 ,    98         ,
27 ,    1365 ,     i ,    1 ,     1 ,     1364 ,    2728 ,    102         ,
27 ,    1405 ,     i ,    1 ,     1 ,     1404 ,    2808 ,    104         ,
27 ,    1445 ,     i ,    1 ,     1 ,     1444 ,    2888 ,    108         ,
27 ,    1485 ,     i ,    1 ,     1 ,     1484 ,    2968 ,    114         ,
27 ,    1525 ,     i ,    1 ,     1 ,     1524 ,    3048 ,    114         ,
27 ,    1565 ,     i ,    1 ,     1 ,     1564 ,    3128 ,    121         ,
27 ,    1605 ,     i ,    1 ,     1 ,     1604 ,    3208 ,    120         ,
27 ,    1645 ,     i ,    1 ,     1 ,     1644 ,    3288 ,    124         ,
27 ,    1685 ,     i ,    1 ,     1 ,     1684 ,    3368 ,    128         ,
27 ,    1725 ,     i ,    1 ,     1 ,     1724 ,    3448 ,    128         ,
27 ,    1765 ,     i ,    1 ,     1 ,     1764 ,    3528 ,    132         ,
27 ,    1805 ,     i ,    1 ,     1 ,     1804 ,    3608 ,    135         ,
27 ,    1845 ,     i ,    1 ,     1 ,     1844 ,    3688 ,    138         ,
27 ,    1885 ,     i ,    1 ,     1 ,     1884 ,    3768 ,    141         ,
27 ,    1925 ,     i ,    1 ,     1 ,     1924 ,    3848 ,    144         ,
27 ,    1965 ,     i ,    1 ,     1 ,     1964 ,    3928 ,    148         ,
27 ,    2005 ,     i ,    1 ,     1 ,     2004 ,    4008 ,    150         ,
27 ,    2045 ,     i ,    1 ,     1 ,     2044 ,    4088 ,    153         ,
27 ,    2085 ,     i ,    1 ,     1 ,     2084 ,    4168 ,    156         ,
27 ,    2125 ,     i ,    1 ,     1 ,     2124 ,    4248 ,    161         ,
27 ,    2165 ,     i ,    1 ,     1 ,     2164 ,    4328 ,    161         ,
27 ,    2205 ,     i ,    1 ,     1 ,     2204 ,    4408 ,    165         ,
27 ,    2245 ,     i ,    1 ,     1 ,     2244 ,    4488 ,    169         ,
27 ,    2285 ,     i ,    1 ,     1 ,     2284 ,    4568 ,    170         ,
27 ,    2325 ,     i ,    1 ,     1 ,     2324 ,    4648 ,    174         ,
27 ,    2365 ,     i ,    1 ,     1 ,     2364 ,    4728 ,    176         ,
27 ,    2405 ,     i ,    1 ,     1 ,     2404 ,    4808 ,    180         ,
27 ,    2445 ,     i ,    1 ,     1 ,     2444 ,    4888 ,    182         ,
27 ,    2485 ,     i ,    1 ,     1 ,     2484 ,    4968 ,    187         ,
27 ,    2525 ,     i ,    1 ,     1 ,     2524 ,    5048 ,    189         ,
27 ,    2565 ,     i ,    1 ,     1 ,     2564 ,    5128 ,    194         ,
27 ,    2605 ,     i ,    1 ,     1 ,     2604 ,    5208 ,    193         ,
27 ,    2645 ,     i ,    1 ,     1 ,     2644 ,    5288 ,    199         ,
27 ,    2685 ,     i ,    1 ,     1 ,     2684 ,    5368 ,    201         ,
27 ,    2725 ,     i ,    1 ,     1 ,     2724 ,    5448 ,    206         ,
27 ,    2765 ,     i ,    1 ,     1 ,     2764 ,    5528 ,    206         ,
27 ,    2805 ,     i ,    1 ,     1 ,     2804 ,    5608 ,    209         ,
27 ,    2845 ,     i ,    1 ,     1 ,     2844 ,    5688 ,    213         ,
27 ,    2885 ,     i ,    1 ,     1 ,     2884 ,    5768 ,    216         ,
27 ,    2925 ,     i ,    1 ,     1 ,     2924 ,    5848 ,    221         ,
27 ,    2965 ,     i ,    1 ,     1 ,     2964 ,    5928 ,    220         ,
27 ,    3005 ,     i ,    1 ,     1 ,     3004 ,    6008 ,    225         ,
27 ,    3045 ,     i ,    1 ,     1 ,     3044 ,    6088 ,    226         ,
27 ,    3085 ,     i ,    1 ,     1 ,     3084 ,    6168 ,    230         ,
27 ,    3125 ,     i ,    1 ,     1 ,     3124 ,    6248 ,    368         ,
27 ,    3165 ,     i ,    1 ,     1 ,     3164 ,    6328 ,    237         ,
27 ,    3205 ,     i ,    1 ,     1 ,     3204 ,    6408 ,    239         ,
27 ,    3245 ,     i ,    1 ,     1 ,     3244 ,    6488 ,    244         ,
27 ,    3285 ,     i ,    1 ,     1 ,     3284 ,    6568 ,    244         ,
27 ,    3325 ,     i ,    1 ,     1 ,     3324 ,    6648 ,    248         ,
27 ,    3365 ,     i ,    1 ,     1 ,     3364 ,    6728 ,    254         ,
27 ,    3405 ,     i ,    1 ,     1 ,     3404 ,    6808 ,    256         ,
27 ,    3445 ,     i ,    1 ,     1 ,     3444 ,    6888 ,    258         ,
27 ,    3485 ,     i ,    1 ,     1 ,     3484 ,    6968 ,    261         ,
27 ,    3525 ,     i ,    1 ,     1 ,     3524 ,    7048 ,    264         ,
27 ,    3565 ,     i ,    1 ,     1 ,     3564 ,    7128 ,    270         ,
27 ,    3605 ,     i ,    1 ,     1 ,     3604 ,    7208 ,    269         ,
27 ,    3645 ,     i ,    1 ,     1 ,     3644 ,    7288 ,    273         ,
27 ,    3685 ,     i ,    1 ,     1 ,     3684 ,    7368 ,    276         ,
27 ,    3725 ,     i ,    1 ,     1 ,     3724 ,    7448 ,    281         ,
27 ,    3765 ,     i ,    1 ,     1 ,     3764 ,    7528 ,    280         ,
27 ,    3805 ,     i ,    1 ,     1 ,     3804 ,    7608 ,    283         ,
27 ,    3845 ,     i ,    1 ,     1 ,     3844 ,    7688 ,    286         ,
27 ,    3885 ,     i ,    1 ,     1 ,     3884 ,    7768 ,    289         ,
27 ,    3925 ,     i ,    1 ,     1 ,     3924 ,    7848 ,    431         ,
27 ,    3965 ,     i ,    1 ,     1 ,     3964 ,    7928 ,    298         ,
27 ,    4005 ,     i ,    1 ,     1 ,     4004 ,    8008 ,    298         ,
27 ,    4045 ,     i ,    1 ,     1 ,     4044 ,    8088 ,    304         ,
27 ,    4085 ,     i ,    1 ,     1 ,     4084 ,    8168 ,    305         ,
27 ,    4125 ,     i ,    1 ,     1 ,     4124 ,    8248 ,    308         ,
27 ,    4165 ,     i ,    1 ,     1 ,     4164 ,    8328 ,    310         ,
27 ,    4205 ,     i ,    1 ,     1 ,     4204 ,    8408 ,    314         ,
27 ,    4245 ,     i ,    1 ,     1 ,     4244 ,    8488 ,    318         ,
27 ,    4285 ,     i ,    1 ,     1 ,     4284 ,    8568 ,    320         ,
27 ,    4325 ,     i ,    1 ,     1 ,     4324 ,    8648 ,    322         ,
27 ,    4365 ,     i ,    1 ,     1 ,     4364 ,    8728 ,    325         ,
27 ,    4405 ,     i ,    1 ,     1 ,     4404 ,    8808 ,    330         ,
27 ,    4445 ,     i ,    1 ,     1 ,     4444 ,    8888 ,    333         ,
27 ,    4485 ,     i ,    1 ,     1 ,     4484 ,    8968 ,    334         ,
27 ,    4525 ,     i ,    1 ,     1 ,     4524 ,    9048 ,    340         ,
27 ,    4565 ,     i ,    1 ,     1 ,     4564 ,    9128 ,    341         ,
27 ,    4605 ,     i ,    1 ,     1 ,     4604 ,    9208 ,    345         ,
27 ,    4645 ,     i ,    1 ,     1 ,     4644 ,    9288 ,    351         ,
27 ,    4685 ,     i ,    1 ,     1 ,     4684 ,    9368 ,    469         ,
27 ,    4725 ,     i ,    1 ,     1 ,     4724 ,    9448 ,    354         ,
27 ,    4765 ,     i ,    1 ,     1 ,     4764 ,    9528 ,    356         ,
27 ,    4805 ,     i ,    1 ,     1 ,     4804 ,    9608 ,    361         ,
27 ,    4845 ,     i ,    1 ,     1 ,     4844 ,    9688 ,    385         ,
27 ,    4885 ,     i ,    1 ,     1 ,     4884 ,    9768 ,    384         ,
27 ,    4925 ,     i ,    1 ,     1 ,     4924 ,    9848 ,    387         ,
27 ,    4965 ,     i ,    1 ,     1 ,     4964 ,    9928 ,    391         ,
27 ,    5 ,     i ,    2 ,     1 ,     14 ,    18 ,    2         ,
27 ,    45 ,     i ,    2 ,     1 ,     1034 ,    1078 ,    63         ,
27 ,    85 ,     i ,    2 ,     1 ,     3654 ,    3738 ,    210         ,
27 ,    125 ,     i ,    2 ,     1 ,     7874 ,    7998 ,    441         ,
27 ,    165 ,     i ,    2 ,     1 ,     13694 ,    13858 ,    762         ,
27 ,    205 ,     i ,    2 ,     1 ,     21114 ,    21318 ,    1294         ,
27 ,    245 ,     i ,    2 ,     1 ,     30134 ,    30378 ,    1624         ,
27 ,    285 ,     i ,    2 ,     1 ,     40754 ,    41038 ,    2326         ,
27 ,    325 ,     i ,    2 ,     1 ,     52974 ,    53298 ,    2846         ,
27 ,    365 ,     i ,    2 ,     1 ,     66794 ,    67158 ,    3732         ,
27 ,    405 ,     i ,    2 ,     1 ,     82214 ,    82618 ,    4417         ,
27 ,    445 ,     i ,    2 ,     1 ,     99234 ,    99678 ,    5722         ,
27 ,    485 ,     i ,    2 ,     1 ,     117854 ,    118338 ,    6608         ,
27 ,    525 ,     i ,    2 ,     1 ,     138074 ,    138598 ,    7700         ,
27 ,    565 ,     i ,    2 ,     1 ,     159894 ,    160458 ,    9084         ,
27 ,    605 ,     i ,    2 ,     1 ,     183314 ,    183918 ,    10569         ,
27 ,    645 ,     i ,    2 ,     1 ,     208334 ,    208978 ,    11881         ,
27 ,    685 ,     i ,    2 ,     1 ,     234954 ,    235638 ,    13504         ,
27 ,    725 ,     i ,    2 ,     1 ,     263174 ,    263898 ,    14954         ,
27 ,    765 ,     i ,    2 ,     1 ,     292994 ,    293758 ,    16889         ,
27 ,    805 ,     i ,    2 ,     1 ,     324414 ,    325218 ,    18508         ,
27 ,    845 ,     i ,    2 ,     1 ,     357434 ,    358278 ,    20370         ,
27 ,    885 ,     i ,    2 ,     1 ,     392054 ,    392938 ,    22699         ,
27 ,    925 ,     i ,    2 ,     1 ,     428274 ,    429198 ,    24530         ,
27 ,    965 ,     i ,    2 ,     1 ,     466094 ,    467058 ,    26536         ,
27 ,    1005 ,     i ,    2 ,     1 ,     505514 ,    506518 ,    31086         ,
27 ,    1045 ,     i ,    2 ,     1 ,     546534 ,    547578 ,    31208         ,
27 ,    1085 ,     i ,    2 ,     1 ,     589154 ,    590238 ,    33714         ,
27 ,    1125 ,     i ,    2 ,     1 ,     633374 ,    634498 ,    36107         ,
27 ,    1165 ,     i ,    2 ,     1 ,     679194 ,    680358 ,    38649         ,
27 ,    1205 ,     i ,    2 ,     1 ,     726614 ,    727818 ,    41357         ,
27 ,    1245 ,     i ,    2 ,     1 ,     775634 ,    776878 ,    67092         ,
27 ,    1285 ,     i ,    2 ,     1 ,     826254 ,    827538 ,    44699         ,
27 ,    1325 ,     i ,    2 ,     1 ,     878474 ,    879798 ,    48628         ,
27 ,    1365 ,     i ,    2 ,     1 ,     932294 ,    933658 ,    50722         ,
27 ,    1405 ,     i ,    2 ,     1 ,     987714 ,    989118 ,    53776         ,
27 ,    1445 ,     i ,    2 ,     1 ,     1044734 ,    1046178 ,    57083         ,
27 ,    1485 ,     i ,    2 ,     1 ,     1103354 ,    1104838 ,    59766         ,
27 ,    1525 ,     i ,    2 ,     1 ,     1163574 ,    1165098 ,    62879         ,
27 ,    1565 ,     i ,    2 ,     1 ,     1225394 ,    1226958 ,    67296         ,
27 ,    1605 ,     i ,    2 ,     1 ,     1288814 ,    1290418 ,    69786         ,
27 ,    1645 ,     i ,    2 ,     1 ,     1353834 ,    1355478 ,    73140         ,
27 ,    1685 ,     i ,    2 ,     1 ,     1420454 ,    1422138 ,    77593         ,
27 ,    1725 ,     i ,    2 ,     1 ,     1488674 ,    1490398 ,    80532         ,
27 ,    1765 ,     i ,    2 ,     1 ,     1558494 ,    1560258 ,    85236         ,
27 ,    1805 ,     i ,    2 ,     1 ,     1629914 ,    1631718 ,    88520         ,
27 ,    1845 ,     i ,    2 ,     1 ,     1702934 ,    1704778 ,    92935         ,
27 ,    1885 ,     i ,    2 ,     1 ,     1777554 ,    1779438 ,    97741         ,
27 ,    1925 ,     i ,    2 ,     1 ,     1853774 ,    1855698 ,    100047         ,
27 ,    1965 ,     i ,    2 ,     1 ,     1931594 ,    1933558 ,    104170         ,
27 ,    2005 ,     i ,    2 ,     1 ,     2011014 ,    2013018 ,    108686         ,
27 ,    2045 ,     i ,    2 ,     1 ,     2092034 ,    2094078 ,    116428         ,
27 ,    2085 ,     i ,    2 ,     1 ,     2174654 ,    2176738 ,    117443         ,
27 ,    2125 ,     i ,    2 ,     1 ,     2258874 ,    2260998 ,    122241         ,
27 ,    2165 ,     i ,    2 ,     1 ,     2344694 ,    2346858 ,    127053         ,
27 ,    2205 ,     i ,    2 ,     1 ,     2432114 ,    2434318 ,    133237         ,
27 ,    2245 ,     i ,    2 ,     1 ,     2521134 ,    2523378 ,    135763         ,
27 ,    2285 ,     i ,    2 ,     1 ,     2611754 ,    2614038 ,    141325         ,
27 ,    2325 ,     i ,    2 ,     1 ,     2703974 ,    2706298 ,    146137         ,
27 ,    2365 ,     i ,    2 ,     1 ,     2797794 ,    2800158 ,    150811         ,
27 ,    2405 ,     i ,    2 ,     1 ,     2893214 ,    2895618 ,    156091         ,
27 ,    2445 ,     i ,    2 ,     1 ,     2990234 ,    2992678 ,    164398         ,
27 ,    2485 ,     i ,    2 ,     1 ,     3088854 ,    3091338 ,    169459         ,
27 ,    2525 ,     i ,    2 ,     1 ,     3189074 ,    3191598 ,    172749         ,
27 ,    2565 ,     i ,    2 ,     1 ,     3290894 ,    3293458 ,    178797         ,
27 ,    2605 ,     i ,    2 ,     1 ,     3394314 ,    3396918 ,    184398         ,
27 ,    2645 ,     i ,    2 ,     1 ,     3499334 ,    3501978 ,    188702         ,
27 ,    2685 ,     i ,    2 ,     1 ,     3605954 ,    3608638 ,    194830         ,
27 ,    2725 ,     i ,    2 ,     1 ,     3714174 ,    3716898 ,    200385         ,
27 ,    2765 ,     i ,    2 ,     1 ,     3823994 ,    3826758 ,    207181         ,
27 ,    2805 ,     i ,    2 ,     1 ,     3935414 ,    3938218 ,    218364         ,
27 ,    2845 ,     i ,    2 ,     1 ,     4048434 ,    4051278 ,    219317         ,
27 ,    2885 ,     i ,    2 ,     1 ,     4163054 ,    4165938 ,    229681         ,
27 ,    2925 ,     i ,    2 ,     1 ,     4279274 ,    4282198 ,    230691         ,
27 ,    2965 ,     i ,    2 ,     1 ,     4397094 ,    4400058 ,    237840         ,
27 ,    3005 ,     i ,    2 ,     1 ,     4516514 ,    4519518 ,    267340         ,
27 ,    3045 ,     i ,    2 ,     1 ,     4637534 ,    4640578 ,    321106         ,
27 ,    3085 ,     i ,    2 ,     1 ,     4760154 ,    4763238 ,    319475         ,
27 ,    3125 ,     i ,    2 ,     1 ,     4884374 ,    4887498 ,    317479         ,
27 ,    3165 ,     i ,    2 ,     1 ,     5010194 ,    5013358 ,    319661         ,
27 ,    3205 ,     i ,    2 ,     1 ,     5137614 ,    5140818 ,    318034         ,
27 ,    3245 ,     i ,    2 ,     1 ,     5266634 ,    5269878 ,    317059         ,
27 ,    3285 ,     i ,    2 ,     1 ,     5397254 ,    5400538 ,    315569         ,
27 ,    3325 ,     i ,    2 ,     1 ,     5529474 ,    5532798 ,    317536         ,
27 ,    3365 ,     i ,    2 ,     1 ,     5663294 ,    5666658 ,    317071         ,
27 ,    3405 ,     i ,    2 ,     1 ,     5798714 ,    5802118 ,    320624         ,
27 ,    3445 ,     i ,    2 ,     1 ,     5935734 ,    5939178 ,    318961         ,
27 ,    3485 ,     i ,    2 ,     1 ,     6074354 ,    6077838 ,    322910         ,
27 ,    3525 ,     i ,    2 ,     1 ,     6214574 ,    6218098 ,    383991         ,
27 ,    3565 ,     i ,    2 ,     1 ,     6356394 ,    6359958 ,    342929         ,
27 ,    3605 ,     i ,    2 ,     1 ,     6499814 ,    6503418 ,    357231         ,
27 ,    3645 ,     i ,    2 ,     1 ,     6644834 ,    6648478 ,    364772         ,
27 ,    3685 ,     i ,    2 ,     1 ,     6791454 ,    6795138 ,    366105         ,
27 ,    3725 ,     i ,    2 ,     1 ,     6939674 ,    6943398 ,    373651         ,
27 ,    3765 ,     i ,    2 ,     1 ,     7089494 ,    7093258 ,    389554         ,
27 ,    3805 ,     i ,    2 ,     1 ,     7240914 ,    7244718 ,    388655         ,
27 ,    3845 ,     i ,    2 ,     1 ,     7393934 ,    7397778 ,    403640         ,
27 ,    3885 ,     i ,    2 ,     1 ,     7548554 ,    7552438 ,    407683         ,
27 ,    3925 ,     i ,    2 ,     1 ,     7704774 ,    7708698 ,    418172         ,
27 ,    3965 ,     i ,    2 ,     1 ,     7862594 ,    7866558 ,    429507         ,
27 ,    4005 ,     i ,    2 ,     1 ,     8022014 ,    8026018 ,    433432         ,
27 ,    4045 ,     i ,    2 ,     1 ,     8183034 ,    8187078 ,    443702         ,
27 ,    4085 ,     i ,    2 ,     1 ,     8345654 ,    8349738 ,    451100         ,
27 ,    4125 ,     i ,    2 ,     1 ,     8509874 ,    8513998 ,    458458         ,
27 ,    4165 ,     i ,    2 ,     1 ,     8675694 ,    8679858 ,    466656         ,
27 ,    4205 ,     i ,    2 ,     1 ,     8843114 ,    8847318 ,    477154         ,
27 ,    4245 ,     i ,    2 ,     1 ,     9012134 ,    9016378 ,    488167         ,
27 ,    4285 ,     i ,    2 ,     1 ,     9182754 ,    9187038 ,    494518         ,
27 ,    4325 ,     i ,    2 ,     1 ,     9354974 ,    9359298 ,    505458         ,
27 ,    4365 ,     i ,    2 ,     1 ,     9528794 ,    9533158 ,    677919         ,
27 ,    4405 ,     i ,    2 ,     1 ,     9704214 ,    9708618 ,    552840         ,
27 ,    4445 ,     i ,    2 ,     1 ,     9881234 ,    9885678 ,    556225         ,
27 ,    4485 ,     i ,    2 ,     1 ,     10059854 ,    10064338 ,    543968         ,
27 ,    4525 ,     i ,    2 ,     1 ,     10240074 ,    10244598 ,    795375         ,
27 ,    4565 ,     i ,    2 ,     1 ,     10421894 ,    10426458 ,    564321         ,
27 ,    4605 ,     i ,    2 ,     1 ,     10605314 ,    10609918 ,    580650         ,
27 ,    4645 ,     i ,    2 ,     1 ,     10790334 ,    10794978 ,    582431         ,
27 ,    4685 ,     i ,    2 ,     1 ,     10976954 ,    10981638 ,    599339         ,
27 ,    4725 ,     i ,    2 ,     1 ,     11165174 ,    11169898 ,    611355         ,
27 ,    4765 ,     i ,    2 ,     1 ,     11354994 ,    11359758 ,    865749         ,
27 ,    4805 ,     i ,    2 ,     1 ,     11546414 ,    11551218 ,    910469         ,
27 ,    4845 ,     i ,    2 ,     1 ,     11739434 ,    11744278 ,    869758         ,
27 ,    4885 ,     i ,    2 ,     1 ,     11934054 ,    11938938 ,    827731         ,
27 ,    4925 ,     i ,    2 ,     1 ,     12130274 ,    12135198 ,    789252         ,
27 ,    4965 ,     i ,    2 ,     1 ,     12328094 ,    12333058 ,    714284         ,
27 ,    5 ,     i ,    3 ,     1 ,     6 ,    10 ,    4         ,
27 ,    45 ,     i ,    3 ,     1 ,     285 ,    329 ,    1591         ,
27 ,    85 ,     i ,    3 ,     1 ,     904 ,    988 ,    63         ,
27 ,    125 ,     i ,    3 ,     1 ,     1630 ,    1754 ,    102         ,
27 ,    165 ,     i ,    3 ,     1 ,     3032 ,    3196 ,    179         ,
27 ,    205 ,     i ,    3 ,     1 ,     5493 ,    5697 ,    313         ,
27 ,    245 ,     i ,    3 ,     1 ,     8213 ,    8457 ,    459         ,
27 ,    285 ,     i ,    3 ,     1 ,     12377 ,    12661 ,    770         ,
27 ,    325 ,     i ,    3 ,     1 ,     14315 ,    14639 ,    785         ,
27 ,    365 ,     i ,    3 ,     1 ,     17467 ,    17831 ,    957         ,
27 ,    405 ,     i ,    3 ,     1 ,     20969 ,    21373 ,    1230         ,
27 ,    445 ,     i ,    3 ,     1 ,     24763 ,    25207 ,    1345         ,
27 ,    485 ,     i ,    3 ,     1 ,     30377 ,    30861 ,    1642         ,
27 ,    525 ,     i ,    3 ,     1 ,     34447 ,    34971 ,    1856         ,
27 ,    565 ,     i ,    3 ,     1 ,     39668 ,    40232 ,    2217         ,
27 ,    605 ,     i ,    3 ,     1 ,     44148 ,    44752 ,    2371         ,
27 ,    645 ,     i ,    3 ,     1 ,     55716 ,    56360 ,    3067         ,
27 ,    685 ,     i ,    3 ,     1 ,     64403 ,    65087 ,    3513         ,
27 ,    725 ,     i ,    3 ,     1 ,     69090 ,    69814 ,    3767         ,
27 ,    765 ,     i ,    3 ,     1 ,     74755 ,    75519 ,    4080         ,
27 ,    805 ,     i ,    3 ,     1 ,     81693 ,    82497 ,    5831         ,
27 ,    845 ,     i ,    3 ,     1 ,     95062 ,    95906 ,    5258         ,
27 ,    885 ,     i ,    3 ,     1 ,     93604 ,    94488 ,    5320         ,
27 ,    925 ,     i ,    3 ,     1 ,     115786 ,    116710 ,    6688         ,
27 ,    965 ,     i ,    3 ,     1 ,     122508 ,    123472 ,    8021         ,
27 ,    1005 ,     i ,    3 ,     1 ,     122574 ,    123578 ,    6937         ,
27 ,    1045 ,     i ,    3 ,     1 ,     141450 ,    142494 ,    7964         ,
27 ,    1085 ,     i ,    3 ,     1 ,     145591 ,    146675 ,    7975         ,
27 ,    1125 ,     i ,    3 ,     1 ,     158121 ,    159245 ,    9045         ,
27 ,    1165 ,     i ,    3 ,     1 ,     171775 ,    172939 ,    9693         ,
27 ,    1205 ,     i ,    3 ,     1 ,     186258 ,    187462 ,    10156         ,
27 ,    1245 ,     i ,    3 ,     1 ,     196876 ,    198120 ,    11052         ,
27 ,    1285 ,     i ,    3 ,     1 ,     211024 ,    212308 ,    11679         ,
27 ,    1325 ,     i ,    3 ,     1 ,     225027 ,    226351 ,    12730         ,
27 ,    1365 ,     i ,    3 ,     1 ,     247281 ,    248645 ,    18128         ,
27 ,    1405 ,     i ,    3 ,     1 ,     245588 ,    246992 ,    13682         ,
27 ,    1445 ,     i ,    3 ,     1 ,     264744 ,    266188 ,    15041         ,
27 ,    1485 ,     i ,    3 ,     1 ,     268884 ,    270368 ,    15684         ,
27 ,    1525 ,     i ,    3 ,     1 ,     277600 ,    279124 ,    17782         ,
27 ,    1565 ,     i ,    3 ,     1 ,     315483 ,    317047 ,    17577         ,
27 ,    1605 ,     i ,    3 ,     1 ,     316457 ,    318061 ,    18890         ,
27 ,    1645 ,     i ,    3 ,     1 ,     352270 ,    353914 ,    20180         ,
27 ,    1685 ,     i ,    3 ,     1 ,     359972 ,    361656 ,    20089         ,
27 ,    1725 ,     i ,    3 ,     1 ,     371008 ,    372732 ,    21853         ,
27 ,    1765 ,     i ,    3 ,     1 ,     383994 ,    385758 ,    21858         ,
27 ,    1805 ,     i ,    3 ,     1 ,     407900 ,    409704 ,    22110         ,
27 ,    1845 ,     i ,    3 ,     1 ,     407097 ,    408941 ,    24445         ,
27 ,    1885 ,     i ,    3 ,     1 ,     444676 ,    446560 ,    26311         ,
27 ,    1925 ,     i ,    3 ,     1 ,     472193 ,    474117 ,    27716         ,
27 ,    1965 ,     i ,    3 ,     1 ,     466366 ,    468330 ,    26786         ,
27 ,    2005 ,     i ,    3 ,     1 ,     529065 ,    531069 ,    29003         ,
27 ,    2045 ,     i ,    3 ,     1 ,     504601 ,    506645 ,    27684         ,
27 ,    2085 ,     i ,    3 ,     1 ,     520560 ,    522644 ,    30242         ,
27 ,    2125 ,     i ,    3 ,     1 ,     575937 ,    578061 ,    34064         ,
27 ,    2165 ,     i ,    3 ,     1 ,     585141 ,    587305 ,    34360         ,
27 ,    2205 ,     i ,    3 ,     1 ,     615770 ,    617974 ,    33374         ,
27 ,    2245 ,     i ,    3 ,     1 ,     617087 ,    619331 ,    34094         ,
27 ,    2285 ,     i ,    3 ,     1 ,     628938 ,    631222 ,    34750         ,
27 ,    2325 ,     i ,    3 ,     1 ,     691967 ,    694291 ,    39679         ,
27 ,    2365 ,     i ,    3 ,     1 ,     706248 ,    708612 ,    40667         ,
27 ,    2405 ,     i ,    3 ,     1 ,     708216 ,    710620 ,    41028         ,
27 ,    2445 ,     i ,    3 ,     1 ,     755422 ,    757866 ,    43839         ,
27 ,    2485 ,     i ,    3 ,     1 ,     756492 ,    758976 ,    43807         ,
27 ,    2525 ,     i ,    3 ,     1 ,     825300 ,    827824 ,    49178         ,
27 ,    2565 ,     i ,    3 ,     1 ,     801232 ,    803796 ,    44844         ,
27 ,    2605 ,     i ,    3 ,     1 ,     838183 ,    840787 ,    49799         ,
27 ,    2645 ,     i ,    3 ,     1 ,     887176 ,    889820 ,    51072         ,
27 ,    2685 ,     i ,    3 ,     1 ,     865560 ,    868244 ,    50486         ,
27 ,    2725 ,     i ,    3 ,     1 ,     910554 ,    913278 ,    52041         ,
27 ,    2765 ,     i ,    3 ,     1 ,     936417 ,    939181 ,    54786         ,
27 ,    2805 ,     i ,    3 ,     1 ,     943641 ,    946445 ,    54463         ,
27 ,    2845 ,     i ,    3 ,     1 ,     1006933 ,    1009777 ,    59481         ,
27 ,    2885 ,     i ,    3 ,     1 ,     1047597 ,    1050481 ,    62538         ,
27 ,    2925 ,     i ,    3 ,     1 ,     1087132 ,    1090056 ,    62744         ,
27 ,    2965 ,     i ,    3 ,     1 ,     1107601 ,    1110565 ,    63623         ,
27 ,    3005 ,     i ,    3 ,     1 ,     1109848 ,    1112852 ,    66473         ,
27 ,    3045 ,     i ,    3 ,     1 ,     1164248 ,    1167292 ,    67356         ,
27 ,    3085 ,     i ,    3 ,     1 ,     1213403 ,    1216487 ,    71279         ,
27 ,    3125 ,     i ,    3 ,     1 ,     1241566 ,    1244690 ,    73286         ,
27 ,    3165 ,     i ,    3 ,     1 ,     1254648 ,    1257812 ,    74507         ,
27 ,    3205 ,     i ,    3 ,     1 ,     1316611 ,    1319815 ,    81835         ,
27 ,    3245 ,     i ,    3 ,     1 ,     1326531 ,    1329775 ,    82133         ,
27 ,    3285 ,     i ,    3 ,     1 ,     1332569 ,    1335853 ,    78097         ,
27 ,    3325 ,     i ,    3 ,     1 ,     1418283 ,    1421607 ,    81883         ,
27 ,    3365 ,     i ,    3 ,     1 ,     1451442 ,    1454806 ,    78895         ,
27 ,    3405 ,     i ,    3 ,     1 ,     1497629 ,    1501033 ,    86189         ,
27 ,    3445 ,     i ,    3 ,     1 ,     1456438 ,    1459882 ,    82325         ,
27 ,    3485 ,     i ,    3 ,     1 ,     1534443 ,    1537927 ,    94473         ,
27 ,    3525 ,     i ,    3 ,     1 ,     1583933 ,    1587457 ,    96218         ,
27 ,    3565 ,     i ,    3 ,     1 ,     1537547 ,    1541111 ,    84474         ,
27 ,    3605 ,     i ,    3 ,     1 ,     1582760 ,    1586364 ,    89099         ,
27 ,    3645 ,     i ,    3 ,     1 ,     1633081 ,    1636725 ,    93937         ,
27 ,    3685 ,     i ,    3 ,     1 ,     1670134 ,    1673818 ,    91260         ,
27 ,    3725 ,     i ,    3 ,     1 ,     1764578 ,    1768302 ,    100152         ,
27 ,    3765 ,     i ,    3 ,     1 ,     1777271 ,    1781035 ,    104474         ,
27 ,    3805 ,     i ,    3 ,     1 ,     1798729 ,    1802533 ,    100938         ,
27 ,    3845 ,     i ,    3 ,     1 ,     1785557 ,    1789401 ,    105259         ,
27 ,    3885 ,     i ,    3 ,     1 ,     1883769 ,    1887653 ,    110341         ,
27 ,    3925 ,     i ,    3 ,     1 ,     1972762 ,    1976686 ,    113142         ,
27 ,    3965 ,     i ,    3 ,     1 ,     1989529 ,    1993493 ,    112606         ,
27 ,    4005 ,     i ,    3 ,     1 ,     1979403 ,    1983407 ,    112134         ,
27 ,    4045 ,     i ,    3 ,     1 ,     2087213 ,    2091257 ,    121584         ,
27 ,    4085 ,     i ,    3 ,     1 ,     2079208 ,    2083292 ,    119897         ,
27 ,    4125 ,     i ,    3 ,     1 ,     2071748 ,    2075872 ,    121896         ,
27 ,    4165 ,     i ,    3 ,     1 ,     2209713 ,    2213877 ,    128514         ,
27 ,    4205 ,     i ,    3 ,     1 ,     2204961 ,    2209165 ,    125642         ,
27 ,    4245 ,     i ,    3 ,     1 ,     2290100 ,    2294344 ,    130150         ,
27 ,    4285 ,     i ,    3 ,     1 ,     2363499 ,    2367783 ,    137994         ,
27 ,    4325 ,     i ,    3 ,     1 ,     2258892 ,    2263216 ,    124595         ,
27 ,    4365 ,     i ,    3 ,     1 ,     2375263 ,    2379627 ,    137115         ,
27 ,    4405 ,     i ,    3 ,     1 ,     2454919 ,    2459323 ,    143553         ,
27 ,    4445 ,     i ,    3 ,     1 ,     2515612 ,    2520056 ,    146602         ,
27 ,    4485 ,     i ,    3 ,     1 ,     2508311 ,    2512795 ,    144858         ,
27 ,    4525 ,     i ,    3 ,     1 ,     2537017 ,    2541541 ,    146548         ,
27 ,    4565 ,     i ,    3 ,     1 ,     2527002 ,    2531566 ,    145007         ,
27 ,    4605 ,     i ,    3 ,     1 ,     2675652 ,    2680256 ,    153959         ,
27 ,    4645 ,     i ,    3 ,     1 ,     2663235 ,    2667879 ,    147388         ,
27 ,    4685 ,     i ,    3 ,     1 ,     2656857 ,    2661541 ,    160437         ,
27 ,    4725 ,     i ,    3 ,     1 ,     2811393 ,    2816117 ,    160193         ,
27 ,    4765 ,     i ,    3 ,     1 ,     2762471 ,    2767235 ,    160157         ,
27 ,    4805 ,     i ,    3 ,     1 ,     2862449 ,    2867253 ,    162912         ,
27 ,    4845 ,     i ,    3 ,     1 ,     2970986 ,    2975830 ,    161652         ,
27 ,    4885 ,     i ,    3 ,     1 ,     2991142 ,    2996026 ,    175776         ,
27 ,    4925 ,     i ,    3 ,     1 ,     3026918 ,    3031842 ,    179939         ,
27 ,    4965 ,     i ,    3 ,     1 ,     3058525 ,    3063489 ,    183804         ,
27 ,    5 ,     i ,    4 ,     1 ,     9 ,    13 ,    4         ,
27 ,    45 ,     i ,    4 ,     1 ,     467 ,    511 ,    34         ,
27 ,    85 ,     i ,    4 ,     1 ,     1753 ,    1837 ,    109         ,
27 ,    125 ,     i ,    4 ,     1 ,     3096 ,    3220 ,    179         ,
27 ,    165 ,     i ,    4 ,     1 ,     6213 ,    6377 ,    343         ,
27 ,    205 ,     i ,    4 ,     1 ,     9152 ,    9356 ,    504         ,
27 ,    245 ,     i ,    4 ,     1 ,     12796 ,    13040 ,    696         ,
27 ,    285 ,     i ,    4 ,     1 ,     17025 ,    17309 ,    2360         ,
27 ,    325 ,     i ,    4 ,     1 ,     21565 ,    21889 ,    1246         ,
27 ,    365 ,     i ,    4 ,     1 ,     27171 ,    27535 ,    1455         ,
27 ,    405 ,     i ,    4 ,     1 ,     35523 ,    35927 ,    1889         ,
27 ,    445 ,     i ,    4 ,     1 ,     39332 ,    39776 ,    2352         ,
27 ,    485 ,     i ,    4 ,     1 ,     51427 ,    51911 ,    2814         ,
27 ,    525 ,     i ,    4 ,     1 ,     55019 ,    55543 ,    2917         ,
27 ,    565 ,     i ,    4 ,     1 ,     65945 ,    66509 ,    3574         ,
27 ,    605 ,     i ,    4 ,     1 ,     76561 ,    77165 ,    4048         ,
27 ,    645 ,     i ,    4 ,     1 ,     82727 ,    83371 ,    4473         ,
27 ,    685 ,     i ,    4 ,     1 ,     97006 ,    97690 ,    5512         ,
27 ,    725 ,     i ,    4 ,     1 ,     104632 ,    105356 ,    5605         ,
27 ,    765 ,     i ,    4 ,     1 ,     121195 ,    121959 ,    6950         ,
27 ,    805 ,     i ,    4 ,     1 ,     132799 ,    133603 ,    7475         ,
27 ,    845 ,     i ,    4 ,     1 ,     146850 ,    147694 ,    8335         ,
27 ,    885 ,     i ,    4 ,     1 ,     160612 ,    161496 ,    9051         ,
27 ,    925 ,     i ,    4 ,     1 ,     178317 ,    179241 ,    9855         ,
27 ,    965 ,     i ,    4 ,     1 ,     181924 ,    182888 ,    11462         ,
27 ,    1005 ,     i ,    4 ,     1 ,     204945 ,    205949 ,    11352         ,
27 ,    1045 ,     i ,    4 ,     1 ,     235617 ,    236661 ,    13097         ,
27 ,    1085 ,     i ,    4 ,     1 ,     238068 ,    239152 ,    12886         ,
27 ,    1125 ,     i ,    4 ,     1 ,     250403 ,    251527 ,    13808         ,
27 ,    1165 ,     i ,    4 ,     1 ,     266716 ,    267880 ,    14909         ,
27 ,    1205 ,     i ,    4 ,     1 ,     287532 ,    288736 ,    16071         ,
27 ,    1245 ,     i ,    4 ,     1 ,     290306 ,    291550 ,    16160         ,
27 ,    1285 ,     i ,    4 ,     1 ,     319307 ,    320591 ,    17629         ,
27 ,    1325 ,     i ,    4 ,     1 ,     355364 ,    356688 ,    19451         ,
27 ,    1365 ,     i ,    4 ,     1 ,     366002 ,    367366 ,    21310         ,
27 ,    1405 ,     i ,    4 ,     1 ,     388484 ,    389888 ,    23241         ,
27 ,    1445 ,     i ,    4 ,     1 ,     427066 ,    428510 ,    23767         ,
27 ,    1485 ,     i ,    4 ,     1 ,     450184 ,    451668 ,    27786         ,
27 ,    1525 ,     i ,    4 ,     1 ,     461990 ,    463514 ,    27086         ,
27 ,    1565 ,     i ,    4 ,     1 ,     487271 ,    488835 ,    28271         ,
27 ,    1605 ,     i ,    4 ,     1 ,     520674 ,    522278 ,    29551         ,
27 ,    1645 ,     i ,    4 ,     1 ,     534869 ,    536513 ,    29980         ,
27 ,    1685 ,     i ,    4 ,     1 ,     566454 ,    568138 ,    30909         ,
27 ,    1725 ,     i ,    4 ,     1 ,     611408 ,    613132 ,    36033         ,
27 ,    1765 ,     i ,    4 ,     1 ,     620732 ,    622496 ,    36171         ,
27 ,    1805 ,     i ,    4 ,     1 ,     674024 ,    675828 ,    39529         ,
27 ,    1845 ,     i ,    4 ,     1 ,     687538 ,    689382 ,    39944         ,
27 ,    1885 ,     i ,    4 ,     1 ,     726818 ,    728702 ,    41288         ,
27 ,    1925 ,     i ,    4 ,     1 ,     735431 ,    737355 ,    42335         ,
27 ,    1965 ,     i ,    4 ,     1 ,     763451 ,    765415 ,    41704         ,
27 ,    2005 ,     i ,    4 ,     1 ,     828786 ,    830790 ,    48449         ,
27 ,    2045 ,     i ,    4 ,     1 ,     826402 ,    828446 ,    48181         ,
27 ,    2085 ,     i ,    4 ,     1 ,     880542 ,    882626 ,    52995         ,
27 ,    2125 ,     i ,    4 ,     1 ,     913222 ,    915346 ,    54043         ,
27 ,    2165 ,     i ,    4 ,     1 ,     956337 ,    958501 ,    55294         ,
27 ,    2205 ,     i ,    4 ,     1 ,     1002602 ,    1004806 ,    57839         ,
27 ,    2245 ,     i ,    4 ,     1 ,     1017125 ,    1019369 ,    61744         ,
27 ,    2285 ,     i ,    4 ,     1 ,     1027412 ,    1029696 ,    58630         ,
27 ,    2325 ,     i ,    4 ,     1 ,     1064846 ,    1067170 ,    63213         ,
27 ,    2365 ,     i ,    4 ,     1 ,     1122101 ,    1124465 ,    64602         ,
27 ,    2405 ,     i ,    4 ,     1 ,     1155851 ,    1158255 ,    66621         ,
27 ,    2445 ,     i ,    4 ,     1 ,     1189479 ,    1191923 ,    73370         ,
27 ,    2485 ,     i ,    4 ,     1 ,     1258430 ,    1260914 ,    75515         ,
27 ,    2525 ,     i ,    4 ,     1 ,     1289172 ,    1291696 ,    75143         ,
27 ,    2565 ,     i ,    4 ,     1 ,     1304303 ,    1306867 ,    75239         ,
27 ,    2605 ,     i ,    4 ,     1 ,     1394685 ,    1397289 ,    76182         ,
27 ,    2645 ,     i ,    4 ,     1 ,     1398899 ,    1401543 ,    77420         ,
27 ,    2685 ,     i ,    4 ,     1 ,     1441996 ,    1444680 ,    85398         ,
27 ,    2725 ,     i ,    4 ,     1 ,     1499630 ,    1502354 ,    88420         ,
27 ,    2765 ,     i ,    4 ,     1 ,     1532447 ,    1535211 ,    88547         ,
27 ,    2805 ,     i ,    4 ,     1 ,     1536230 ,    1539034 ,    90289         ,
27 ,    2845 ,     i ,    4 ,     1 ,     1656709 ,    1659553 ,    96073         ,
27 ,    2885 ,     i ,    4 ,     1 ,     1674513 ,    1677397 ,    99301         ,
27 ,    2925 ,     i ,    4 ,     1 ,     1692850 ,    1695774 ,    95699         ,
27 ,    2965 ,     i ,    4 ,     1 ,     1754458 ,    1757422 ,    107253         ,
27 ,    3005 ,     i ,    4 ,     1 ,     1813936 ,    1816940 ,    106002         ,
27 ,    3045 ,     i ,    4 ,     1 ,     1870774 ,    1873818 ,    106189         ,
27 ,    3085 ,     i ,    4 ,     1 ,     1883085 ,    1886169 ,    108407         ,
27 ,    3125 ,     i ,    4 ,     1 ,     1949263 ,    1952387 ,    114592         ,
27 ,    3165 ,     i ,    4 ,     1 ,     1984518 ,    1987682 ,    116028         ,
27 ,    3205 ,     i ,    4 ,     1 ,     2044730 ,    2047934 ,    118181         ,
27 ,    3245 ,     i ,    4 ,     1 ,     2137282 ,    2140526 ,    125124         ,
27 ,    3285 ,     i ,    4 ,     1 ,     2184574 ,    2187858 ,    122781         ,
27 ,    3325 ,     i ,    4 ,     1 ,     2224392 ,    2227716 ,    126674         ,
27 ,    3365 ,     i ,    4 ,     1 ,     2281534 ,    2284898 ,    129538         ,
27 ,    3405 ,     i ,    4 ,     1 ,     2312822 ,    2316226 ,    126527         ,
27 ,    3445 ,     i ,    4 ,     1 ,     2365016 ,    2368460 ,    131619         ,
27 ,    3485 ,     i ,    4 ,     1 ,     2411721 ,    2415205 ,    139913         ,
27 ,    3525 ,     i ,    4 ,     1 ,     2517843 ,    2521367 ,    146950         ,
27 ,    3565 ,     i ,    4 ,     1 ,     2519006 ,    2522570 ,    139106         ,
27 ,    3605 ,     i ,    4 ,     1 ,     2576733 ,    2580337 ,    148907         ,
27 ,    3645 ,     i ,    4 ,     1 ,     2586677 ,    2590321 ,    149936         ,
27 ,    3685 ,     i ,    4 ,     1 ,     2671443 ,    2675127 ,    146038         ,
27 ,    3725 ,     i ,    4 ,     1 ,     2762776 ,    2766500 ,    149443         ,
27 ,    3765 ,     i ,    4 ,     1 ,     2826585 ,    2830349 ,    173804         ,
27 ,    3805 ,     i ,    4 ,     1 ,     2880195 ,    2883999 ,    165403         ,
27 ,    3845 ,     i ,    4 ,     1 ,     2942517 ,    2946361 ,    168520         ,
27 ,    3885 ,     i ,    4 ,     1 ,     3088493 ,    3092377 ,    170790         ,
27 ,    3925 ,     i ,    4 ,     1 ,     3128112 ,    3132036 ,    171490         ,
27 ,    3965 ,     i ,    4 ,     1 ,     3112864 ,    3116828 ,    199393         ,
27 ,    4005 ,     i ,    4 ,     1 ,     3229168 ,    3233172 ,    184359         ,
27 ,    4045 ,     i ,    4 ,     1 ,     3283738 ,    3287782 ,    184186         ,
27 ,    4085 ,     i ,    4 ,     1 ,     3411343 ,    3415427 ,    211823         ,
27 ,    4125 ,     i ,    4 ,     1 ,     3408428 ,    3412552 ,    208866         ,
27 ,    4165 ,     i ,    4 ,     1 ,     3561874 ,    3566038 ,    206618         ,
27 ,    4205 ,     i ,    4 ,     1 ,     3524044 ,    3528248 ,    201381         ,
27 ,    4245 ,     i ,    4 ,     1 ,     3551525 ,    3555769 ,    203313         ,
27 ,    4285 ,     i ,    4 ,     1 ,     3708784 ,    3713068 ,    214026         ,
27 ,    4325 ,     i ,    4 ,     1 ,     3669743 ,    3674067 ,    209969         ,
27 ,    4365 ,     i ,    4 ,     1 ,     3898219 ,    3902583 ,    227835         ,
27 ,    4405 ,     i ,    4 ,     1 ,     3861105 ,    3865509 ,    218712         ,
27 ,    4445 ,     i ,    4 ,     1 ,     3974145 ,    3978589 ,    226491         ,
27 ,    4485 ,     i ,    4 ,     1 ,     4032833 ,    4037317 ,    226115         ,
27 ,    4525 ,     i ,    4 ,     1 ,     4116896 ,    4121420 ,    242209         ,
27 ,    4565 ,     i ,    4 ,     1 ,     4068262 ,    4072826 ,    229420         ,
27 ,    4605 ,     i ,    4 ,     1 ,     4253874 ,    4258478 ,    242822         ,
27 ,    4645 ,     i ,    4 ,     1 ,     4372483 ,    4377127 ,    257675         ,
27 ,    4685 ,     i ,    4 ,     1 ,     4485155 ,    4489839 ,    262364         ,
27 ,    4725 ,     i ,    4 ,     1 ,     4602067 ,    4606791 ,    274890         ,
27 ,    4765 ,     i ,    4 ,     1 ,     4610885 ,    4615649 ,    274724         ,
27 ,    4805 ,     i ,    4 ,     1 ,     4551844 ,    4556648 ,    261003         ,
27 ,    4845 ,     i ,    4 ,     1 ,     4660282 ,    4665126 ,    283045         ,
27 ,    4885 ,     i ,    4 ,     1 ,     4647447 ,    4652331 ,    266245         ,
27 ,    4925 ,     i ,    4 ,     1 ,     4935431 ,    4940355 ,    288874         ,
27 ,    4965 ,     i ,    4 ,     1 ,     4890647 ,    4895611 ,    288836         ,


