SEED ,  SIZE ,  ALG ,  TYPE ,  CALLS ,  CMP ,     MOVE ,    TIME              ,
27 ,    5 ,     q3 ,    0 ,     8 ,     14 ,    15 ,    10         ,
27 ,    45 ,     q3 ,    0 ,     82 ,     289 ,    228 ,    58         ,
27 ,    85 ,     q3 ,    0 ,     140 ,     627 ,    477 ,    113         ,
27 ,    125 ,     q3 ,    0 ,     220 ,     1087 ,    774 ,    181         ,
27 ,    165 ,     q3 ,    0 ,     284 ,     1466 ,    1095 ,    227         ,
27 ,    205 ,     q3 ,    0 ,     352 ,     1876 ,    1389 ,    299         ,
27 ,    245 ,     q3 ,    0 ,     414 ,     2281 ,    1707 ,    366         ,
27 ,    285 ,     q3 ,    0 ,     490 ,     2889 ,    1998 ,    437         ,
27 ,    325 ,     q3 ,    0 ,     562 ,     3287 ,    2295 ,    498         ,
27 ,    365 ,     q3 ,    0 ,     638 ,     3709 ,    2649 ,    557         ,
27 ,    405 ,     q3 ,    0 ,     702 ,     4186 ,    3006 ,    1076         ,
27 ,    445 ,     q3 ,    0 ,     778 ,     4728 ,    3324 ,    718         ,
27 ,    485 ,     q3 ,    0 ,     850 ,     5250 ,    3690 ,    921         ,
27 ,    525 ,     q3 ,    0 ,     888 ,     5458 ,    4056 ,    880         ,
27 ,    565 ,     q3 ,    0 ,     984 ,     6138 ,    4365 ,    944         ,
27 ,    605 ,     q3 ,    0 ,     1038 ,     6470 ,    4797 ,    1021         ,
27 ,    645 ,     q3 ,    0 ,     1146 ,     7859 ,    5025 ,    1129         ,
27 ,    685 ,     q3 ,    0 ,     1194 ,     7655 ,    5403 ,    1183         ,
27 ,    725 ,     q3 ,    0 ,     1248 ,     8232 ,    5787 ,    3625         ,
27 ,    765 ,     q3 ,    0 ,     1320 ,     8738 ,    6156 ,    1336         ,
27 ,    805 ,     q3 ,    0 ,     1426 ,     9250 ,    6726 ,    1420         ,
27 ,    845 ,     q3 ,    0 ,     1476 ,     9523 ,    6990 ,    1496         ,
27 ,    885 ,     q3 ,    0 ,     1562 ,     10515 ,    7236 ,    1773         ,
27 ,    925 ,     q3 ,    0 ,     1620 ,     10635 ,    7746 ,    1686         ,
27 ,    965 ,     q3 ,    0 ,     1654 ,     11762 ,    7968 ,    1751         ,
27 ,    1005 ,     q3 ,    0 ,     1732 ,     12142 ,    8322 ,    1859         ,
27 ,    1045 ,     q3 ,    0 ,     1806 ,     12594 ,    8814 ,    1974         ,
27 ,    1085 ,     q3 ,    0 ,     1876 ,     13443 ,    8991 ,    2069         ,
27 ,    1125 ,     q3 ,    0 ,     1942 ,     14276 ,    9393 ,    2074         ,
27 ,    1165 ,     q3 ,    0 ,     2040 ,     14061 ,    9792 ,    2131         ,
27 ,    1205 ,     q3 ,    0 ,     2084 ,     15175 ,    10137 ,    5386         ,
27 ,    1245 ,     q3 ,    0 ,     2164 ,     15398 ,    10686 ,    2498         ,
27 ,    1285 ,     q3 ,    0 ,     2268 ,     16260 ,    10980 ,    2619         ,
27 ,    1325 ,     q3 ,    0 ,     2332 ,     16715 ,    11412 ,    2882         ,
27 ,    1365 ,     q3 ,    0 ,     2386 ,     16948 ,    11811 ,    2840         ,
27 ,    1405 ,     q3 ,    0 ,     2456 ,     17437 ,    12201 ,    2899         ,
27 ,    1445 ,     q3 ,    0 ,     2526 ,     17540 ,    12636 ,    3163         ,
27 ,    1485 ,     q3 ,    0 ,     2586 ,     19238 ,    12930 ,    3128         ,
27 ,    1525 ,     q3 ,    0 ,     2674 ,     19088 ,    13377 ,    3330         ,
27 ,    1565 ,     q3 ,    0 ,     2772 ,     20844 ,    13713 ,    3373         ,
27 ,    1605 ,     q3 ,    0 ,     2796 ,     20904 ,    14016 ,    6042         ,
27 ,    1645 ,     q3 ,    0 ,     2858 ,     20984 ,    14577 ,    3480         ,
27 ,    1685 ,     q3 ,    0 ,     2978 ,     21708 ,    15054 ,    3605         ,
27 ,    1725 ,     q3 ,    0 ,     2996 ,     21647 ,    15333 ,    3663         ,
27 ,    1765 ,     q3 ,    0 ,     3062 ,     22176 ,    15870 ,    3731         ,
27 ,    1805 ,     q3 ,    0 ,     3176 ,     23608 ,    16215 ,    3850         ,
27 ,    1845 ,     q3 ,    0 ,     3182 ,     24185 ,    16461 ,    3490         ,
27 ,    1885 ,     q3 ,    0 ,     3264 ,     24318 ,    16947 ,    3542         ,
27 ,    1925 ,     q3 ,    0 ,     3356 ,     25913 ,    17133 ,    3943         ,
27 ,    1965 ,     q3 ,    0 ,     3436 ,     26664 ,    17583 ,    4310         ,
27 ,    2005 ,     q3 ,    0 ,     3482 ,     26888 ,    17988 ,    4293         ,
27 ,    2045 ,     q3 ,    0 ,     3584 ,     27340 ,    18570 ,    4350         ,
27 ,    2085 ,     q3 ,    0 ,     3664 ,     29850 ,    18441 ,    4856         ,
27 ,    2125 ,     q3 ,    0 ,     3712 ,     28184 ,    19365 ,    4446         ,
27 ,    2165 ,     q3 ,    0 ,     3812 ,     28589 ,    19809 ,    6766         ,
27 ,    2205 ,     q3 ,    0 ,     3808 ,     30524 ,    19851 ,    4821         ,
27 ,    2245 ,     q3 ,    0 ,     3932 ,     29369 ,    20448 ,    4725         ,
27 ,    2285 ,     q3 ,    0 ,     3942 ,     30862 ,    20778 ,    4829         ,
27 ,    2325 ,     q3 ,    0 ,     4134 ,     32776 ,    21120 ,    5187         ,
27 ,    2365 ,     q3 ,    0 ,     4106 ,     31796 ,    21723 ,    5001         ,
27 ,    2405 ,     q3 ,    0 ,     4240 ,     33744 ,    21936 ,    8006         ,
27 ,    2445 ,     q3 ,    0 ,     4240 ,     34219 ,    22140 ,    4997         ,
27 ,    2485 ,     q3 ,    0 ,     4414 ,     33184 ,    23205 ,    5134         ,
27 ,    2525 ,     q3 ,    0 ,     4402 ,     36236 ,    23097 ,    5261         ,
27 ,    2565 ,     q3 ,    0 ,     4484 ,     36602 ,    23679 ,    5361         ,
27 ,    2605 ,     q3 ,    0 ,     4512 ,     35331 ,    24231 ,    5521         ,
27 ,    2645 ,     q3 ,    0 ,     4602 ,     37940 ,    24357 ,    8297         ,
27 ,    2685 ,     q3 ,    0 ,     4718 ,     36277 ,    25017 ,    5636         ,
27 ,    2725 ,     q3 ,    0 ,     4760 ,     37379 ,    25506 ,    5864         ,
27 ,    2765 ,     q3 ,    0 ,     4908 ,     38453 ,    26085 ,    5851         ,
27 ,    2805 ,     q3 ,    0 ,     4894 ,     39540 ,    26316 ,    6299         ,
27 ,    2845 ,     q3 ,    0 ,     4996 ,     37764 ,    26955 ,    8796         ,
27 ,    2885 ,     q3 ,    0 ,     5016 ,     40447 ,    27330 ,    6529         ,
27 ,    2925 ,     q3 ,    0 ,     5006 ,     41168 ,    27306 ,    6368         ,
27 ,    2965 ,     q3 ,    0 ,     5196 ,     40382 ,    28098 ,    6760         ,
27 ,    3005 ,     q3 ,    0 ,     5248 ,     42098 ,    28521 ,    6946         ,
27 ,    3045 ,     q3 ,    0 ,     5274 ,     41996 ,    28905 ,    6838         ,
27 ,    3085 ,     q3 ,    0 ,     5354 ,     43003 ,    29103 ,    6558         ,
27 ,    3125 ,     q3 ,    0 ,     5500 ,     46357 ,    29472 ,    6715         ,
27 ,    3165 ,     q3 ,    0 ,     5550 ,     43527 ,    30288 ,    6915         ,
27 ,    3205 ,     q3 ,    0 ,     5634 ,     45753 ,    30420 ,    7172         ,
27 ,    3245 ,     q3 ,    0 ,     5670 ,     46577 ,    31026 ,    7621         ,
27 ,    3285 ,     q3 ,    0 ,     5802 ,     46712 ,    31251 ,    7582         ,
27 ,    3325 ,     q3 ,    0 ,     5800 ,     47826 ,    31488 ,    7683         ,
27 ,    3365 ,     q3 ,    0 ,     5876 ,     49985 ,    31815 ,    10802         ,
27 ,    3405 ,     q3 ,    0 ,     5944 ,     47625 ,    32553 ,    7381         ,
27 ,    3445 ,     q3 ,    0 ,     6022 ,     49920 ,    32766 ,    7441         ,
27 ,    3485 ,     q3 ,    0 ,     6034 ,     49443 ,    33195 ,    7434         ,
27 ,    3525 ,     q3 ,    0 ,     6244 ,     50486 ,    33774 ,    8832         ,
27 ,    3565 ,     q3 ,    0 ,     6190 ,     52807 ,    33867 ,    11345         ,
27 ,    3605 ,     q3 ,    0 ,     6336 ,     49948 ,    35214 ,    10647         ,
27 ,    3645 ,     q3 ,    0 ,     6342 ,     51790 ,    35160 ,    12104         ,
27 ,    3685 ,     q3 ,    0 ,     6474 ,     52082 ,    35676 ,    8147         ,
27 ,    3725 ,     q3 ,    0 ,     6482 ,     54645 ,    35604 ,    7963         ,
27 ,    3765 ,     q3 ,    0 ,     6550 ,     55503 ,    36090 ,    8791         ,
27 ,    3805 ,     q3 ,    0 ,     6626 ,     54692 ,    36687 ,    9151         ,
27 ,    3845 ,     q3 ,    0 ,     6696 ,     55052 ,    36978 ,    6149         ,
27 ,    3885 ,     q3 ,    0 ,     6788 ,     54252 ,    37734 ,    6104         ,
27 ,    3925 ,     q3 ,    0 ,     6896 ,     56359 ,    37929 ,    6960         ,
27 ,    3965 ,     q3 ,    0 ,     6992 ,     55818 ,    38619 ,    6697         ,
27 ,    4005 ,     q3 ,    0 ,     6934 ,     56705 ,    39138 ,    9148         ,
27 ,    4045 ,     q3 ,    0 ,     7120 ,     58467 ,    39414 ,    7550         ,
27 ,    4085 ,     q3 ,    0 ,     7148 ,     58566 ,    39978 ,    7484         ,
27 ,    4125 ,     q3 ,    0 ,     7164 ,     58237 ,    40368 ,    7586         ,
27 ,    4165 ,     q3 ,    0 ,     7324 ,     60766 ,    40755 ,    9300         ,
27 ,    4205 ,     q3 ,    0 ,     7372 ,     63184 ,    40758 ,    7822         ,
27 ,    4245 ,     q3 ,    0 ,     7492 ,     63808 ,    41448 ,    8061         ,
27 ,    4285 ,     q3 ,    0 ,     7498 ,     63630 ,    41805 ,    10079         ,
27 ,    4325 ,     q3 ,    0 ,     7544 ,     69546 ,    41496 ,    7322         ,
27 ,    4365 ,     q3 ,    0 ,     7638 ,     66536 ,    42744 ,    6791         ,
27 ,    4405 ,     q3 ,    0 ,     7708 ,     64243 ,    43326 ,    6448         ,
27 ,    4445 ,     q3 ,    0 ,     7810 ,     62952 ,    44061 ,    6768         ,
27 ,    4485 ,     q3 ,    0 ,     7816 ,     63798 ,    44703 ,    6749         ,
27 ,    4525 ,     q3 ,    0 ,     7966 ,     68772 ,    44328 ,    8439         ,
27 ,    4565 ,     q3 ,    0 ,     8002 ,     66596 ,    45105 ,    6949         ,
27 ,    4605 ,     q3 ,    0 ,     8052 ,     66142 ,    45813 ,    6810         ,
27 ,    4645 ,     q3 ,    0 ,     8110 ,     66725 ,    46266 ,    7092         ,
27 ,    4685 ,     q3 ,    0 ,     8188 ,     71855 ,    46032 ,    7125         ,
27 ,    4725 ,     q3 ,    0 ,     8220 ,     70808 ,    46500 ,    8751         ,
27 ,    4765 ,     q3 ,    0 ,     8402 ,     73521 ,    46659 ,    7301         ,
27 ,    4805 ,     q3 ,    0 ,     8354 ,     70021 ,    47751 ,    7543         ,
27 ,    4845 ,     q3 ,    0 ,     8466 ,     70989 ,    48048 ,    7515         ,
27 ,    4885 ,     q3 ,    0 ,     8470 ,     70033 ,    49023 ,    10539         ,
27 ,    4925 ,     q3 ,    0 ,     8596 ,     74245 ,    48861 ,    7418         ,
27 ,    4965 ,     q3 ,    0 ,     8666 ,     72688 ,    49377 ,    7334         ,
27 ,    5 ,     q3 ,    1 ,     6 ,     12 ,    9 ,    3         ,
27 ,    45 ,     q3 ,    1 ,     58 ,     226 ,    87 ,    21         ,
27 ,    85 ,     q3 ,    1 ,     106 ,     496 ,    159 ,    34         ,
27 ,    125 ,     q3 ,    1 ,     126 ,     756 ,    189 ,    45         ,
27 ,    165 ,     q3 ,    1 ,     202 ,     1110 ,    303 ,    61         ,
27 ,    205 ,     q3 ,    1 ,     254 ,     1442 ,    381 ,    81         ,
27 ,    245 ,     q3 ,    1 ,     254 ,     1722 ,    381 ,    87         ,
27 ,    285 ,     q3 ,    1 ,     314 ,     2092 ,    471 ,    107         ,
27 ,    325 ,     q3 ,    1 ,     394 ,     2492 ,    591 ,    128         ,
27 ,    365 ,     q3 ,    1 ,     474 ,     2892 ,    711 ,    151         ,
27 ,    405 ,     q3 ,    1 ,     510 ,     3248 ,    765 ,    168         ,
27 ,    445 ,     q3 ,    1 ,     510 ,     3568 ,    765 ,    181         ,
27 ,    485 ,     q3 ,    1 ,     510 ,     3888 ,    765 ,    192         ,
27 ,    525 ,     q3 ,    1 ,     538 ,     4250 ,    807 ,    208         ,
27 ,    565 ,     q3 ,    1 ,     618 ,     4690 ,    927 ,    229         ,
27 ,    605 ,     q3 ,    1 ,     698 ,     5130 ,    1047 ,    252         ,
27 ,    645 ,     q3 ,    1 ,     778 ,     5570 ,    1167 ,    272         ,
27 ,    685 ,     q3 ,    1 ,     858 ,     6010 ,    1287 ,    295         ,
27 ,    725 ,     q3 ,    1 ,     938 ,     6450 ,    1407 ,    322         ,
27 ,    765 ,     q3 ,    1 ,     1018 ,     6890 ,    1527 ,    342         ,
27 ,    805 ,     q3 ,    1 ,     1022 ,     7254 ,    1533 ,    357         ,
27 ,    845 ,     q3 ,    1 ,     1022 ,     7614 ,    1533 ,    366         ,
27 ,    885 ,     q3 ,    1 ,     1022 ,     7974 ,    1533 ,    380         ,
27 ,    925 ,     q3 ,    1 ,     1022 ,     8334 ,    1533 ,    393         ,
27 ,    965 ,     q3 ,    1 ,     1022 ,     8694 ,    1533 ,    405         ,
27 ,    1005 ,     q3 ,    1 ,     1022 ,     9054 ,    1533 ,    416         ,
27 ,    1045 ,     q3 ,    1 ,     1066 ,     9480 ,    1599 ,    440         ,
27 ,    1085 ,     q3 ,    1 ,     1146 ,     9960 ,    1719 ,    459         ,
27 ,    1125 ,     q3 ,    1 ,     1226 ,     10440 ,    1839 ,    485         ,
27 ,    1165 ,     q3 ,    1 ,     1306 ,     10920 ,    1959 ,    507         ,
27 ,    1205 ,     q3 ,    1 ,     1386 ,     11400 ,    2079 ,    697         ,
27 ,    1245 ,     q3 ,    1 ,     1466 ,     11880 ,    2199 ,    557         ,
27 ,    1285 ,     q3 ,    1 ,     1546 ,     12360 ,    2319 ,    578         ,
27 ,    1325 ,     q3 ,    1 ,     1626 ,     12840 ,    2439 ,    1987         ,
27 ,    1365 ,     q3 ,    1 ,     1706 ,     13320 ,    2559 ,    619         ,
27 ,    1405 ,     q3 ,    1 ,     1786 ,     13800 ,    2679 ,    640         ,
27 ,    1445 ,     q3 ,    1 ,     1866 ,     14280 ,    2799 ,    667         ,
27 ,    1485 ,     q3 ,    1 ,     1946 ,     14760 ,    2919 ,    684         ,
27 ,    1525 ,     q3 ,    1 ,     2026 ,     15240 ,    3039 ,    874         ,
27 ,    1565 ,     q3 ,    1 ,     2046 ,     15660 ,    3069 ,    725         ,
27 ,    1605 ,     q3 ,    1 ,     2046 ,     16060 ,    3069 ,    747         ,
27 ,    1645 ,     q3 ,    1 ,     2046 ,     16460 ,    3069 ,    750         ,
27 ,    1685 ,     q3 ,    1 ,     2046 ,     16860 ,    3069 ,    763         ,
27 ,    1725 ,     q3 ,    1 ,     2046 ,     17260 ,    3069 ,    772         ,
27 ,    1765 ,     q3 ,    1 ,     2046 ,     17660 ,    3069 ,    791         ,
27 ,    1805 ,     q3 ,    1 ,     2046 ,     18060 ,    3069 ,    801         ,
27 ,    1845 ,     q3 ,    1 ,     2046 ,     18460 ,    3069 ,    815         ,
27 ,    1885 ,     q3 ,    1 ,     2046 ,     18860 ,    3069 ,    830         ,
27 ,    1925 ,     q3 ,    1 ,     2046 ,     19260 ,    3069 ,    833         ,
27 ,    1965 ,     q3 ,    1 ,     2046 ,     19660 ,    3069 ,    1007         ,
27 ,    2005 ,     q3 ,    1 ,     2046 ,     20060 ,    3069 ,    868         ,
27 ,    2045 ,     q3 ,    1 ,     2046 ,     20460 ,    3069 ,    878         ,
27 ,    2085 ,     q3 ,    1 ,     2122 ,     20974 ,    3183 ,    909         ,
27 ,    2125 ,     q3 ,    1 ,     2202 ,     21494 ,    3303 ,    942         ,
27 ,    2165 ,     q3 ,    1 ,     2282 ,     22014 ,    3423 ,    962         ,
27 ,    2205 ,     q3 ,    1 ,     2362 ,     22534 ,    3543 ,    985         ,
27 ,    2245 ,     q3 ,    1 ,     2442 ,     23054 ,    3663 ,    1003         ,
27 ,    2285 ,     q3 ,    1 ,     2522 ,     23574 ,    3783 ,    1205         ,
27 ,    2325 ,     q3 ,    1 ,     2602 ,     24094 ,    3903 ,    1059         ,
27 ,    2365 ,     q3 ,    1 ,     2682 ,     24614 ,    4023 ,    1089         ,
27 ,    2405 ,     q3 ,    1 ,     2762 ,     25134 ,    4143 ,    1375         ,
27 ,    2445 ,     q3 ,    1 ,     2842 ,     25654 ,    4263 ,    1130         ,
27 ,    2485 ,     q3 ,    1 ,     2922 ,     26174 ,    4383 ,    1150         ,
27 ,    2525 ,     q3 ,    1 ,     3002 ,     26694 ,    4503 ,    1173         ,
27 ,    2565 ,     q3 ,    1 ,     3082 ,     27214 ,    4623 ,    1204         ,
27 ,    2605 ,     q3 ,    1 ,     3162 ,     27734 ,    4743 ,    1230         ,
27 ,    2645 ,     q3 ,    1 ,     3242 ,     28254 ,    4863 ,    1259         ,
27 ,    2685 ,     q3 ,    1 ,     3322 ,     28774 ,    4983 ,    1431         ,
27 ,    2725 ,     q3 ,    1 ,     3402 ,     29294 ,    5103 ,    2846         ,
27 ,    2765 ,     q3 ,    1 ,     3482 ,     29814 ,    5223 ,    1336         ,
27 ,    2805 ,     q3 ,    1 ,     3562 ,     30334 ,    5343 ,    1353         ,
27 ,    2845 ,     q3 ,    1 ,     3642 ,     30854 ,    5463 ,    1387         ,
27 ,    2885 ,     q3 ,    1 ,     3722 ,     31374 ,    5583 ,    1614         ,
27 ,    2925 ,     q3 ,    1 ,     3802 ,     31894 ,    5703 ,    1430         ,
27 ,    2965 ,     q3 ,    1 ,     3882 ,     32414 ,    5823 ,    1460         ,
27 ,    3005 ,     q3 ,    1 ,     3962 ,     32934 ,    5943 ,    1485         ,
27 ,    3045 ,     q3 ,    1 ,     4042 ,     33454 ,    6063 ,    1505         ,
27 ,    3085 ,     q3 ,    1 ,     4094 ,     33946 ,    6141 ,    1699         ,
27 ,    3125 ,     q3 ,    1 ,     4094 ,     34386 ,    6141 ,    1551         ,
27 ,    3165 ,     q3 ,    1 ,     4094 ,     34826 ,    6141 ,    1576         ,
27 ,    3205 ,     q3 ,    1 ,     4094 ,     35266 ,    6141 ,    1586         ,
27 ,    3245 ,     q3 ,    1 ,     4094 ,     35706 ,    6141 ,    1596         ,
27 ,    3285 ,     q3 ,    1 ,     4094 ,     36146 ,    6141 ,    1603         ,
27 ,    3325 ,     q3 ,    1 ,     4094 ,     36586 ,    6141 ,    1601         ,
27 ,    3365 ,     q3 ,    1 ,     4094 ,     37026 ,    6141 ,    1624         ,
27 ,    3405 ,     q3 ,    1 ,     4094 ,     37466 ,    6141 ,    1640         ,
27 ,    3445 ,     q3 ,    1 ,     4094 ,     37906 ,    6141 ,    4035         ,
27 ,    3485 ,     q3 ,    1 ,     4094 ,     38346 ,    6141 ,    1853         ,
27 ,    3525 ,     q3 ,    1 ,     4094 ,     38786 ,    6141 ,    1729         ,
27 ,    3565 ,     q3 ,    1 ,     4094 ,     39226 ,    6141 ,    1849         ,
27 ,    3605 ,     q3 ,    1 ,     4094 ,     39666 ,    6141 ,    1905         ,
27 ,    3645 ,     q3 ,    1 ,     4094 ,     40106 ,    6141 ,    1729         ,
27 ,    3685 ,     q3 ,    1 ,     4094 ,     40546 ,    6141 ,    1746         ,
27 ,    3725 ,     q3 ,    1 ,     4094 ,     40986 ,    6141 ,    1766         ,
27 ,    3765 ,     q3 ,    1 ,     4094 ,     41426 ,    6141 ,    2057         ,
27 ,    3805 ,     q3 ,    1 ,     4094 ,     41866 ,    6141 ,    1784         ,
27 ,    3845 ,     q3 ,    1 ,     4094 ,     42306 ,    6141 ,    1788         ,
27 ,    3885 ,     q3 ,    1 ,     4094 ,     42746 ,    6141 ,    1803         ,
27 ,    3925 ,     q3 ,    1 ,     4094 ,     43186 ,    6141 ,    2018         ,
27 ,    3965 ,     q3 ,    1 ,     4094 ,     43626 ,    6141 ,    1822         ,
27 ,    4005 ,     q3 ,    1 ,     4094 ,     44066 ,    6141 ,    1845         ,
27 ,    4045 ,     q3 ,    1 ,     4094 ,     44506 ,    6141 ,    1867         ,
27 ,    4085 ,     q3 ,    1 ,     4094 ,     44946 ,    6141 ,    1892         ,
27 ,    4125 ,     q3 ,    1 ,     4154 ,     45476 ,    6231 ,    2078         ,
27 ,    4165 ,     q3 ,    1 ,     4234 ,     46036 ,    6351 ,    1941         ,
27 ,    4205 ,     q3 ,    1 ,     4314 ,     46596 ,    6471 ,    1969         ,
27 ,    4245 ,     q3 ,    1 ,     4394 ,     47156 ,    6591 ,    2174         ,
27 ,    4285 ,     q3 ,    1 ,     4474 ,     47716 ,    6711 ,    3708         ,
27 ,    4325 ,     q3 ,    1 ,     4554 ,     48276 ,    6831 ,    2097         ,
27 ,    4365 ,     q3 ,    1 ,     4634 ,     48836 ,    6951 ,    2118         ,
27 ,    4405 ,     q3 ,    1 ,     4714 ,     49396 ,    7071 ,    2135         ,
27 ,    4445 ,     q3 ,    1 ,     4794 ,     49956 ,    7191 ,    2309         ,
27 ,    4485 ,     q3 ,    1 ,     4874 ,     50516 ,    7311 ,    2196         ,
27 ,    4525 ,     q3 ,    1 ,     4954 ,     51076 ,    7431 ,    2327         ,
27 ,    4565 ,     q3 ,    1 ,     5034 ,     51636 ,    7551 ,    2193         ,
27 ,    4605 ,     q3 ,    1 ,     5114 ,     52196 ,    7671 ,    2395         ,
27 ,    4645 ,     q3 ,    1 ,     5194 ,     52756 ,    7791 ,    2255         ,
27 ,    4685 ,     q3 ,    1 ,     5274 ,     53316 ,    7911 ,    2282         ,
27 ,    4725 ,     q3 ,    1 ,     5354 ,     53876 ,    8031 ,    2536         ,
27 ,    4765 ,     q3 ,    1 ,     5434 ,     54436 ,    8151 ,    2352         ,
27 ,    4805 ,     q3 ,    1 ,     5514 ,     54996 ,    8271 ,    2375         ,
27 ,    4845 ,     q3 ,    1 ,     5594 ,     55556 ,    8391 ,    2547         ,
27 ,    4885 ,     q3 ,    1 ,     5674 ,     56116 ,    8511 ,    2408         ,
27 ,    4925 ,     q3 ,    1 ,     5754 ,     56676 ,    8631 ,    2429         ,
27 ,    4965 ,     q3 ,    1 ,     5834 ,     57236 ,    8751 ,    2586         ,
27 ,    5 ,     q3 ,    2 ,     6 ,     12 ,    15 ,    3         ,
27 ,    45 ,     q3 ,    2 ,     58 ,     226 ,    153 ,    18         ,
27 ,    85 ,     q3 ,    2 ,     106 ,     496 ,    285 ,    32         ,
27 ,    125 ,     q3 ,    2 ,     126 ,     756 ,    375 ,    46         ,
27 ,    165 ,     q3 ,    2 ,     202 ,     1110 ,    549 ,    64         ,
27 ,    205 ,     q3 ,    2 ,     254 ,     1442 ,    687 ,    84         ,
27 ,    245 ,     q3 ,    2 ,     254 ,     1722 ,    747 ,    94         ,
27 ,    285 ,     q3 ,    2 ,     314 ,     2092 ,    897 ,    115         ,
27 ,    325 ,     q3 ,    2 ,     394 ,     2492 ,    1077 ,    136         ,
27 ,    365 ,     q3 ,    2 ,     474 ,     2892 ,    1257 ,    159         ,
27 ,    405 ,     q3 ,    2 ,     510 ,     3248 ,    1371 ,    180         ,
27 ,    445 ,     q3 ,    2 ,     510 ,     3568 ,    1431 ,    190         ,
27 ,    485 ,     q3 ,    2 ,     510 ,     3888 ,    1491 ,    199         ,
27 ,    525 ,     q3 ,    2 ,     538 ,     4250 ,    1593 ,    217         ,
27 ,    565 ,     q3 ,    2 ,     618 ,     4690 ,    1773 ,    240         ,
27 ,    605 ,     q3 ,    2 ,     698 ,     5130 ,    1953 ,    265         ,
27 ,    645 ,     q3 ,    2 ,     778 ,     5570 ,    2133 ,    288         ,
27 ,    685 ,     q3 ,    2 ,     858 ,     6010 ,    2313 ,    310         ,
27 ,    725 ,     q3 ,    2 ,     938 ,     6450 ,    2493 ,    337         ,
27 ,    765 ,     q3 ,    2 ,     1018 ,     6890 ,    2673 ,    360         ,
27 ,    805 ,     q3 ,    2 ,     1022 ,     7254 ,    2739 ,    378         ,
27 ,    845 ,     q3 ,    2 ,     1022 ,     7614 ,    2799 ,    386         ,
27 ,    885 ,     q3 ,    2 ,     1022 ,     7974 ,    2859 ,    398         ,
27 ,    925 ,     q3 ,    2 ,     1022 ,     8334 ,    2919 ,    410         ,
27 ,    965 ,     q3 ,    2 ,     1022 ,     8694 ,    2979 ,    423         ,
27 ,    1005 ,     q3 ,    2 ,     1022 ,     9054 ,    3039 ,    2068         ,
27 ,    1045 ,     q3 ,    2 ,     1066 ,     9480 ,    3165 ,    1714         ,
27 ,    1085 ,     q3 ,    2 ,     1146 ,     9960 ,    3345 ,    483         ,
27 ,    1125 ,     q3 ,    2 ,     1226 ,     10440 ,    3525 ,    505         ,
27 ,    1165 ,     q3 ,    2 ,     1306 ,     10920 ,    3705 ,    533         ,
27 ,    1205 ,     q3 ,    2 ,     1386 ,     11400 ,    3885 ,    559         ,
27 ,    1245 ,     q3 ,    2 ,     1466 ,     11880 ,    4065 ,    585         ,
27 ,    1285 ,     q3 ,    2 ,     1546 ,     12360 ,    4245 ,    605         ,
27 ,    1325 ,     q3 ,    2 ,     1626 ,     12840 ,    4425 ,    629         ,
27 ,    1365 ,     q3 ,    2 ,     1706 ,     13320 ,    4605 ,    3471         ,
27 ,    1405 ,     q3 ,    2 ,     1786 ,     13800 ,    4785 ,    678         ,
27 ,    1445 ,     q3 ,    2 ,     1866 ,     14280 ,    4965 ,    712         ,
27 ,    1485 ,     q3 ,    2 ,     1946 ,     14760 ,    5145 ,    730         ,
27 ,    1525 ,     q3 ,    2 ,     2026 ,     15240 ,    5325 ,    756         ,
27 ,    1565 ,     q3 ,    2 ,     2046 ,     15660 ,    5415 ,    774         ,
27 ,    1605 ,     q3 ,    2 ,     2046 ,     16060 ,    5475 ,    798         ,
27 ,    1645 ,     q3 ,    2 ,     2046 ,     16460 ,    5535 ,    805         ,
27 ,    1685 ,     q3 ,    2 ,     2046 ,     16860 ,    5595 ,    821         ,
27 ,    1725 ,     q3 ,    2 ,     2046 ,     17260 ,    5655 ,    822         ,
27 ,    1765 ,     q3 ,    2 ,     2046 ,     17660 ,    5715 ,    1042         ,
27 ,    1805 ,     q3 ,    2 ,     2046 ,     18060 ,    5775 ,    853         ,
27 ,    1845 ,     q3 ,    2 ,     2046 ,     18460 ,    5835 ,    882         ,
27 ,    1885 ,     q3 ,    2 ,     2046 ,     18860 ,    5895 ,    892         ,
27 ,    1925 ,     q3 ,    2 ,     2046 ,     19260 ,    5955 ,    895         ,
27 ,    1965 ,     q3 ,    2 ,     2046 ,     19660 ,    6015 ,    920         ,
27 ,    2005 ,     q3 ,    2 ,     2046 ,     20060 ,    6075 ,    933         ,
27 ,    2045 ,     q3 ,    2 ,     2046 ,     20460 ,    6135 ,    946         ,
27 ,    2085 ,     q3 ,    2 ,     2122 ,     20974 ,    6309 ,    979         ,
27 ,    2125 ,     q3 ,    2 ,     2202 ,     21494 ,    6489 ,    1261         ,
27 ,    2165 ,     q3 ,    2 ,     2282 ,     22014 ,    6669 ,    2295         ,
27 ,    2205 ,     q3 ,    2 ,     2362 ,     22534 ,    6849 ,    1065         ,
27 ,    2245 ,     q3 ,    2 ,     2442 ,     23054 ,    7029 ,    1083         ,
27 ,    2285 ,     q3 ,    2 ,     2522 ,     23574 ,    7209 ,    1101         ,
27 ,    2325 ,     q3 ,    2 ,     2602 ,     24094 ,    7389 ,    1138         ,
27 ,    2365 ,     q3 ,    2 ,     2682 ,     24614 ,    7569 ,    1409         ,
27 ,    2405 ,     q3 ,    2 ,     2762 ,     25134 ,    7749 ,    1193         ,
27 ,    2445 ,     q3 ,    2 ,     2842 ,     25654 ,    7929 ,    1217         ,
27 ,    2485 ,     q3 ,    2 ,     2922 ,     26174 ,    8109 ,    1232         ,
27 ,    2525 ,     q3 ,    2 ,     3002 ,     26694 ,    8289 ,    2723         ,
27 ,    2565 ,     q3 ,    2 ,     3082 ,     27214 ,    8469 ,    1285         ,
27 ,    2605 ,     q3 ,    2 ,     3162 ,     27734 ,    8649 ,    4383         ,
27 ,    2645 ,     q3 ,    2 ,     3242 ,     28254 ,    8829 ,    2478         ,
27 ,    2685 ,     q3 ,    2 ,     3322 ,     28774 ,    9009 ,    1366         ,
27 ,    2725 ,     q3 ,    2 ,     3402 ,     29294 ,    9189 ,    1399         ,
27 ,    2765 ,     q3 ,    2 ,     3482 ,     29814 ,    9369 ,    1555         ,
27 ,    2805 ,     q3 ,    2 ,     3562 ,     30334 ,    9549 ,    1451         ,
27 ,    2845 ,     q3 ,    2 ,     3642 ,     30854 ,    9729 ,    1479         ,
27 ,    2885 ,     q3 ,    2 ,     3722 ,     31374 ,    9909 ,    1504         ,
27 ,    2925 ,     q3 ,    2 ,     3802 ,     31894 ,    10089 ,    1524         ,
27 ,    2965 ,     q3 ,    2 ,     3882 ,     32414 ,    10269 ,    1776         ,
27 ,    3005 ,     q3 ,    2 ,     3962 ,     32934 ,    10449 ,    1607         ,
27 ,    3045 ,     q3 ,    2 ,     4042 ,     33454 ,    10629 ,    1621         ,
27 ,    3085 ,     q3 ,    2 ,     4094 ,     33946 ,    10767 ,    1639         ,
27 ,    3125 ,     q3 ,    2 ,     4094 ,     34386 ,    10827 ,    1792         ,
27 ,    3165 ,     q3 ,    2 ,     4094 ,     34826 ,    10887 ,    1669         ,
27 ,    3205 ,     q3 ,    2 ,     4094 ,     35266 ,    10947 ,    1690         ,
27 ,    3245 ,     q3 ,    2 ,     4094 ,     35706 ,    11007 ,    3234         ,
27 ,    3285 ,     q3 ,    2 ,     4094 ,     36146 ,    11067 ,    1843         ,
27 ,    3325 ,     q3 ,    2 ,     4094 ,     36586 ,    11127 ,    1708         ,
27 ,    3365 ,     q3 ,    2 ,     4094 ,     37026 ,    11187 ,    1730         ,
27 ,    3405 ,     q3 ,    2 ,     4094 ,     37466 ,    11247 ,    1756         ,
27 ,    3445 ,     q3 ,    2 ,     4094 ,     37906 ,    11307 ,    1765         ,
27 ,    3485 ,     q3 ,    2 ,     4094 ,     38346 ,    11367 ,    1947         ,
27 ,    3525 ,     q3 ,    2 ,     4094 ,     38786 ,    11427 ,    1793         ,
27 ,    3565 ,     q3 ,    2 ,     4094 ,     39226 ,    11487 ,    1803         ,
27 ,    3605 ,     q3 ,    2 ,     4094 ,     39666 ,    11547 ,    1821         ,
27 ,    3645 ,     q3 ,    2 ,     4094 ,     40106 ,    11607 ,    2035         ,
27 ,    3685 ,     q3 ,    2 ,     4094 ,     40546 ,    11667 ,    1870         ,
27 ,    3725 ,     q3 ,    2 ,     4094 ,     40986 ,    11727 ,    1880         ,
27 ,    3765 ,     q3 ,    2 ,     4094 ,     41426 ,    11787 ,    1888         ,
27 ,    3805 ,     q3 ,    2 ,     4094 ,     41866 ,    11847 ,    1933         ,
27 ,    3845 ,     q3 ,    2 ,     4094 ,     42306 ,    11907 ,    2133         ,
27 ,    3885 ,     q3 ,    2 ,     4094 ,     42746 ,    11967 ,    68368         ,
27 ,    3925 ,     q3 ,    2 ,     4094 ,     43186 ,    12027 ,    1949         ,
27 ,    3965 ,     q3 ,    2 ,     4094 ,     43626 ,    12087 ,    2120         ,
27 ,    4005 ,     q3 ,    2 ,     4094 ,     44066 ,    12147 ,    1981         ,
27 ,    4045 ,     q3 ,    2 ,     4094 ,     44506 ,    12207 ,    2000         ,
27 ,    4085 ,     q3 ,    2 ,     4094 ,     44946 ,    12267 ,    2293         ,
27 ,    4125 ,     q3 ,    2 ,     4154 ,     45476 ,    12417 ,    2047         ,
27 ,    4165 ,     q3 ,    2 ,     4234 ,     46036 ,    12597 ,    3787         ,
27 ,    4205 ,     q3 ,    2 ,     4314 ,     46596 ,    12777 ,    2104         ,
27 ,    4245 ,     q3 ,    2 ,     4394 ,     47156 ,    12957 ,    2155         ,
27 ,    4285 ,     q3 ,    2 ,     4474 ,     47716 ,    13137 ,    2173         ,
27 ,    4325 ,     q3 ,    2 ,     4554 ,     48276 ,    13317 ,    2184         ,
27 ,    4365 ,     q3 ,    2 ,     4634 ,     48836 ,    13497 ,    2202         ,
27 ,    4405 ,     q3 ,    2 ,     4714 ,     49396 ,    13677 ,    2232         ,
27 ,    4445 ,     q3 ,    2 ,     4794 ,     49956 ,    13857 ,    2255         ,
27 ,    4485 ,     q3 ,    2 ,     4874 ,     50516 ,    14037 ,    2287         ,
27 ,    4525 ,     q3 ,    2 ,     4954 ,     51076 ,    14217 ,    2665         ,
27 ,    4565 ,     q3 ,    2 ,     5034 ,     51636 ,    14397 ,    2401         ,
27 ,    4605 ,     q3 ,    2 ,     5114 ,     52196 ,    14577 ,    2425         ,
27 ,    4645 ,     q3 ,    2 ,     5194 ,     52756 ,    14757 ,    2465         ,
27 ,    4685 ,     q3 ,    2 ,     5274 ,     53316 ,    14937 ,    2586         ,
27 ,    4725 ,     q3 ,    2 ,     5354 ,     53876 ,    15117 ,    56501         ,
27 ,    4765 ,     q3 ,    2 ,     5434 ,     54436 ,    15297 ,    2787         ,
27 ,    4805 ,     q3 ,    2 ,     5514 ,     54996 ,    15477 ,    2843         ,
27 ,    4845 ,     q3 ,    2 ,     5594 ,     55556 ,    15657 ,    2680         ,
27 ,    4885 ,     q3 ,    2 ,     5674 ,     56116 ,    15837 ,    2726         ,
27 ,    4925 ,     q3 ,    2 ,     5754 ,     56676 ,    16017 ,    2604         ,
27 ,    4965 ,     q3 ,    2 ,     5834 ,     57236 ,    16197 ,    2607         ,
27 ,    5 ,     q3 ,    3 ,     6 ,     10 ,    15 ,    4         ,
27 ,    45 ,     q3 ,    3 ,     56 ,     235 ,    297 ,    29         ,
27 ,    85 ,     q3 ,    3 ,     114 ,     522 ,    681 ,    56         ,
27 ,    125 ,     q3 ,    3 ,     184 ,     842 ,    1122 ,    82         ,
27 ,    165 ,     q3 ,    3 ,     230 ,     1184 ,    1536 ,    107         ,
27 ,    205 ,     q3 ,    3 ,     298 ,     1516 ,    2055 ,    140         ,
27 ,    245 ,     q3 ,    3 ,     336 ,     1864 ,    2511 ,    162         ,
27 ,    285 ,     q3 ,    3 ,     440 ,     2292 ,    3126 ,    204         ,
27 ,    325 ,     q3 ,    3 ,     424 ,     2555 ,    3471 ,    374         ,
27 ,    365 ,     q3 ,    3 ,     466 ,     2964 ,    4062 ,    252         ,
27 ,    405 ,     q3 ,    3 ,     594 ,     3420 ,    4704 ,    293         ,
27 ,    445 ,     q3 ,    3 ,     736 ,     3806 ,    5262 ,    332         ,
27 ,    485 ,     q3 ,    3 ,     740 ,     4257 ,    5769 ,    357         ,
27 ,    525 ,     q3 ,    3 ,     888 ,     4686 ,    6369 ,    396         ,
27 ,    565 ,     q3 ,    3 ,     904 ,     4944 ,    6813 ,    425         ,
27 ,    605 ,     q3 ,    3 ,     850 ,     5392 ,    7431 ,    465         ,
27 ,    645 ,     q3 ,    3 ,     912 ,     5778 ,    7953 ,    476         ,
27 ,    685 ,     q3 ,    3 ,     928 ,     6244 ,    8490 ,    506         ,
27 ,    725 ,     q3 ,    3 ,     920 ,     6556 ,    9099 ,    538         ,
27 ,    765 ,     q3 ,    3 ,     1174 ,     7114 ,    9936 ,    625         ,
27 ,    805 ,     q3 ,    3 ,     1186 ,     7792 ,    10470 ,    635         ,
27 ,    845 ,     q3 ,    3 ,     1188 ,     7909 ,    10974 ,    1004         ,
27 ,    885 ,     q3 ,    3 ,     1218 ,     8294 ,    11418 ,    13815         ,
27 ,    925 ,     q3 ,    3 ,     1482 ,     8893 ,    12321 ,    731         ,
27 ,    965 ,     q3 ,    3 ,     1480 ,     9302 ,    12921 ,    772         ,
27 ,    1005 ,     q3 ,    3 ,     1506 ,     9634 ,    13365 ,    834         ,
27 ,    1045 ,     q3 ,    3 ,     1628 ,     10085 ,    13998 ,    856         ,
27 ,    1085 ,     q3 ,    3 ,     1704 ,     10502 ,    14508 ,    936         ,
27 ,    1125 ,     q3 ,    3 ,     1686 ,     10940 ,    15216 ,    964         ,
27 ,    1165 ,     q3 ,    3 ,     1858 ,     11966 ,    16161 ,    983         ,
27 ,    1205 ,     q3 ,    3 ,     1618 ,     11902 ,    16518 ,    1002         ,
27 ,    1245 ,     q3 ,    3 ,     1808 ,     12379 ,    17103 ,    1006         ,
27 ,    1285 ,     q3 ,    3 ,     1636 ,     12598 ,    17607 ,    1201         ,
27 ,    1325 ,     q3 ,    3 ,     1850 ,     13247 ,    18549 ,    1135         ,
27 ,    1365 ,     q3 ,    3 ,     1864 ,     13719 ,    19101 ,    1152         ,
27 ,    1405 ,     q3 ,    3 ,     1830 ,     14227 ,    19494 ,    3020         ,
27 ,    1445 ,     q3 ,    3 ,     1850 ,     14496 ,    19866 ,    1442         ,
27 ,    1485 ,     q3 ,    3 ,     1870 ,     14939 ,    20514 ,    5344         ,
27 ,    1525 ,     q3 ,    3 ,     1872 ,     15280 ,    21297 ,    1213         ,
27 ,    1565 ,     q3 ,    3 ,     2346 ,     16166 ,    22455 ,    1298         ,
27 ,    1605 ,     q3 ,    3 ,     2380 ,     16872 ,    23301 ,    1449         ,
27 ,    1645 ,     q3 ,    3 ,     2468 ,     17254 ,    23751 ,    1366         ,
27 ,    1685 ,     q3 ,    3 ,     2356 ,     17359 ,    24303 ,    1385         ,
27 ,    1725 ,     q3 ,    3 ,     2402 ,     17919 ,    24948 ,    1540         ,
27 ,    1765 ,     q3 ,    3 ,     2384 ,     18477 ,    25524 ,    1469         ,
27 ,    1805 ,     q3 ,    3 ,     2964 ,     19002 ,    26643 ,    1542         ,
27 ,    1845 ,     q3 ,    3 ,     2954 ,     19685 ,    27381 ,    1580         ,
27 ,    1885 ,     q3 ,    3 ,     2388 ,     19712 ,    27069 ,    1526         ,
27 ,    1925 ,     q3 ,    3 ,     2922 ,     20242 ,    28287 ,    1614         ,
27 ,    1965 ,     q3 ,    3 ,     2964 ,     20704 ,    29103 ,    1701         ,
27 ,    2005 ,     q3 ,    3 ,     2964 ,     21490 ,    29784 ,    1703         ,
27 ,    2045 ,     q3 ,    3 ,     2976 ,     21716 ,    30393 ,    1852         ,
27 ,    2085 ,     q3 ,    3 ,     2970 ,     22245 ,    30936 ,    2507         ,
27 ,    2125 ,     q3 ,    3 ,     2986 ,     22491 ,    31509 ,    2520         ,
27 ,    2165 ,     q3 ,    3 ,     3380 ,     23009 ,    32157 ,    2457         ,
27 ,    2205 ,     q3 ,    3 ,     3636 ,     23915 ,    33300 ,    2562         ,
27 ,    2245 ,     q3 ,    3 ,     3280 ,     23785 ,    33390 ,    2522         ,
27 ,    2285 ,     q3 ,    3 ,     3306 ,     24450 ,    34197 ,    2590         ,
27 ,    2325 ,     q3 ,    3 ,     3522 ,     25554 ,    35766 ,    2688         ,
27 ,    2365 ,     q3 ,    3 ,     3712 ,     26501 ,    36177 ,    2712         ,
27 ,    2405 ,     q3 ,    3 ,     3244 ,     26048 ,    36528 ,    3086         ,
27 ,    2445 ,     q3 ,    3 ,     3274 ,     26396 ,    37116 ,    2931         ,
27 ,    2485 ,     q3 ,    3 ,     3634 ,     27010 ,    38025 ,    2852         ,
27 ,    2525 ,     q3 ,    3 ,     3742 ,     27673 ,    38772 ,    2905         ,
27 ,    2565 ,     q3 ,    3 ,     3722 ,     28066 ,    39348 ,    8868         ,
27 ,    2605 ,     q3 ,    3 ,     3540 ,     28222 ,    39612 ,    2899         ,
27 ,    2645 ,     q3 ,    3 ,     3656 ,     29210 ,    40389 ,    3353         ,
27 ,    2685 ,     q3 ,    3 ,     3408 ,     29589 ,    41601 ,    2986         ,
27 ,    2725 ,     q3 ,    3 ,     3406 ,     30003 ,    42060 ,    3010         ,
27 ,    2765 ,     q3 ,    3 ,     3744 ,     30872 ,    42987 ,    3096         ,
27 ,    2805 ,     q3 ,    3 ,     3534 ,     30981 ,    43599 ,    3111         ,
27 ,    2845 ,     q3 ,    3 ,     3674 ,     31487 ,    44235 ,    3061         ,
27 ,    2885 ,     q3 ,    3 ,     3800 ,     32208 ,    45147 ,    3127         ,
27 ,    2925 ,     q3 ,    3 ,     3680 ,     32292 ,    45516 ,    3154         ,
27 ,    2965 ,     q3 ,    3 ,     3668 ,     33244 ,    46047 ,    47874         ,
27 ,    3005 ,     q3 ,    3 ,     3540 ,     33156 ,    46500 ,    3093         ,
27 ,    3045 ,     q3 ,    3 ,     3744 ,     34423 ,    47625 ,    148146         ,
27 ,    3085 ,     q3 ,    3 ,     3678 ,     33853 ,    47628 ,    3163         ,
27 ,    3125 ,     q3 ,    3 ,     4816 ,     35550 ,    50058 ,    3514         ,
27 ,    3165 ,     q3 ,    3 ,     4708 ,     35814 ,    50520 ,    3464         ,
27 ,    3205 ,     q3 ,    3 ,     4920 ,     36480 ,    51303 ,    3727         ,
27 ,    3245 ,     q3 ,    3 ,     4820 ,     36616 ,    51705 ,    3752         ,
27 ,    3285 ,     q3 ,    3 ,     4758 ,     38240 ,    52320 ,    6980         ,
27 ,    3325 ,     q3 ,    3 ,     4824 ,     37957 ,    53247 ,    3800         ,
27 ,    3365 ,     q3 ,    3 ,     4944 ,     38360 ,    53865 ,    3691         ,
27 ,    3405 ,     q3 ,    3 ,     4756 ,     39007 ,    54135 ,    3616         ,
27 ,    3445 ,     q3 ,    3 ,     4930 ,     39125 ,    54678 ,    3614         ,
27 ,    3485 ,     q3 ,    3 ,     4856 ,     39432 ,    55437 ,    3623         ,
27 ,    3525 ,     q3 ,    3 ,     4926 ,     39935 ,    56139 ,    3764         ,
27 ,    3565 ,     q3 ,    3 ,     4776 ,     40449 ,    56925 ,    3670         ,
27 ,    3605 ,     q3 ,    3 ,     4956 ,     40818 ,    57258 ,    3915         ,
27 ,    3645 ,     q3 ,    3 ,     6008 ,     42172 ,    59376 ,    3967         ,
27 ,    3685 ,     q3 ,    3 ,     6468 ,     42954 ,    60624 ,    3904         ,
27 ,    3725 ,     q3 ,    3 ,     4782 ,     42860 ,    59340 ,    3904         ,
27 ,    3765 ,     q3 ,    3 ,     6440 ,     43569 ,    61491 ,    3976         ,
27 ,    3805 ,     q3 ,    3 ,     6424 ,     44122 ,    62271 ,    4016         ,
27 ,    3845 ,     q3 ,    3 ,     6470 ,     44998 ,    63354 ,    4065         ,
27 ,    3885 ,     q3 ,    3 ,     5934 ,     45127 ,    63012 ,    3987         ,
27 ,    3925 ,     q3 ,    3 ,     6508 ,     45947 ,    64818 ,    4310         ,
27 ,    3965 ,     q3 ,    3 ,     6538 ,     46346 ,    65304 ,    4178         ,
27 ,    4005 ,     q3 ,    3 ,     5930 ,     46737 ,    65736 ,    4467         ,
27 ,    4045 ,     q3 ,    3 ,     6484 ,     47113 ,    66426 ,    4406         ,
27 ,    4085 ,     q3 ,    3 ,     6470 ,     47660 ,    67200 ,    4154         ,
27 ,    4125 ,     q3 ,    3 ,     6472 ,     48199 ,    67650 ,    4372         ,
27 ,    4165 ,     q3 ,    3 ,     7112 ,     49713 ,    69165 ,    4297         ,
27 ,    4205 ,     q3 ,    3 ,     6558 ,     49213 ,    69444 ,    4275         ,
27 ,    4245 ,     q3 ,    3 ,     7224 ,     50563 ,    70593 ,    4527         ,
27 ,    4285 ,     q3 ,    3 ,     5928 ,     49647 ,    69948 ,    7518         ,
27 ,    4325 ,     q3 ,    3 ,     6482 ,     50556 ,    71265 ,    4540         ,
27 ,    4365 ,     q3 ,    3 ,     6444 ,     50695 ,    71661 ,    4698         ,
27 ,    4405 ,     q3 ,    3 ,     6540 ,     51228 ,    72303 ,    4446         ,
27 ,    4445 ,     q3 ,    3 ,     6536 ,     51913 ,    73401 ,    4496         ,
27 ,    4485 ,     q3 ,    3 ,     7242 ,     53492 ,    74487 ,    4738         ,
27 ,    4525 ,     q3 ,    3 ,     6802 ,     53260 ,    74892 ,    4591         ,
27 ,    4565 ,     q3 ,    3 ,     6994 ,     53748 ,    75786 ,    4669         ,
27 ,    4605 ,     q3 ,    3 ,     6984 ,     54210 ,    76311 ,    4860         ,
27 ,    4645 ,     q3 ,    3 ,     6500 ,     54218 ,    76155 ,    4770         ,
27 ,    4685 ,     q3 ,    3 ,     6986 ,     55926 ,    78891 ,    5105         ,
27 ,    4725 ,     q3 ,    3 ,     6440 ,     56238 ,    78825 ,    4763         ,
27 ,    4765 ,     q3 ,    3 ,     7096 ,     56752 ,    80034 ,    4878         ,
27 ,    4805 ,     q3 ,    3 ,     7104 ,     57479 ,    80259 ,    4864         ,
27 ,    4845 ,     q3 ,    3 ,     6514 ,     57222 ,    80943 ,    4888         ,
27 ,    4885 ,     q3 ,    3 ,     7246 ,     58715 ,    81759 ,    4964         ,
27 ,    4925 ,     q3 ,    3 ,     7376 ,     59142 ,    82833 ,    5227         ,
27 ,    4965 ,     q3 ,    3 ,     7268 ,     59481 ,    83010 ,    5223         ,
27 ,    5 ,     q3 ,    4 ,     8 ,     16 ,    15 ,    5         ,
27 ,    45 ,     q3 ,    4 ,     68 ,     243 ,    273 ,    38         ,
27 ,    85 ,     q3 ,    4 ,     126 ,     536 ,    630 ,    69         ,
27 ,    125 ,     q3 ,    4 ,     192 ,     892 ,    1020 ,    274         ,
27 ,    165 ,     q3 ,    4 ,     238 ,     1205 ,    1392 ,    141         ,
27 ,    205 ,     q3 ,    4 ,     276 ,     1536 ,    1839 ,    171         ,
27 ,    245 ,     q3 ,    4 ,     350 ,     1896 ,    2316 ,    207         ,
27 ,    285 ,     q3 ,    4 ,     410 ,     2360 ,    2709 ,    246         ,
27 ,    325 ,     q3 ,    4 ,     478 ,     2760 ,    3249 ,    284         ,
27 ,    365 ,     q3 ,    4 ,     568 ,     3155 ,    3732 ,    323         ,
27 ,    405 ,     q3 ,    4 ,     554 ,     3451 ,    4185 ,    345         ,
27 ,    445 ,     q3 ,    4 ,     586 ,     3950 ,    4680 ,    379         ,
27 ,    485 ,     q3 ,    4 ,     660 ,     4333 ,    5184 ,    416         ,
27 ,    525 ,     q3 ,    4 ,     738 ,     4715 ,    5727 ,    455         ,
27 ,    565 ,     q3 ,    4 ,     794 ,     5238 ,    6213 ,    504         ,
27 ,    605 ,     q3 ,    4 ,     934 ,     5564 ,    6891 ,    537         ,
27 ,    645 ,     q3 ,    4 ,     1038 ,     6037 ,    7398 ,    582         ,
27 ,    685 ,     q3 ,    4 ,     972 ,     6360 ,    7806 ,    738         ,
27 ,    725 ,     q3 ,    4 ,     1026 ,     6649 ,    8448 ,    640         ,
27 ,    765 ,     q3 ,    4 ,     1060 ,     7128 ,    8964 ,    688         ,
27 ,    805 ,     q3 ,    4 ,     1190 ,     7534 ,    9570 ,    731         ,
27 ,    845 ,     q3 ,    4 ,     1164 ,     7938 ,    10125 ,    758         ,
27 ,    885 ,     q3 ,    4 ,     1200 ,     8461 ,    10653 ,    801         ,
27 ,    925 ,     q3 ,    4 ,     1262 ,     8806 ,    11280 ,    835         ,
27 ,    965 ,     q3 ,    4 ,     1370 ,     9468 ,    11865 ,    1007         ,
27 ,    1005 ,     q3 ,    4 ,     1618 ,     9864 ,    12486 ,    948         ,
27 ,    1045 ,     q3 ,    4 ,     1540 ,     10230 ,    13095 ,    1131         ,
27 ,    1085 ,     q3 ,    4 ,     1694 ,     10828 ,    13866 ,    1016         ,
27 ,    1125 ,     q3 ,    4 ,     1716 ,     11389 ,    14190 ,    1186         ,
27 ,    1165 ,     q3 ,    4 ,     1802 ,     11440 ,    14832 ,    1099         ,
27 ,    1205 ,     q3 ,    4 ,     1782 ,     12167 ,    15441 ,    1132         ,
27 ,    1245 ,     q3 ,    4 ,     1740 ,     12461 ,    15912 ,    1142         ,
27 ,    1285 ,     q3 ,    4 ,     1998 ,     14080 ,    16536 ,    1225         ,
27 ,    1325 ,     q3 ,    4 ,     2028 ,     13281 ,    17304 ,    1250         ,
27 ,    1365 ,     q3 ,    4 ,     1896 ,     13930 ,    17604 ,    1290         ,
27 ,    1405 ,     q3 ,    4 ,     1970 ,     14479 ,    18339 ,    1337         ,
27 ,    1445 ,     q3 ,    4 ,     2030 ,     14918 ,    19023 ,    1381         ,
27 ,    1485 ,     q3 ,    4 ,     2266 ,     15366 ,    19578 ,    1440         ,
27 ,    1525 ,     q3 ,    4 ,     2230 ,     16369 ,    20079 ,    1451         ,
27 ,    1565 ,     q3 ,    4 ,     2168 ,     16439 ,    20745 ,    1498         ,
27 ,    1605 ,     q3 ,    4 ,     2156 ,     16564 ,    21378 ,    1537         ,
27 ,    1645 ,     q3 ,    4 ,     2304 ,     17752 ,    21963 ,    1583         ,
27 ,    1685 ,     q3 ,    4 ,     2426 ,     17580 ,    22833 ,    1779         ,
27 ,    1725 ,     q3 ,    4 ,     2640 ,     18960 ,    23343 ,    1691         ,
27 ,    1765 ,     q3 ,    4 ,     2720 ,     19438 ,    23823 ,    1715         ,
27 ,    1805 ,     q3 ,    4 ,     2650 ,     19180 ,    24513 ,    1759         ,
27 ,    1845 ,     q3 ,    4 ,     2594 ,     19562 ,    25203 ,    1794         ,
27 ,    1885 ,     q3 ,    4 ,     2768 ,     20233 ,    25842 ,    2033         ,
27 ,    1925 ,     q3 ,    4 ,     2878 ,     21010 ,    26580 ,    1890         ,
27 ,    1965 ,     q3 ,    4 ,     2566 ,     20831 ,    27057 ,    1884         ,
27 ,    2005 ,     q3 ,    4 ,     2508 ,     21230 ,    27372 ,    1916         ,
27 ,    2045 ,     q3 ,    4 ,     3262 ,     22176 ,    28374 ,    2045         ,
27 ,    2085 ,     q3 ,    4 ,     3140 ,     23219 ,    28977 ,    2053         ,
27 ,    2125 ,     q3 ,    4 ,     3206 ,     22950 ,    29706 ,    2113         ,
27 ,    2165 ,     q3 ,    4 ,     3580 ,     25237 ,    30357 ,    2161         ,
27 ,    2205 ,     q3 ,    4 ,     3106 ,     24105 ,    30873 ,    2172         ,
27 ,    2245 ,     q3 ,    4 ,     3434 ,     24825 ,    32001 ,    2242         ,
27 ,    2285 ,     q3 ,    4 ,     3122 ,     26528 ,    31551 ,    2221         ,
27 ,    2325 ,     q3 ,    4 ,     3338 ,     25344 ,    32775 ,    2282         ,
27 ,    2365 ,     q3 ,    4 ,     3610 ,     26119 ,    33642 ,    2302         ,
27 ,    2405 ,     q3 ,    4 ,     3710 ,     26644 ,    34323 ,    2347         ,
27 ,    2445 ,     q3 ,    4 ,     3992 ,     27069 ,    35190 ,    2406         ,
27 ,    2485 ,     q3 ,    4 ,     3432 ,     28405 ,    35196 ,    2388         ,
27 ,    2525 ,     q3 ,    4 ,     4024 ,     27835 ,    36570 ,    2505         ,
27 ,    2565 ,     q3 ,    4 ,     3730 ,     28987 ,    36552 ,    2484         ,
27 ,    2605 ,     q3 ,    4 ,     4126 ,     29165 ,    37725 ,    2729         ,
27 ,    2645 ,     q3 ,    4 ,     3768 ,     29331 ,    37992 ,    2614         ,
27 ,    2685 ,     q3 ,    4 ,     3866 ,     30537 ,    38706 ,    2618         ,
27 ,    2725 ,     q3 ,    4 ,     3802 ,     31357 ,    39054 ,    2661         ,
27 ,    2765 ,     q3 ,    4 ,     4276 ,     31942 ,    40059 ,    2732         ,
27 ,    2805 ,     q3 ,    4 ,     4336 ,     32853 ,    41049 ,    2781         ,
27 ,    2845 ,     q3 ,    4 ,     4028 ,     33846 ,    40911 ,    2760         ,
27 ,    2885 ,     q3 ,    4 ,     4210 ,     32305 ,    41961 ,    2841         ,
27 ,    2925 ,     q3 ,    4 ,     4638 ,     33756 ,    43146 ,    3061         ,
27 ,    2965 ,     q3 ,    4 ,     4470 ,     34579 ,    43437 ,    3108         ,
27 ,    3005 ,     q3 ,    4 ,     3856 ,     36850 ,    43131 ,    4912         ,
27 ,    3045 ,     q3 ,    4 ,     4216 ,     34817 ,    44667 ,    6274         ,
27 ,    3085 ,     q3 ,    4 ,     4572 ,     36077 ,    45198 ,    3098         ,
27 ,    3125 ,     q3 ,    4 ,     4206 ,     35711 ,    45807 ,    3058         ,
27 ,    3165 ,     q3 ,    4 ,     4758 ,     36087 ,    46872 ,    4667         ,
27 ,    3205 ,     q3 ,    4 ,     4548 ,     36895 ,    47358 ,    21594         ,
27 ,    3245 ,     q3 ,    4 ,     4592 ,     37768 ,    47598 ,    3209         ,
27 ,    3285 ,     q3 ,    4 ,     5018 ,     38324 ,    49050 ,    3308         ,
27 ,    3325 ,     q3 ,    4 ,     4970 ,     38658 ,    49536 ,    3243         ,
27 ,    3365 ,     q3 ,    4 ,     4494 ,     38201 ,    50037 ,    6875         ,
27 ,    3405 ,     q3 ,    4 ,     4528 ,     39390 ,    50082 ,    3288         ,
27 ,    3445 ,     q3 ,    4 ,     4504 ,     39632 ,    51321 ,    6243         ,
27 ,    3485 ,     q3 ,    4 ,     4738 ,     40412 ,    51828 ,    6974         ,
27 ,    3525 ,     q3 ,    4 ,     4422 ,     40532 ,    52335 ,    3465         ,
27 ,    3565 ,     q3 ,    4 ,     5146 ,     42562 ,    53151 ,    7203         ,
27 ,    3605 ,     q3 ,    4 ,     4572 ,     41963 ,    53448 ,    3454         ,
27 ,    3645 ,     q3 ,    4 ,     4776 ,     42283 ,    54471 ,    3510         ,
27 ,    3685 ,     q3 ,    4 ,     5854 ,     45205 ,    55818 ,    4013         ,
27 ,    3725 ,     q3 ,    4 ,     5436 ,     43603 ,    56583 ,    3795         ,
27 ,    3765 ,     q3 ,    4 ,     5294 ,     45371 ,    57078 ,    3689         ,
27 ,    3805 ,     q3 ,    4 ,     5916 ,     47240 ,    57474 ,    3930         ,
27 ,    3845 ,     q3 ,    4 ,     5114 ,     45815 ,    57960 ,    3716         ,
27 ,    3885 ,     q3 ,    4 ,     5616 ,     46434 ,    58779 ,    3847         ,
27 ,    3925 ,     q3 ,    4 ,     5440 ,     46913 ,    59475 ,    3807         ,
27 ,    3965 ,     q3 ,    4 ,     5492 ,     45951 ,    60705 ,    3951         ,
27 ,    4005 ,     q3 ,    4 ,     5336 ,     46466 ,    60831 ,    3895         ,
27 ,    4045 ,     q3 ,    4 ,     5636 ,     47302 ,    61851 ,    4120         ,
27 ,    4085 ,     q3 ,    4 ,     5772 ,     48160 ,    62547 ,    3991         ,
27 ,    4125 ,     q3 ,    4 ,     5948 ,     49956 ,    62637 ,    4310         ,
27 ,    4165 ,     q3 ,    4 ,     5710 ,     48578 ,    63888 ,    4091         ,
27 ,    4205 ,     q3 ,    4 ,     6152 ,     51100 ,    64719 ,    4159         ,
27 ,    4245 ,     q3 ,    4 ,     5810 ,     51865 ,    64863 ,    4164         ,
27 ,    4285 ,     q3 ,    4 ,     7002 ,     50877 ,    67158 ,    4682         ,
27 ,    4325 ,     q3 ,    4 ,     6360 ,     50973 ,    67224 ,    4692         ,
27 ,    4365 ,     q3 ,    4 ,     6584 ,     54219 ,    67515 ,    4479         ,
27 ,    4405 ,     q3 ,    4 ,     6440 ,     53617 ,    67689 ,    4498         ,
27 ,    4445 ,     q3 ,    4 ,     6424 ,     53239 ,    68814 ,    4657         ,
27 ,    4485 ,     q3 ,    4 ,     6480 ,     52881 ,    70143 ,    5976         ,
27 ,    4525 ,     q3 ,    4 ,     5788 ,     53418 ,    69780 ,    4739         ,
27 ,    4565 ,     q3 ,    4 ,     7142 ,     55046 ,    71874 ,    4935         ,
27 ,    4605 ,     q3 ,    4 ,     6634 ,     54994 ,    71664 ,    4918         ,
27 ,    4645 ,     q3 ,    4 ,     7142 ,     58101 ,    72879 ,    5031         ,
27 ,    4685 ,     q3 ,    4 ,     7770 ,     57850 ,    74295 ,    4912         ,
27 ,    4725 ,     q3 ,    4 ,     6670 ,     56775 ,    73767 ,    5003         ,
27 ,    4765 ,     q3 ,    4 ,     6988 ,     59697 ,    74112 ,    5065         ,
27 ,    4805 ,     q3 ,    4 ,     6968 ,     58829 ,    75006 ,    5080         ,
27 ,    4845 ,     q3 ,    4 ,     7326 ,     57854 ,    76332 ,    4996         ,
27 ,    4885 ,     q3 ,    4 ,     7264 ,     59415 ,    77046 ,    5158         ,
27 ,    4925 ,     q3 ,    4 ,     7510 ,     59789 ,    77619 ,    5247         ,
27 ,    4965 ,     q3 ,    4 ,     7152 ,     61822 ,    77583 ,    5606         ,


