Date and time: Tue Jun 18 16:07:20 2024

alg q

SEED ,  SIZE ,  ALG ,  TYPE ,  CALLS ,  CMP ,     MOVE ,    TIME              ,
TYPE0
27 ,    5 ,     q ,    0 ,     8 ,     16 ,    15 ,    7         ,
27 ,    45 ,     q ,    0 ,     78 ,     360 ,    204 ,    45         ,
27 ,    85 ,     q ,    0 ,     142 ,     714 ,    468 ,    85         ,
27 ,    125 ,     q ,    0 ,     218 ,     1139 ,    744 ,    134         ,
27 ,    165 ,     q ,    0 ,     278 ,     1471 ,    1053 ,    178         ,
27 ,    205 ,     q ,    0 ,     354 ,     2309 ,    1281 ,    348         ,
27 ,    245 ,     q ,    0 ,     416 ,     2663 ,    1605 ,    287         ,
27 ,    285 ,     q ,    0 ,     488 ,     2852 ,    1959 ,    328         ,
27 ,    325 ,     q ,    0 ,     576 ,     3345 ,    2301 ,    387         ,
27 ,    365 ,     q ,    0 ,     618 ,     3915 ,    2589 ,    437         ,
27 ,    405 ,     q ,    0 ,     688 ,     4631 ,    2970 ,    488         ,
27 ,    445 ,     q ,    0 ,     768 ,     4830 ,    3318 ,    543         ,
27 ,    485 ,     q ,    0 ,     850 ,     5571 ,    3606 ,    594         ,
27 ,    525 ,     q ,    0 ,     908 ,     5968 ,    3894 ,    606         ,
27 ,    565 ,     q ,    0 ,     952 ,     6422 ,    4284 ,    3051         ,
27 ,    605 ,     q ,    0 ,     1042 ,     6761 ,    4665 ,    708         ,
27 ,    645 ,     q ,    0 ,     1116 ,     8961 ,    4902 ,    7288         ,
27 ,    685 ,     q ,    0 ,     1168 ,     8122 ,    5289 ,    2880         ,
27 ,    725 ,     q ,    0 ,     1242 ,     9084 ,    5526 ,    874         ,
27 ,    765 ,     q ,    0 ,     1292 ,     9387 ,    5910 ,    920         ,
27 ,    805 ,     q ,    0 ,     1404 ,     10506 ,    6297 ,    994         ,
27 ,    845 ,     q ,    0 ,     1460 ,     10026 ,    6810 ,    1037         ,
27 ,    885 ,     q ,    0 ,     1534 ,     11414 ,    6999 ,    3031         ,
27 ,    925 ,     q ,    0 ,     1592 ,     11377 ,    7419 ,    2770         ,
27 ,    965 ,     q ,    0 ,     1670 ,     13024 ,    7830 ,    3252         ,
27 ,    1005 ,     q ,    0 ,     1740 ,     14544 ,    8013 ,    1267         ,
27 ,    1045 ,     q ,    0 ,     1768 ,     12678 ,    8565 ,    3309         ,
27 ,    1085 ,     q ,    0 ,     1838 ,     15164 ,    8700 ,    1345         ,
27 ,    1125 ,     q ,    0 ,     1920 ,     15571 ,    9024 ,    1404         ,
27 ,    1165 ,     q ,    0 ,     2022 ,     15188 ,    9591 ,    1446         ,
27 ,    1205 ,     q ,    0 ,     2072 ,     14767 ,    9912 ,    3712         ,
27 ,    1245 ,     q ,    0 ,     2164 ,     17631 ,    10089 ,    5496         ,
27 ,    1285 ,     q ,    0 ,     2208 ,     17447 ,    10530 ,    9099         ,
27 ,    1325 ,     q ,    0 ,     2298 ,     17872 ,    10998 ,    14520         ,
27 ,    1365 ,     q ,    0 ,     2348 ,     18792 ,    11412 ,    5798         ,
27 ,    1405 ,     q ,    0 ,     2416 ,     19149 ,    11841 ,    1806         ,
27 ,    1445 ,     q ,    0 ,     2482 ,     20585 ,    12258 ,    1863         ,
27 ,    1485 ,     q ,    0 ,     2608 ,     20311 ,    12567 ,    3618         ,
27 ,    1525 ,     q ,    0 ,     2608 ,     20551 ,    12930 ,    1961         ,
27 ,    1565 ,     q ,    0 ,     2704 ,     21956 ,    13266 ,    15623         ,
27 ,    1605 ,     q ,    0 ,     2764 ,     23311 ,    13737 ,    2201         ,
27 ,    1645 ,     q ,    0 ,     2838 ,     22752 ,    14241 ,    2149         ,
27 ,    1685 ,     q ,    0 ,     2928 ,     22103 ,    14691 ,    2183         ,
27 ,    1725 ,     q ,    0 ,     2972 ,     22842 ,    15054 ,    2276         ,
27 ,    1765 ,     q ,    0 ,     3032 ,     25866 ,    15102 ,    2366         ,
27 ,    1805 ,     q ,    0 ,     3158 ,     28731 ,    15195 ,    2417         ,
27 ,    1845 ,     q ,    0 ,     3206 ,     25581 ,    16113 ,    2428         ,
27 ,    1885 ,     q ,    0 ,     3240 ,     28322 ,    16245 ,    2521         ,
27 ,    1925 ,     q ,    0 ,     3344 ,     29148 ,    16329 ,    2544         ,
27 ,    1965 ,     q ,    0 ,     3438 ,     28102 ,    17076 ,    2602         ,
27 ,    2005 ,     q ,    0 ,     3474 ,     28593 ,    17613 ,    2684         ,
27 ,    2045 ,     q ,    0 ,     3496 ,     29348 ,    17970 ,    2745         ,
27 ,    2085 ,     q ,    0 ,     3602 ,     29842 ,    18246 ,    5249         ,
27 ,    2125 ,     q ,    0 ,     3686 ,     31956 ,    18540 ,    2846         ,
27 ,    2165 ,     q ,    0 ,     3722 ,     30065 ,    19224 ,    2992         ,
27 ,    2205 ,     q ,    0 ,     3768 ,     34271 ,    19407 ,    3014         ,
27 ,    2245 ,     q ,    0 ,     3910 ,     33591 ,    19773 ,    3048         ,
27 ,    2285 ,     q ,    0 ,     3920 ,     32273 ,    20442 ,    3189         ,
27 ,    2325 ,     q ,    0 ,     4022 ,     33728 ,    20814 ,    3173         ,
27 ,    2365 ,     q ,    0 ,     4086 ,     35699 ,    20760 ,    3237         ,
27 ,    2405 ,     q ,    0 ,     4158 ,     35076 ,    21603 ,    5055         ,
27 ,    2445 ,     q ,    0 ,     4192 ,     36518 ,    22188 ,    3477         ,
27 ,    2485 ,     q ,    0 ,     4258 ,     36174 ,    22356 ,    3350         ,
27 ,    2525 ,     q ,    0 ,     4352 ,     36974 ,    22587 ,    3369         ,
27 ,    2565 ,     q ,    0 ,     4436 ,     36711 ,    23286 ,    3479         ,
27 ,    2605 ,     q ,    0 ,     4456 ,     39520 ,    23055 ,    3519         ,
27 ,    2645 ,     q ,    0 ,     4578 ,     43547 ,    23331 ,    3718         ,
27 ,    2685 ,     q ,    0 ,     4644 ,     39078 ,    24519 ,    3689         ,
27 ,    2725 ,     q ,    0 ,     4746 ,     41436 ,    24759 ,    4082         ,
27 ,    2765 ,     q ,    0 ,     4810 ,     43991 ,    24783 ,    6447         ,
27 ,    2805 ,     q ,    0 ,     4814 ,     41253 ,    25710 ,    3916         ,
27 ,    2845 ,     q ,    0 ,     4890 ,     43196 ,    25875 ,    4413         ,
27 ,    2885 ,     q ,    0 ,     4998 ,     42464 ,    26541 ,    4111         ,
27 ,    2925 ,     q ,    0 ,     5048 ,     42665 ,    26907 ,    4246         ,
27 ,    2965 ,     q ,    0 ,     5068 ,     44775 ,    27108 ,    4173         ,
27 ,    3005 ,     q ,    0 ,     5174 ,     45199 ,    27735 ,    4420         ,
27 ,    3045 ,     q ,    0 ,     5222 ,     42779 ,    28455 ,    4292         ,
27 ,    3085 ,     q ,    0 ,     5296 ,     46720 ,    28416 ,    4427         ,
27 ,    3125 ,     q ,    0 ,     5438 ,     45556 ,    29088 ,    4602         ,
27 ,    3165 ,     q ,    0 ,     5488 ,     49300 ,    29382 ,    4624         ,
27 ,    3205 ,     q ,    0 ,     5518 ,     47156 ,    29709 ,    4668         ,
27 ,    3245 ,     q ,    0 ,     5564 ,     50409 ,    30249 ,    4713         ,
27 ,    3285 ,     q ,    0 ,     5652 ,     50541 ,    30408 ,    4855         ,
27 ,    3325 ,     q ,    0 ,     5770 ,     53406 ,    30750 ,    4780         ,
27 ,    3365 ,     q ,    0 ,     5792 ,     52768 ,    30957 ,    4882         ,
27 ,    3405 ,     q ,    0 ,     5852 ,     52854 ,    31527 ,    4934         ,
27 ,    3445 ,     q ,    0 ,     5960 ,     51873 ,    32313 ,    5069         ,
27 ,    3485 ,     q ,    0 ,     5992 ,     52991 ,    32511 ,    5163         ,
27 ,    3525 ,     q ,    0 ,     6084 ,     55320 ,    32598 ,    5323         ,
27 ,    3565 ,     q ,    0 ,     6148 ,     57090 ,    33054 ,    5272         ,
27 ,    3605 ,     q ,    0 ,     6228 ,     56165 ,    33708 ,    5448         ,
27 ,    3645 ,     q ,    0 ,     6200 ,     57524 ,    33915 ,    5402         ,
27 ,    3685 ,     q ,    0 ,     6346 ,     53437 ,    34920 ,    5611         ,
27 ,    3725 ,     q ,    0 ,     6392 ,     57687 ,    34362 ,    5428         ,
27 ,    3765 ,     q ,    0 ,     6438 ,     57500 ,    35214 ,    5790         ,
27 ,    3805 ,     q ,    0 ,     6570 ,     59738 ,    35550 ,    5681         ,
27 ,    3845 ,     q ,    0 ,     6632 ,     60926 ,    36201 ,    5807         ,
27 ,    3885 ,     q ,    0 ,     6652 ,     60526 ,    36693 ,    5772         ,
27 ,    3925 ,     q ,    0 ,     6740 ,     59405 ,    37119 ,    5793         ,
27 ,    3965 ,     q ,    0 ,     6848 ,     67268 ,    36906 ,    6226         ,
TYPE1
27 ,    5 ,     q ,    1 ,     6 ,     12 ,    9 ,    3         ,
27 ,    45 ,     q ,    1 ,     58 ,     226 ,    87 ,    20         ,
27 ,    85 ,     q ,    1 ,     106 ,     496 ,    159 ,    30         ,
27 ,    125 ,     q ,    1 ,     126 ,     756 ,    189 ,    42         ,
27 ,    165 ,     q ,    1 ,     202 ,     1110 ,    303 ,    62         ,
27 ,    205 ,     q ,    1 ,     254 ,     1442 ,    381 ,    78         ,
27 ,    245 ,     q ,    1 ,     254 ,     1722 ,    381 ,    84         ,
27 ,    285 ,     q ,    1 ,     314 ,     2092 ,    471 ,    107         ,
27 ,    325 ,     q ,    1 ,     394 ,     2492 ,    591 ,    125         ,
27 ,    365 ,     q ,    1 ,     474 ,     2892 ,    711 ,    146         ,
27 ,    405 ,     q ,    1 ,     510 ,     3248 ,    765 ,    162         ,
27 ,    445 ,     q ,    1 ,     510 ,     3568 ,    765 ,    171         ,
27 ,    485 ,     q ,    1 ,     510 ,     3888 ,    765 ,    181         ,
27 ,    525 ,     q ,    1 ,     538 ,     4250 ,    807 ,    198         ,
27 ,    565 ,     q ,    1 ,     618 ,     4690 ,    927 ,    215         ,
27 ,    605 ,     q ,    1 ,     698 ,     5130 ,    1047 ,    238         ,
27 ,    645 ,     q ,    1 ,     778 ,     5570 ,    1167 ,    260         ,
27 ,    685 ,     q ,    1 ,     858 ,     6010 ,    1287 ,    280         ,
27 ,    725 ,     q ,    1 ,     938 ,     6450 ,    1407 ,    301         ,
27 ,    765 ,     q ,    1 ,     1018 ,     6890 ,    1527 ,    320         ,
27 ,    805 ,     q ,    1 ,     1022 ,     7254 ,    1533 ,    333         ,
27 ,    845 ,     q ,    1 ,     1022 ,     7614 ,    1533 ,    345         ,
27 ,    885 ,     q ,    1 ,     1022 ,     7974 ,    1533 ,    354         ,
27 ,    925 ,     q ,    1 ,     1022 ,     8334 ,    1533 ,    369         ,
27 ,    965 ,     q ,    1 ,     1022 ,     8694 ,    1533 ,    377         ,
27 ,    1005 ,     q ,    1 ,     1022 ,     9054 ,    1533 ,    489         ,
27 ,    1045 ,     q ,    1 ,     1066 ,     9480 ,    1599 ,    453         ,
27 ,    1085 ,     q ,    1 ,     1146 ,     9960 ,    1719 ,    427         ,
27 ,    1125 ,     q ,    1 ,     1226 ,     10440 ,    1839 ,    448         ,
27 ,    1165 ,     q ,    1 ,     1306 ,     10920 ,    1959 ,    470         ,
27 ,    1205 ,     q ,    1 ,     1386 ,     11400 ,    2079 ,    498         ,
27 ,    1245 ,     q ,    1 ,     1466 ,     11880 ,    2199 ,    516         ,
27 ,    1285 ,     q ,    1 ,     1546 ,     12360 ,    2319 ,    540         ,
27 ,    1325 ,     q ,    1 ,     1626 ,     12840 ,    2439 ,    573         ,
27 ,    1365 ,     q ,    1 ,     1706 ,     13320 ,    2559 ,    2490         ,
27 ,    1405 ,     q ,    1 ,     1786 ,     13800 ,    2679 ,    609         ,
27 ,    1445 ,     q ,    1 ,     1866 ,     14280 ,    2799 ,    635         ,
27 ,    1485 ,     q ,    1 ,     1946 ,     14760 ,    2919 ,    760         ,
27 ,    1525 ,     q ,    1 ,     2026 ,     15240 ,    3039 ,    680         ,
27 ,    1565 ,     q ,    1 ,     2046 ,     15660 ,    3069 ,    696         ,
27 ,    1605 ,     q ,    1 ,     2046 ,     16060 ,    3069 ,    710         ,
27 ,    1645 ,     q ,    1 ,     2046 ,     16460 ,    3069 ,    721         ,
27 ,    1685 ,     q ,    1 ,     2046 ,     16860 ,    3069 ,    728         ,
27 ,    1725 ,     q ,    1 ,     2046 ,     17260 ,    3069 ,    737         ,
27 ,    1765 ,     q ,    1 ,     2046 ,     17660 ,    3069 ,    903         ,
27 ,    1805 ,     q ,    1 ,     2046 ,     18060 ,    3069 ,    787         ,
27 ,    1845 ,     q ,    1 ,     2046 ,     18460 ,    3069 ,    803         ,
27 ,    1885 ,     q ,    1 ,     2046 ,     18860 ,    3069 ,    821         ,
27 ,    1925 ,     q ,    1 ,     2046 ,     19260 ,    3069 ,    926         ,
27 ,    1965 ,     q ,    1 ,     2046 ,     19660 ,    3069 ,    833         ,
27 ,    2005 ,     q ,    1 ,     2046 ,     20060 ,    3069 ,    849         ,
27 ,    2045 ,     q ,    1 ,     2046 ,     20460 ,    3069 ,    865         ,
27 ,    2085 ,     q ,    1 ,     2122 ,     20974 ,    3183 ,    893         ,
27 ,    2125 ,     q ,    1 ,     2202 ,     21494 ,    3303 ,    918         ,
27 ,    2165 ,     q ,    1 ,     2282 ,     22014 ,    3423 ,    938         ,
27 ,    2205 ,     q ,    1 ,     2362 ,     22534 ,    3543 ,    960         ,
27 ,    2245 ,     q ,    1 ,     2442 ,     23054 ,    3663 ,    982         ,
27 ,    2285 ,     q ,    1 ,     2522 ,     23574 ,    3783 ,    1201         ,
27 ,    2325 ,     q ,    1 ,     2602 ,     24094 ,    3903 ,    2666         ,
27 ,    2365 ,     q ,    1 ,     2682 ,     24614 ,    4023 ,    1067         ,
27 ,    2405 ,     q ,    1 ,     2762 ,     25134 ,    4143 ,    1091         ,
27 ,    2445 ,     q ,    1 ,     2842 ,     25654 ,    4263 ,    1110         ,
27 ,    2485 ,     q ,    1 ,     2922 ,     26174 ,    4383 ,    1138         ,
27 ,    2525 ,     q ,    1 ,     3002 ,     26694 ,    4503 ,    3024         ,
27 ,    2565 ,     q ,    1 ,     3082 ,     27214 ,    4623 ,    1189         ,
27 ,    2605 ,     q ,    1 ,     3162 ,     27734 ,    4743 ,    1220         ,
27 ,    2645 ,     q ,    1 ,     3242 ,     28254 ,    4863 ,    1252         ,
27 ,    2685 ,     q ,    1 ,     3322 ,     28774 ,    4983 ,    1272         ,
27 ,    2725 ,     q ,    1 ,     3402 ,     29294 ,    5103 ,    1302         ,
27 ,    2765 ,     q ,    1 ,     3482 ,     29814 ,    5223 ,    1313         ,
27 ,    2805 ,     q ,    1 ,     3562 ,     30334 ,    5343 ,    1333         ,
27 ,    2845 ,     q ,    1 ,     3642 ,     30854 ,    5463 ,    1366         ,
27 ,    2885 ,     q ,    1 ,     3722 ,     31374 ,    5583 ,    1395         ,
27 ,    2925 ,     q ,    1 ,     3802 ,     31894 ,    5703 ,    1533         ,
27 ,    2965 ,     q ,    1 ,     3882 ,     32414 ,    5823 ,    1445         ,
27 ,    3005 ,     q ,    1 ,     3962 ,     32934 ,    5943 ,    1476         ,
27 ,    3045 ,     q ,    1 ,     4042 ,     33454 ,    6063 ,    1498         ,
27 ,    3085 ,     q ,    1 ,     4094 ,     33946 ,    6141 ,    1576         ,
27 ,    3125 ,     q ,    1 ,     4094 ,     34386 ,    6141 ,    1581         ,
27 ,    3165 ,     q ,    1 ,     4094 ,     34826 ,    6141 ,    1480         ,
27 ,    3205 ,     q ,    1 ,     4094 ,     35266 ,    6141 ,    1480         ,
27 ,    3245 ,     q ,    1 ,     4094 ,     35706 ,    6141 ,    1486         ,
27 ,    3285 ,     q ,    1 ,     4094 ,     36146 ,    6141 ,    1697         ,
27 ,    3325 ,     q ,    1 ,     4094 ,     36586 ,    6141 ,    1698         ,
27 ,    3365 ,     q ,    1 ,     4094 ,     37026 ,    6141 ,    3500         ,
27 ,    3405 ,     q ,    1 ,     4094 ,     37466 ,    6141 ,    1617         ,
27 ,    3445 ,     q ,    1 ,     4094 ,     37906 ,    6141 ,    1624         ,
27 ,    3485 ,     q ,    1 ,     4094 ,     38346 ,    6141 ,    1647         ,
27 ,    3525 ,     q ,    1 ,     4094 ,     38786 ,    6141 ,    1662         ,
27 ,    3565 ,     q ,    1 ,     4094 ,     39226 ,    6141 ,    1659         ,
27 ,    3605 ,     q ,    1 ,     4094 ,     39666 ,    6141 ,    1678         ,
27 ,    3645 ,     q ,    1 ,     4094 ,     40106 ,    6141 ,    1805         ,
27 ,    3685 ,     q ,    1 ,     4094 ,     40546 ,    6141 ,    1714         ,
27 ,    3725 ,     q ,    1 ,     4094 ,     40986 ,    6141 ,    1736         ,
27 ,    3765 ,     q ,    1 ,     4094 ,     41426 ,    6141 ,    1742         ,
27 ,    3805 ,     q ,    1 ,     4094 ,     41866 ,    6141 ,    1749         ,
27 ,    3845 ,     q ,    1 ,     4094 ,     42306 ,    6141 ,    1866         ,
27 ,    3885 ,     q ,    1 ,     4094 ,     42746 ,    6141 ,    1776         ,
27 ,    3925 ,     q ,    1 ,     4094 ,     43186 ,    6141 ,    1794         ,
27 ,    3965 ,     q ,    1 ,     4094 ,     43626 ,    6141 ,    1793         ,
TYPE2
27 ,    5 ,     q ,    2 ,     6 ,     12 ,    15 ,    2         ,
27 ,    45 ,     q ,    2 ,     58 ,     226 ,    153 ,    17         ,
27 ,    85 ,     q ,    2 ,     106 ,     496 ,    285 ,    33         ,
27 ,    125 ,     q ,    2 ,     126 ,     756 ,    375 ,    44         ,
27 ,    165 ,     q ,    2 ,     202 ,     1110 ,    549 ,    65         ,
27 ,    205 ,     q ,    2 ,     254 ,     1442 ,    687 ,    83         ,
27 ,    245 ,     q ,    2 ,     254 ,     1722 ,    747 ,    93         ,
27 ,    285 ,     q ,    2 ,     314 ,     2092 ,    897 ,    113         ,
27 ,    325 ,     q ,    2 ,     394 ,     2492 ,    1077 ,    137         ,
27 ,    365 ,     q ,    2 ,     474 ,     2892 ,    1257 ,    157         ,
27 ,    405 ,     q ,    2 ,     510 ,     3248 ,    1371 ,    174         ,
27 ,    445 ,     q ,    2 ,     510 ,     3568 ,    1431 ,    185         ,
27 ,    485 ,     q ,    2 ,     510 ,     3888 ,    1491 ,    420         ,
27 ,    525 ,     q ,    2 ,     538 ,     4250 ,    1593 ,    216         ,
27 ,    565 ,     q ,    2 ,     618 ,     4690 ,    1773 ,    237         ,
27 ,    605 ,     q ,    2 ,     698 ,     5130 ,    1953 ,    261         ,
27 ,    645 ,     q ,    2 ,     778 ,     5570 ,    2133 ,    286         ,
27 ,    685 ,     q ,    2 ,     858 ,     6010 ,    2313 ,    311         ,
27 ,    725 ,     q ,    2 ,     938 ,     6450 ,    2493 ,    335         ,
27 ,    765 ,     q ,    2 ,     1018 ,     6890 ,    2673 ,    358         ,
27 ,    805 ,     q ,    2 ,     1022 ,     7254 ,    2739 ,    373         ,
27 ,    845 ,     q ,    2 ,     1022 ,     7614 ,    2799 ,    380         ,
27 ,    885 ,     q ,    2 ,     1022 ,     7974 ,    2859 ,    397         ,
27 ,    925 ,     q ,    2 ,     1022 ,     8334 ,    2919 ,    407         ,
27 ,    965 ,     q ,    2 ,     1022 ,     8694 ,    2979 ,    417         ,
27 ,    1005 ,     q ,    2 ,     1022 ,     9054 ,    3039 ,    430         ,
27 ,    1045 ,     q ,    2 ,     1066 ,     9480 ,    3165 ,    454         ,
27 ,    1085 ,     q ,    2 ,     1146 ,     9960 ,    3345 ,    472         ,
27 ,    1125 ,     q ,    2 ,     1226 ,     10440 ,    3525 ,    609         ,
27 ,    1165 ,     q ,    2 ,     1306 ,     10920 ,    3705 ,    529         ,
27 ,    1205 ,     q ,    2 ,     1386 ,     11400 ,    3885 ,    556         ,
27 ,    1245 ,     q ,    2 ,     1466 ,     11880 ,    4065 ,    575         ,
27 ,    1285 ,     q ,    2 ,     1546 ,     12360 ,    4245 ,    604         ,
27 ,    1325 ,     q ,    2 ,     1626 ,     12840 ,    4425 ,    632         ,
27 ,    1365 ,     q ,    2 ,     1706 ,     13320 ,    4605 ,    654         ,
27 ,    1405 ,     q ,    2 ,     1786 ,     13800 ,    4785 ,    679         ,
27 ,    1445 ,     q ,    2 ,     1866 ,     14280 ,    4965 ,    704         ,
27 ,    1485 ,     q ,    2 ,     1946 ,     14760 ,    5145 ,    723         ,
27 ,    1525 ,     q ,    2 ,     2026 ,     15240 ,    5325 ,    749         ,
27 ,    1565 ,     q ,    2 ,     2046 ,     15660 ,    5415 ,    769         ,
27 ,    1605 ,     q ,    2 ,     2046 ,     16060 ,    5475 ,    885         ,
27 ,    1645 ,     q ,    2 ,     2046 ,     16460 ,    5535 ,    797         ,
27 ,    1685 ,     q ,    2 ,     2046 ,     16860 ,    5595 ,    805         ,
27 ,    1725 ,     q ,    2 ,     2046 ,     17260 ,    5655 ,    819         ,
27 ,    1765 ,     q ,    2 ,     2046 ,     17660 ,    5715 ,    836         ,
27 ,    1805 ,     q ,    2 ,     2046 ,     18060 ,    5775 ,    854         ,
27 ,    1845 ,     q ,    2 ,     2046 ,     18460 ,    5835 ,    867         ,
27 ,    1885 ,     q ,    2 ,     2046 ,     18860 ,    5895 ,    878         ,
27 ,    1925 ,     q ,    2 ,     2046 ,     19260 ,    5955 ,    884         ,
27 ,    1965 ,     q ,    2 ,     2046 ,     19660 ,    6015 ,    900         ,
27 ,    2005 ,     q ,    2 ,     2046 ,     20060 ,    6075 ,    1138         ,
27 ,    2045 ,     q ,    2 ,     2046 ,     20460 ,    6135 ,    929         ,
27 ,    2085 ,     q ,    2 ,     2122 ,     20974 ,    6309 ,    966         ,
27 ,    2125 ,     q ,    2 ,     2202 ,     21494 ,    6489 ,    989         ,
27 ,    2165 ,     q ,    2 ,     2282 ,     22014 ,    6669 ,    1011         ,
27 ,    2205 ,     q ,    2 ,     2362 ,     22534 ,    6849 ,    1037         ,
27 ,    2245 ,     q ,    2 ,     2442 ,     23054 ,    7029 ,    1064         ,
27 ,    2285 ,     q ,    2 ,     2522 ,     23574 ,    7209 ,    1086         ,
27 ,    2325 ,     q ,    2 ,     2602 ,     24094 ,    7389 ,    1116         ,
27 ,    2365 ,     q ,    2 ,     2682 ,     24614 ,    7569 ,    1154         ,
27 ,    2405 ,     q ,    2 ,     2762 ,     25134 ,    7749 ,    3075         ,
27 ,    2445 ,     q ,    2 ,     2842 ,     25654 ,    7929 ,    1195         ,
27 ,    2485 ,     q ,    2 ,     2922 ,     26174 ,    8109 ,    1505         ,
27 ,    2525 ,     q ,    2 ,     3002 ,     26694 ,    8289 ,    1184         ,
27 ,    2565 ,     q ,    2 ,     3082 ,     27214 ,    8469 ,    1211         ,
27 ,    2605 ,     q ,    2 ,     3162 ,     27734 ,    8649 ,    1239         ,
27 ,    2645 ,     q ,    2 ,     3242 ,     28254 ,    8829 ,    1269         ,
27 ,    2685 ,     q ,    2 ,     3322 ,     28774 ,    9009 ,    1285         ,
27 ,    2725 ,     q ,    2 ,     3402 ,     29294 ,    9189 ,    1593         ,
27 ,    2765 ,     q ,    2 ,     3482 ,     29814 ,    9369 ,    1383         ,
27 ,    2805 ,     q ,    2 ,     3562 ,     30334 ,    9549 ,    1392         ,
27 ,    2845 ,     q ,    2 ,     3642 ,     30854 ,    9729 ,    1419         ,
27 ,    2885 ,     q ,    2 ,     3722 ,     31374 ,    9909 ,    1451         ,
27 ,    2925 ,     q ,    2 ,     3802 ,     31894 ,    10089 ,    1747         ,
27 ,    2965 ,     q ,    2 ,     3882 ,     32414 ,    10269 ,    1540         ,
27 ,    3005 ,     q ,    2 ,     3962 ,     32934 ,    10449 ,    1564         ,
27 ,    3045 ,     q ,    2 ,     4042 ,     33454 ,    10629 ,    1592         ,
27 ,    3085 ,     q ,    2 ,     4094 ,     33946 ,    10767 ,    1613         ,
27 ,    3125 ,     q ,    2 ,     4094 ,     34386 ,    10827 ,    1749         ,
27 ,    3165 ,     q ,    2 ,     4094 ,     34826 ,    10887 ,    3541         ,
27 ,    3205 ,     q ,    2 ,     4094 ,     35266 ,    10947 ,    1669         ,
27 ,    3245 ,     q ,    2 ,     4094 ,     35706 ,    11007 ,    1783         ,
27 ,    3285 ,     q ,    2 ,     4094 ,     36146 ,    11067 ,    1684         ,
27 ,    3325 ,     q ,    2 ,     4094 ,     36586 ,    11127 ,    1689         ,
27 ,    3365 ,     q ,    2 ,     4094 ,     37026 ,    11187 ,    1719         ,
27 ,    3405 ,     q ,    2 ,     4094 ,     37466 ,    11247 ,    1844         ,
27 ,    3445 ,     q ,    2 ,     4094 ,     37906 ,    11307 ,    1735         ,
27 ,    3485 ,     q ,    2 ,     4094 ,     38346 ,    11367 ,    1759         ,
27 ,    3525 ,     q ,    2 ,     4094 ,     38786 ,    11427 ,    1775         ,
27 ,    3565 ,     q ,    2 ,     4094 ,     39226 ,    11487 ,    2027         ,
27 ,    3605 ,     q ,    2 ,     4094 ,     39666 ,    11547 ,    1714         ,
27 ,    3645 ,     q ,    2 ,     4094 ,     40106 ,    11607 ,    1737         ,
27 ,    3685 ,     q ,    2 ,     4094 ,     40546 ,    11667 ,    1754         ,
27 ,    3725 ,     q ,    2 ,     4094 ,     40986 ,    11727 ,    2016         ,
27 ,    3765 ,     q ,    2 ,     4094 ,     41426 ,    11787 ,    1829         ,
27 ,    3805 ,     q ,    2 ,     4094 ,     41866 ,    11847 ,    1835         ,
27 ,    3845 ,     q ,    2 ,     4094 ,     42306 ,    11907 ,    1838         ,
27 ,    3885 ,     q ,    2 ,     4094 ,     42746 ,    11967 ,    1865         ,
27 ,    3925 ,     q ,    2 ,     4094 ,     43186 ,    12027 ,    1874         ,
27 ,    3965 ,     q ,    2 ,     4094 ,     43626 ,    12087 ,    1982         ,


